Buriganga/data/geodata/HIWA.tif
NCOLS 712
NROWS 501
XLLCORNER 90.275337
YLLCORNER 23.674959
DX 0.00027163359
DY 0.00027191018
NODATA_VALUE -9999
[rows 312 to 337 of 501, columns 480 to 539 of 712]
23.713834 23.71378 23.713726 23.713672 23.713618 23.713565 23.713511 23.713458 23.713406 23.713353 23.713301 23.71325 23.713199 23.713148 23.713098 23.713048 23.712999 23.712951 23.712903 23.712856 23.712809 23.712763 23.712718 23.712674 23.712631 23.712588 23.712546 23.712505 23.712464 23.712425 23.712386 23.712349 23.712312 23.712276 23.712241 23.712207 23.712173 23.712141 23.71211 23.712079 23.71205 23.712021 23.711993 23.711966 23.71194 23.711915 23.711891 23.711868 23.711846 23.711825 23.711804 23.711785 23.711766 23.711748 23.711731 23.711715 23.7117 23.711685 23.711672 23.711659
23.713686 23.713631 23.713577 23.713523 23.713469 23.713415 23.713362 23.713309 23.713256 23.713203 23.713151 23.713099 23.713048 23.712997 23.712947 23.712897 23.712848 23.712799 23.712751 23.712704 23.712657 23.712611 23.712566 23.712521 23.712478 23.712435 23.712393 23.712352 23.712311 23.712272 23.712233 23.712195 23.712159 23.712123 23.712088 23.712053 23.71202 23.711988 23.711957 23.711926 23.711897 23.711868 23.711841 23.711814 23.711788 23.711764 23.71174 23.711717 23.711695 23.711674 23.711653 23.711634 23.711616 23.711598 23.711581 23.711566 23.711551 23.711536 23.711523 23.711511
23.713538 23.713484 23.713429 23.713375 23.713321 23.713267 23.713213 23.71316 23.713107 23.713054 23.713002 23.71295 23.712898 23.712847 23.712796 23.712746 23.712697 23.712648 23.7126 23.712552 23.712505 23.712459 23.712414 23.712369 23.712325 23.712282 23.71224 23.712199 23.712159 23.712119 23.71208 23.712043 23.712006 23.71197 23.711935 23.711901 23.711868 23.711835 23.711804 23.711774 23.711745 23.711716 23.711689 23.711662 23.711637 23.711612 23.711588 23.711566 23.711544 23.711523 23.711503 23.711484 23.711466 23.711448 23.711432 23.711416 23.711402 23.711388 23.711375 23.711363
23.713392 23.713337 23.713283 23.713228 23.713174 23.71312 23.713066 23.713012 23.712959 23.712906 23.712853 23.7128 23.712749 23.712697 23.712646 23.712596 23.712546 23.712497 23.712449 23.712401 23.712354 23.712308 23.712262 23.712217 23.712173 23.71213 23.712088 23.712047 23.712006 23.711966 23.711928 23.71189 23.711853 23.711817 23.711782 23.711748 23.711715 23.711683 23.711652 23.711622 23.711592 23.711564 23.711537 23.711511 23.711485 23.711461 23.711437 23.711415 23.711393 23.711372 23.711353 23.711334 23.711316 23.711299 23.711283 23.711267 23.711253 23.711239 23.711227 23.711215
23.713247 23.713192 23.713137 23.713082 23.713028 23.712973 23.712919 23.712865 23.712811 23.712758 23.712705 23.712652 23.7126 23.712548 23.712497 23.712447 23.712397 23.712347 23.712299 23.712251 23.712203 23.712157 23.712111 23.712066 23.712022 23.711979 23.711936 23.711895 23.711854 23.711814 23.711776 23.711738 23.711701 23.711665 23.71163 23.711596 23.711563 23.711531 23.7115 23.71147 23.711441 23.711413 23.711385 23.711359 23.711334 23.71131 23.711286 23.711264 23.711243 23.711222 23.711203 23.711184 23.711166 23.71115 23.711134 23.711119 23.711104 23.711091 23.711079 23.711067
23.713103 23.713048 23.712992 23.712937 23.712882 23.712828 23.712773 23.712719 23.712665 23.712611 23.712557 23.712505 23.712452 23.7124 23.712349 23.712298 23.712247 23.712198 23.712149 23.7121 23.712053 23.712006 23.71196 23.711915 23.711871 23.711827 23.711785 23.711743 23.711702 23.711663 23.711624 23.711586 23.711549 23.711513 23.711478 23.711444 23.711411 23.711379 23.711348 23.711318 23.711289 23.711261 23.711234 23.711208 23.711183 23.711159 23.711136 23.711114 23.711093 23.711072 23.711053 23.711035 23.711017 23.711001 23.710985 23.71097 23.710956 23.710943 23.710931 23.71092
23.71296 23.712904 23.712849 23.712793 23.712738 23.712683 23.712628 23.712573 23.712519 23.712465 23.712411 23.712358 23.712305 23.712252 23.7122 23.712149 23.712099 23.712049 23.711999 23.711951 23.711903 23.711856 23.71181 23.711764 23.71172 23.711676 23.711634 23.711592 23.711551 23.711511 23.711472 23.711434 23.711397 23.711361 23.711326 23.711292 23.71126 23.711228 23.711197 23.711167 23.711138 23.71111 23.711083 23.711057 23.711032 23.711009 23.710986 23.710964 23.710943 23.710923 23.710904 23.710885 23.710868 23.710852 23.710836 23.710822 23.710808 23.710796 23.710784 23.710773
23.712818 23.712762 23.712706 23.71265 23.712595 23.712539 23.712484 23.712429 23.712374 23.712319 23.712265 23.712211 23.712158 23.712105 23.712053 23.712001 23.71195 23.7119 23.71185 23.711802 23.711754 23.711706 23.71166 23.711614 23.71157 23.711526 23.711483 23.711441 23.7114 23.71136 23.711321 23.711283 23.711246 23.71121 23.711175 23.711141 23.711108 23.711076 23.711046 23.711016 23.710987 23.710959 23.710932 23.710907 23.710882 23.710858 23.710836 23.710814 23.710793 23.710773 23.710754 23.710737 23.71072 23.710704 23.710688 23.710674 23.710661 23.710648 23.710637 23.710626
23.712677 23.712621 23.712564 23.712508 23.712452 23.712396 23.71234 23.712285 23.712229 23.712174 23.71212 23.712066 23.712012 23.711959 23.711906 23.711854 23.711803 23.711752 23.711702 23.711653 23.711605 23.711557 23.71151 23.711464 23.711419 23.711375 23.711332 23.71129 23.711249 23.711209 23.71117 23.711132 23.711095 23.711059 23.711024 23.71099 23.710957 23.710925 23.710895 23.710865 23.710836 23.710809 23.710782 23.710757 23.710732 23.710708 23.710686 23.710664 23.710644 23.710624 23.710606 23.710588 23.710571 23.710555 23.710541 23.710527 23.710514 23.710501 23.71049 23.71048
23.712537 23.71248 23.712424 23.712367 23.712311 23.712254 23.712198 23.712142 23.712086 23.71203 23.711975 23.711921 23.711867 23.711813 23.71176 23.711707 23.711656 23.711605 23.711554 23.711505 23.711456 23.711408 23.711361 23.711315 23.71127 23.711226 23.711182 23.71114 23.711099 23.711059 23.711019 23.710981 23.710944 23.710908 23.710873 23.710839 23.710807 23.710775 23.710744 23.710715 23.710686 23.710658 23.710632 23.710607 23.710582 23.710559 23.710537 23.710515 23.710495 23.710475 23.710457 23.71044 23.710423 23.710408 23.710393 23.710379 23.710367 23.710355 23.710344 23.710334
23.712398 23.712341 23.712284 23.712227 23.71217 23.712113 23.712056 23.712 23.711943 23.711887 23.711832 23.711776 23.711722 23.711668 23.711614 23.711561 23.711509 23.711458 23.711407 23.711357 23.711308 23.71126 23.711212 23.711166 23.711121 23.711076 23.711033 23.71099 23.710949 23.710908 23.710869 23.710831 23.710794 23.710758 23.710723 23.710689 23.710656 23.710625 23.710594 23.710564 23.710536 23.710509 23.710482 23.710457 23.710433 23.71041 23.710387 23.710366 23.710346 23.710327 23.710309 23.710292 23.710276 23.71026 23.710246 23.710233 23.71022 23.710208 23.710198 23.710188
23.712261 23.712203 23.712146 23.712088 23.71203 23.711973 23.711915 23.711858 23.711801 23.711745 23.711689 23.711633 23.711578 23.711523 23.711469 23.711416 23.711363 23.711311 23.71126 23.71121 23.71116 23.711112 23.711064 23.711017 23.710972 23.710927 23.710883 23.710841 23.710799 23.710759 23.710719 23.710681 23.710644 23.710608 23.710573 23.710539 23.710506 23.710475 23.710444 23.710415 23.710386 23.710359 23.710333 23.710308 23.710284 23.710261 23.710239 23.710218 23.710198 23.710179 23.710161 23.710144 23.710128 23.710113 23.710099 23.710086 23.710074 23.710062 23.710052 23.710042
23.712125 23.712066 23.712008 23.71195 23.711892 23.711833 23.711775 23.711718 23.71166 23.711603 23.711546 23.71149 23.711434 23.711379 23.711324 23.71127 23.711217 23.711165 23.711113 23.711063 23.711013 23.710964 23.710916 23.710869 23.710823 23.710778 23.710734 23.710691 23.71065 23.710609 23.71057 23.710531 23.710494 23.710458 23.710423 23.710389 23.710356 23.710325 23.710294 23.710265 23.710237 23.71021 23.710184 23.710159 23.710135 23.710112 23.71009 23.71007 23.71005 23.710031 23.710014 23.709997 23.709981 23.709966 23.709953 23.70994 23.709928 23.709917 23.709907 23.709897
23.711989 23.711931 23.711872 23.711813 23.711754 23.711695 23.711636 23.711578 23.71152 23.711462 23.711404 23.711348 23.711291 23.711235 23.71118 23.711126 23.711072 23.711019 23.710967 23.710916 23.710866 23.710817 23.710768 23.710721 23.710675 23.71063 23.710585 23.710542 23.710501 23.71046 23.71042 23.710382 23.710345 23.710308 23.710273 23.71024 23.710207 23.710175 23.710145 23.710116 23.710088 23.710061 23.710035 23.71001 23.709986 23.709964 23.709942 23.709922 23.709902 23.709884 23.709867 23.70985 23.709835 23.70982 23.709807 23.709794 23.709782 23.709771 23.709762 23.709753
23.711855 23.711796 23.711736 23.711676 23.711617 23.711557 23.711498 23.711439 23.71138 23.711321 23.711263 23.711206 23.711149 23.711092 23.711037 23.710982 23.710927 23.710874 23.710822 23.71077 23.710719 23.71067 23.710621 23.710573 23.710527 23.710481 23.710437 23.710394 23.710352 23.710311 23.710271 23.710233 23.710195 23.710159 23.710124 23.71009 23.710058 23.710026 23.709996 23.709967 23.709939 23.709912 23.709886 23.709862 23.709838 23.709816 23.709795 23.709774 23.709755 23.709737 23.70972 23.709704 23.709688 23.709674 23.709661 23.709649 23.709637 23.709627 23.709617 23.709608
23.711722 23.711662 23.711602 23.711541 23.711481 23.711421 23.71136 23.7113 23.711241 23.711182 23.711123 23.711065 23.711007 23.71095 23.710894 23.710838 23.710783 23.710729 23.710676 23.710624 23.710573 23.710523 23.710474 23.710426 23.710379 23.710333 23.710289 23.710246 23.710203 23.710162 23.710122 23.710084 23.710046 23.71001 23.709975 23.709942 23.709909 23.709878 23.709847 23.709818 23.709791 23.709764 23.709738 23.709714 23.709691 23.709668 23.709647 23.709627 23.709608 23.70959 23.709573 23.709558 23.709543 23.709529 23.709516 23.709504 23.709492 23.709482 23.709473 23.709464
23.71159 23.711529 23.711468 23.711407 23.711346 23.711285 23.711224 23.711163 23.711103 23.711043 23.710983 23.710924 23.710866 23.710808 23.710751 23.710695 23.710639 23.710585 23.710531 23.710479 23.710427 23.710377 23.710327 23.710279 23.710232 23.710186 23.710141 23.710098 23.710055 23.710014 23.709974 23.709935 23.709898 23.709862 23.709827 23.709793 23.70976 23.709729 23.709699 23.70967 23.709642 23.709616 23.709591 23.709566 23.709543 23.709521 23.7095 23.709481 23.709462 23.709444 23.709427 23.709412 23.709397 23.709383 23.709371 23.709359 23.709348 23.709338 23.709329 23.709321
23.711459 23.711398 23.711336 23.711274 23.711211 23.711149 23.711088 23.711026 23.710965 23.710904 23.710844 23.710784 23.710725 23.710667 23.710609 23.710552 23.710496 23.710441 23.710387 23.710334 23.710282 23.710231 23.710181 23.710132 23.710085 23.710039 23.709994 23.70995 23.709907 23.709866 23.709826 23.709787 23.70975 23.709713 23.709678 23.709645 23.709612 23.709581 23.709551 23.709522 23.709495 23.709468 23.709443 23.709419 23.709396 23.709375 23.709354 23.709334 23.709316 23.709298 23.709282 23.709267 23.709252 23.709239 23.709226 23.709215 23.709204 23.709194 23.709186 23.709178
23.71133 23.711267 23.711204 23.711141 23.711078 23.711015 23.710952 23.71089 23.710828 23.710766 23.710705 23.710645 23.710585 23.710526 23.710467 23.71041 23.710353 23.710297 23.710243 23.710189 23.710137 23.710085 23.710035 23.709986 23.709938 23.709892 23.709846 23.709802 23.70976 23.709718 23.709678 23.709639 23.709602 23.709565 23.709531 23.709497 23.709464 23.709433 23.709403 23.709375 23.709347 23.709321 23.709296 23.709272 23.70925 23.709228 23.709208 23.709188 23.70917 23.709153 23.709137 23.709122 23.709108 23.709094 23.709082 23.709071 23.709061 23.709051 23.709043 23.709035
23.711201 23.711137 23.711073 23.711009 23.710945 23.710882 23.710818 23.710755 23.710692 23.710629 23.710567 23.710506 23.710445 23.710385 23.710326 23.710268 23.71021 23.710154 23.710099 23.710045 23.709992 23.70994 23.709889 23.70984 23.709792 23.709745 23.709699 23.709655 23.709612 23.709571 23.709531 23.709492 23.709454 23.709418 23.709383 23.709349 23.709317 23.709286 23.709256 23.709228 23.709201 23.709175 23.70915 23.709126 23.709104 23.709082 23.709062 23.709043 23.709025 23.709008 23.708992 23.708977 23.708964 23.708951 23.708939 23.708928 23.708918 23.708909 23.7089 23.708893
23.711073 23.711009 23.710944 23.710879 23.710814 23.710749 23.710684 23.71062 23.710556 23.710492 23.71043 23.710367 23.710306 23.710245 23.710185 23.710126 23.710068 23.710011 23.709955 23.709901 23.709847 23.709795 23.709744 23.709694 23.709646 23.709599 23.709553 23.709508 23.709465 23.709424 23.709383 23.709344 23.709307 23.709271 23.709236 23.709202 23.70917 23.709139 23.709109 23.709081 23.709054 23.709028 23.709004 23.70898 23.708958 23.708937 23.708917 23.708898 23.70888 23.708864 23.708848 23.708834 23.70882 23.708807 23.708796 23.708785 23.708775 23.708766 23.708758 23.708751
23.710947 23.710881 23.710815 23.710749 23.710683 23.710617 23.710551 23.710486 23.710421 23.710356 23.710292 23.710229 23.710167 23.710105 23.710045 23.709985 23.709926 23.709869 23.709812 23.709757 23.709703 23.70965 23.709599 23.709549 23.7095 23.709453 23.709406 23.709362 23.709319 23.709277 23.709236 23.709197 23.70916 23.709124 23.709089 23.709055 23.709023 23.708992 23.708963 23.708935 23.708908 23.708882 23.708858 23.708835 23.708813 23.708792 23.708772 23.708754 23.708736 23.70872 23.708705 23.70869 23.708677 23.708665 23.708653 23.708643 23.708633 23.708625 23.708617 23.70861
23.710821 23.710754 23.710687 23.71062 23.710552 23.710485 23.710419 23.710352 23.710286 23.710221 23.710156 23.710092 23.710028 23.709966 23.709905 23.709844 23.709785 23.709726 23.709669 23.709614 23.709559 23.709506 23.709454 23.709403 23.709354 23.709307 23.70926 23.709216 23.709172 23.70913 23.70909 23.709051 23.709013 23.708977 23.708942 23.708909 23.708877 23.708846 23.708817 23.708789 23.708762 23.708737 23.708713 23.70869 23.708668 23.708647 23.708628 23.70861 23.708593 23.708576 23.708561 23.708547 23.708534 23.708522 23.708511 23.708501 23.708492 23.708484 23.708476 23.70847
23.710696 23.710628 23.71056 23.710491 23.710423 23.710355 23.710287 23.710219 23.710152 23.710086 23.71002 23.709955 23.70989 23.709827 23.709765 23.709704 23.709643 23.709585 23.709527 23.70947 23.709415 23.709362 23.709309 23.709258 23.709209 23.709161 23.709115 23.70907 23.709026 23.708984 23.708943 23.708904 23.708867 23.708831 23.708796 23.708763 23.708731 23.7087 23.708671 23.708643 23.708617 23.708592 23.708568 23.708545 23.708524 23.708503 23.708484 23.708466 23.708449 23.708434 23.708419 23.708405 23.708392 23.708381 23.70837 23.70836 23.708351 23.708343 23.708336 23.70833
23.710573 23.710503 23.710434 23.710364 23.710294 23.710225 23.710156 23.710087 23.710019 23.709951 23.709884 23.709818 23.709753 23.709689 23.709625 23.709563 23.709502 23.709443 23.709384 23.709327 23.709272 23.709218 23.709165 23.709114 23.709064 23.709016 23.708969 23.708924 23.70888 23.708838 23.708797 23.708758 23.708721 23.708685 23.70865 23.708617 23.708585 23.708555 23.708526 23.708498 23.708472 23.708447 23.708424 23.708401 23.70838 23.70836 23.708341 23.708323 23.708307 23.708291 23.708277 23.708263 23.708251 23.70824 23.708229 23.708219 23.708211 23.708203 23.708196 23.70819
23.71045 23.710379 23.710308 23.710237 23.710166 23.710095 23.710025 23.709955 23.709885 23.709817 23.709749 23.709682 23.709615 23.70955 23.709486 23.709423 23.709362 23.709301 23.709242 23.709185 23.709129 23.709074 23.709021 23.708969 23.708919 23.708871 23.708824 23.708778 23.708735 23.708692 23.708652 23.708613 23.708575 23.708539 23.708505 23.708472 23.70844 23.70841 23.708381 23.708354 23.708328 23.708303 23.70828 23.708258 23.708237 23.708217 23.708199 23.708181 23.708165 23.70815 23.708136 23.708122 23.70811 23.708099 23.708089 23.70808 23.708071 23.708064 23.708057 23.708051
