Buriganga/data/geodata/HIWA.tif
NCOLS 712
NROWS 501
XLLCORNER 90.275337
YLLCORNER 23.674959
DX 0.00027163359
DY 0.00027191018
NODATA_VALUE -9999
[rows 78 to 103 of 501, columns 120 to 179 of 712]
23.772894 23.773015 23.773137 23.77326 23.773383 23.773507 23.773632 23.773757 23.773884 23.774011 23.774138 23.774267 23.774396 23.774526 23.774657 23.774789 23.774921 23.775054 23.775188 23.775322 23.775458 23.775594 23.775731 23.775868 23.776007 23.776146 23.776286 23.776427 23.776568 23.77671 23.776853 23.776997 23.777142 23.777287 23.777434 23.777581 23.777728 23.777877 23.778026 23.778176 23.778327 23.778479 23.778631 23.778784 23.778938 23.779093 23.779248 23.779404 23.779561 23.779718 23.779877 23.780036 23.780195 23.780356 23.780517 23.780678 23.780841 23.781003 23.781167 23.781331
23.77287 23.772991 23.773113 23.773236 23.773359 23.773484 23.773609 23.773734 23.773861 23.773988 23.774116 23.774245 23.774374 23.774505 23.774636 23.774767 23.7749 23.775033 23.775167 23.775302 23.775438 23.775574 23.775711 23.775849 23.775988 23.776128 23.776268 23.776409 23.776551 23.776694 23.776837 23.776982 23.777127 23.777273 23.777419 23.777567 23.777715 23.777864 23.778014 23.778164 23.778316 23.778468 23.778621 23.778775 23.778929 23.779085 23.779241 23.779398 23.779555 23.779714 23.779873 23.780033 23.780193 23.780355 23.780517 23.780679 23.780843 23.781007 23.781171 23.781337
23.772844 23.772965 23.773088 23.773211 23.773334 23.773459 23.773584 23.77371 23.773836 23.773964 23.774092 23.774221 23.77435 23.774481 23.774612 23.774744 23.774877 23.775011 23.775145 23.77528 23.775416 23.775553 23.77569 23.775828 23.775967 23.776107 23.776248 23.776389 23.776532 23.776675 23.776819 23.776963 23.777109 23.777255 23.777402 23.77755 23.777699 23.777848 23.777998 23.77815 23.778302 23.778454 23.778608 23.778762 23.778917 23.779073 23.77923 23.779388 23.779546 23.779705 23.779865 23.780026 23.780187 23.780349 23.780512 23.780676 23.78084 23.781005 23.781171 23.781338
23.772817 23.772938 23.77306 23.773183 23.773307 23.773432 23.773557 23.773683 23.77381 23.773937 23.774066 23.774195 23.774325 23.774455 23.774587 23.774719 23.774852 23.774986 23.77512 23.775256 23.775392 23.775529 23.775667 23.775805 23.775944 23.776084 23.776225 23.776367 23.77651 23.776653 23.776797 23.776942 23.777088 23.777235 23.777382 23.77753 23.77768 23.777829 23.77798 23.778132 23.778284 23.778437 23.778591 23.778746 23.778902 23.779058 23.779216 23.779374 23.779533 23.779693 23.779853 23.780015 23.780177 23.78034 23.780504 23.780668 23.780833 23.780999 23.781166 23.781334
23.772788 23.772909 23.773032 23.773155 23.773279 23.773403 23.773529 23.773655 23.773782 23.773909 23.774038 23.774167 23.774297 23.774428 23.77456 23.774692 23.774825 23.774959 23.775094 23.775229 23.775366 23.775503 23.775641 23.775779 23.775919 23.776059 23.776201 23.776342 23.776485 23.776629 23.776773 23.776919 23.777065 23.777212 23.777359 23.777508 23.777657 23.777808 23.777959 23.778111 23.778264 23.778417 23.778572 23.778727 23.778883 23.77904 23.779198 23.779357 23.779516 23.779676 23.779838 23.78 23.780162 23.780326 23.780491 23.780656 23.780822 23.780989 23.781156 23.781325
23.772757 23.772879 23.773001 23.773124 23.773248 23.773373 23.773498 23.773625 23.773752 23.773879 23.774008 23.774137 23.774268 23.774398 23.77453 23.774663 23.774796 23.77493 23.775065 23.775201 23.775337 23.775474 23.775613 23.775751 23.775891 23.776032 23.776173 23.776315 23.776458 23.776602 23.776747 23.776892 23.777039 23.777186 23.777334 23.777483 23.777633 23.777783 23.777934 23.778087 23.77824 23.778394 23.778549 23.778704 23.778861 23.779018 23.779176 23.779335 23.779495 23.779656 23.779818 23.77998 23.780144 23.780308 23.780473 23.780639 23.780806 23.780973 23.781142 23.781311
23.772724 23.772846 23.772969 23.773092 23.773216 23.773341 23.773466 23.773593 23.77372 23.773848 23.773976 23.774106 23.774236 23.774367 23.774499 23.774631 23.774765 23.774899 23.775034 23.77517 23.775306 23.775444 23.775582 23.775721 23.775861 23.776002 23.776143 23.776286 23.776429 23.776573 23.776718 23.776863 23.77701 23.777157 23.777306 23.777455 23.777605 23.777755 23.777907 23.778059 23.778213 23.778367 23.778522 23.778678 23.778835 23.778993 23.779151 23.779311 23.779471 23.779632 23.779794 23.779957 23.780121 23.780286 23.780451 23.780618 23.780785 23.780953 23.781122 23.781292
23.77269 23.772812 23.772935 23.773058 23.773182 23.773307 23.773433 23.773559 23.773686 23.773814 23.773943 23.774072 23.774202 23.774334 23.774465 23.774598 23.774732 23.774866 23.775001 23.775137 23.775274 23.775411 23.775549 23.775689 23.775829 23.775969 23.776111 23.776253 23.776397 23.776541 23.776686 23.776832 23.776978 23.777126 23.777274 23.777424 23.777574 23.777725 23.777876 23.778029 23.778183 23.778337 23.778492 23.778648 23.778805 23.778963 23.779122 23.779282 23.779442 23.779604 23.779766 23.77993 23.780094 23.780259 23.780425 23.780591 23.780759 23.780928 23.781097 23.781267
23.772655 23.772777 23.772899 23.773022 23.773147 23.773271 23.773397 23.773523 23.773651 23.773778 23.773907 23.774037 23.774167 23.774298 23.77443 23.774563 23.774696 23.774831 23.774966 23.775102 23.775238 23.775376 23.775514 23.775654 23.775794 23.775935 23.776076 23.776219 23.776362 23.776506 23.776651 23.776797 23.776944 23.777092 23.77724 23.777389 23.77754 23.777691 23.777843 23.777995 23.778149 23.778304 23.778459 23.778615 23.778772 23.778931 23.77909 23.779249 23.77941 23.779572 23.779734 23.779898 23.780062 23.780227 23.780394 23.780561 23.780729 23.780897 23.781067 23.781238
23.772618 23.772739 23.772862 23.772985 23.773109 23.773234 23.77336 23.773486 23.773613 23.773741 23.77387 23.773999 23.77413 23.774261 23.774393 23.774525 23.774659 23.774793 23.774928 23.775064 23.775201 23.775339 23.775477 23.775616 23.775756 23.775897 23.776039 23.776181 23.776325 23.776469 23.776614 23.77676 23.776907 23.777055 23.777203 23.777352 23.777503 23.777654 23.777806 23.777959 23.778112 23.778267 23.778422 23.778579 23.778736 23.778894 23.779053 23.779213 23.779374 23.779535 23.779698 23.779862 23.780026 23.780192 23.780358 23.780525 23.780693 23.780862 23.781032 23.781203
23.772579 23.7727 23.772823 23.772946 23.77307 23.773195 23.77332 23.773447 23.773574 23.773702 23.77383 23.77396 23.77409 23.774221 23.774353 23.774486 23.774619 23.774754 23.774889 23.775025 23.775161 23.775299 23.775437 23.775577 23.775717 23.775857 23.775999 23.776142 23.776285 23.776429 23.776574 23.77672 23.776867 23.777015 23.777163 23.777312 23.777463 23.777614 23.777766 23.777918 23.778072 23.778227 23.778382 23.778538 23.778696 23.778854 23.779013 23.779173 23.779333 23.779495 23.779658 23.779821 23.779986 23.780151 23.780317 23.780485 23.780653 23.780822 23.780992 23.781162
23.772538 23.77266 23.772782 23.772905 23.773029 23.773154 23.773279 23.773406 23.773533 23.77366 23.773789 23.773918 23.774049 23.77418 23.774312 23.774444 23.774578 23.774712 23.774847 23.774983 23.775119 23.775257 23.775395 23.775534 23.775674 23.775815 23.775957 23.776099 23.776243 23.776387 23.776532 23.776678 23.776824 23.776972 23.77712 23.777269 23.77742 23.777571 23.777722 23.777875 23.778029 23.778183 23.778338 23.778495 23.778652 23.77881 23.778969 23.779128 23.779289 23.779451 23.779613 23.779777 23.779941 23.780106 23.780272 23.780439 23.780607 23.780776 23.780946 23.781116
23.772496 23.772617 23.772739 23.772863 23.772986 23.773111 23.773236 23.773363 23.77349 23.773617 23.773746 23.773875 23.774005 23.774136 23.774268 23.7744 23.774534 23.774668 23.774803 23.774939 23.775075 23.775213 23.775351 23.77549 23.77563 23.77577 23.775912 23.776054 23.776198 23.776342 23.776486 23.776632 23.776779 23.776926 23.777074 23.777224 23.777373 23.777524 23.777676 23.777828 23.777982 23.778136 23.778291 23.778447 23.778604 23.778762 23.778921 23.77908 23.779241 23.779402 23.779564 23.779727 23.779891 23.780056 23.780222 23.780389 23.780557 23.780725 23.780895 23.781065
23.772452 23.772573 23.772695 23.772818 23.772942 23.773066 23.773192 23.773318 23.773445 23.773572 23.773701 23.77383 23.77396 23.774091 23.774222 23.774355 23.774488 23.774622 23.774757 23.774892 23.775029 23.775166 23.775304 23.775443 23.775583 23.775723 23.775865 23.776007 23.77615 23.776294 23.776438 23.776584 23.77673 23.776878 23.777026 23.777175 23.777324 23.777475 23.777626 23.777779 23.777932 23.778086 23.778241 23.778396 23.778553 23.778711 23.778869 23.779028 23.779188 23.779349 23.779511 23.779674 23.779838 23.780002 23.780168 23.780334 23.780501 23.780669 23.780838 23.781008
23.772406 23.772527 23.772649 23.772772 23.772896 23.77302 23.773145 23.773271 23.773398 23.773525 23.773654 23.773783 23.773912 23.774043 23.774174 23.774307 23.77444 23.774574 23.774708 23.774844 23.77498 23.775117 23.775255 23.775394 23.775533 23.775674 23.775815 23.775957 23.7761 23.776243 23.776388 23.776533 23.776679 23.776826 23.776974 23.777123 23.777272 23.777422 23.777574 23.777726 23.777878 23.778032 23.778187 23.778342 23.778498 23.778655 23.778813 23.778972 23.779132 23.779292 23.779454 23.779616 23.779779 23.779943 23.780108 23.780274 23.780441 23.780608 23.780777 23.780946
23.772359 23.77248 23.772602 23.772724 23.772848 23.772972 23.773097 23.773223 23.773349 23.773476 23.773604 23.773733 23.773863 23.773993 23.774125 23.774257 23.77439 23.774523 23.774658 23.774793 23.774929 23.775066 23.775204 23.775342 23.775481 23.775621 23.775762 23.775904 23.776047 23.77619 23.776334 23.776479 23.776625 23.776772 23.776919 23.777068 23.777217 23.777367 23.777518 23.777669 23.777822 23.777975 23.778129 23.778284 23.77844 23.778596 23.778754 23.778912 23.779071 23.779231 23.779392 23.779554 23.779716 23.77988 23.780044 23.780209 23.780375 23.780542 23.78071 23.780878
23.77231 23.772431 23.772552 23.772675 23.772798 23.772922 23.773047 23.773172 23.773298 23.773426 23.773553 23.773682 23.773812 23.773942 23.774073 23.774205 23.774337 23.774471 23.774605 23.77474 23.774876 23.775012 23.77515 23.775288 23.775427 23.775567 23.775707 23.775849 23.775991 23.776134 23.776278 23.776423 23.776568 23.776715 23.776862 23.77701 23.777158 23.777308 23.777458 23.77761 23.777762 23.777914 23.778068 23.778222 23.778378 23.778534 23.778691 23.778848 23.779007 23.779166 23.779326 23.779487 23.779649 23.779812 23.779975 23.78014 23.780305 23.780471 23.780637 23.780805
23.772259 23.77238 23.772501 23.772623 23.772746 23.77287 23.772995 23.77312 23.773246 23.773373 23.7735 23.773629 23.773758 23.773888 23.774019 23.77415 23.774283 23.774416 23.77455 23.774685 23.77482 23.774956 23.775094 23.775231 23.77537 23.77551 23.77565 23.775791 23.775933 23.776076 23.776219 23.776364 23.776509 23.776655 23.776801 23.776949 23.777097 23.777246 23.777396 23.777547 23.777698 23.77785 23.778003 23.778157 23.778312 23.778467 23.778624 23.778781 23.778938 23.779097 23.779256 23.779417 23.779578 23.779739 23.779902 23.780065 23.780229 23.780394 23.78056 23.780726
23.772207 23.772327 23.772448 23.77257 23.772693 23.772816 23.772941 23.773066 23.773192 23.773318 23.773446 23.773574 23.773703 23.773832 23.773963 23.774094 23.774226 23.774359 23.774493 23.774627 23.774762 23.774898 23.775035 23.775173 23.775311 23.77545 23.77559 23.775731 23.775872 23.776015 23.776158 23.776302 23.776446 23.776592 23.776738 23.776885 23.777033 23.777181 23.77733 23.777481 23.777631 23.777783 23.777935 23.778089 23.778243 23.778397 23.778553 23.778709 23.778866 23.779024 23.779182 23.779341 23.779501 23.779662 23.779824 23.779986 23.780149 23.780313 23.780477 23.780642
23.772153 23.772273 23.772394 23.772515 23.772638 23.772761 23.772885 23.77301 23.773135 23.773262 23.773389 23.773517 23.773645 23.773775 23.773905 23.774036 23.774167 23.7743 23.774433 23.774567 23.774702 23.774838 23.774974 23.775111 23.775249 23.775388 23.775528 23.775668 23.775809 23.775951 23.776093 23.776237 23.776381 23.776526 23.776672 23.776818 23.776965 23.777113 23.777262 23.777411 23.777561 23.777712 23.777864 23.778017 23.77817 23.778324 23.778478 23.778634 23.77879 23.778946 23.779104 23.779262 23.779421 23.779581 23.779741 23.779902 23.780064 23.780226 23.780389 23.780553
23.772097 23.772217 23.772337 23.772459 23.772581 23.772704 23.772828 23.772952 23.773077 23.773203 23.77333 23.773457 23.773586 23.773715 23.773845 23.773975 23.774107 23.774239 23.774372 23.774505 23.77464 23.774775 23.774911 23.775048 23.775185 23.775324 23.775463 23.775602 23.775743 23.775884 23.776026 23.776169 23.776313 23.776457 23.776602 23.776748 23.776895 23.777042 23.77719 23.777339 23.777488 23.777638 23.777789 23.777941 23.778093 23.778246 23.7784 23.778554 23.778709 23.778865 23.779022 23.779179 23.779336 23.779495 23.779654 23.779813 23.779974 23.780135 23.780296 23.780458
23.772039 23.772159 23.772279 23.7724 23.772522 23.772645 23.772768 23.772892 23.773017 23.773143 23.773269 23.773396 23.773524 23.773653 23.773782 23.773913 23.774044 23.774175 23.774308 23.774441 23.774575 23.77471 23.774845 23.774982 23.775119 23.775257 23.775395 23.775534 23.775675 23.775815 23.775957 23.776099 23.776242 23.776386 23.77653 23.776675 23.776821 23.776968 23.777115 23.777263 23.777412 23.777561 23.777711 23.777862 23.778013 23.778165 23.778318 23.778471 23.778625 23.77878 23.778935 23.779091 23.779247 23.779405 23.779562 23.77972 23.779879 23.780038 23.780198 23.780358
23.77198 23.7721 23.77222 23.77234 23.772462 23.772584 23.772707 23.772831 23.772955 23.77308 23.773206 23.773333 23.773461 23.773589 23.773718 23.773848 23.773978 23.77411 23.774242 23.774375 23.774508 23.774642 23.774778 23.774913 23.77505 23.775187 23.775325 23.775464 23.775603 23.775744 23.775885 23.776026 23.776169 23.776312 23.776455 23.7766 23.776745 23.776891 23.777037 23.777184 23.777332 23.777481 23.77763 23.77778 23.77793 23.778081 23.778233 23.778385 23.778538 23.778691 23.778845 23.778999 23.779154 23.77931 23.779466 23.779623 23.77978 23.779937 23.780095 23.780254
23.77192 23.772038 23.772158 23.772278 23.7724 23.772521 23.772644 23.772767 23.772891 23.773016 23.773142 23.773268 23.773395 23.773523 23.773652 23.773781 23.773911 23.774042 23.774174 23.774306 23.774439 23.774573 23.774707 23.774843 23.774979 23.775115 23.775253 23.775391 23.77553 23.775669 23.77581 23.775951 23.776092 23.776235 23.776378 23.776521 23.776666 23.776811 23.776956 23.777103 23.777249 23.777397 23.777545 23.777694 23.777843 23.777993 23.778143 23.778294 23.778446 23.778598 23.778751 23.778904 23.779057 23.779211 23.779366 23.779521 23.779676 23.779832 23.779988 23.780144
23.771857 23.771976 23.772095 23.772215 23.772336 23.772457 23.772579 23.772702 23.772826 23.77295 23.773075 23.773201 23.773328 23.773455 23.773583 23.773712 23.773842 23.773972 23.774103 23.774235 23.774368 23.774501 23.774635 23.77477 23.774905 23.775041 23.775178 23.775315 23.775454 23.775593 23.775732 23.775872 23.776013 23.776155 23.776297 23.77644 23.776584 23.776728 23.776872 23.777018 23.777164 23.77731 23.777457 23.777605 23.777753 23.777902 23.778051 23.778201 23.778351 23.778501 23.778652 23.778804 23.778956 23.779108 23.779261 23.779414 23.779568 23.779721 23.779875 23.78003
23.771793 23.771911 23.77203 23.772149 23.77227 23.772391 23.772513 23.772635 23.772758 23.772882 23.773007 23.773132 23.773258 23.773385 23.773513 23.773641 23.77377 23.7739 23.774031 23.774162 23.774294 23.774427 23.77456 23.774694 23.774829 23.774964 23.775101 23.775237 23.775375 23.775513 23.775652 23.775792 23.775932 23.776072 23.776214 23.776356 23.776498 23.776642 23.776785 23.77693 23.777075 23.77722 23.777366 23.777513 23.777659 23.777807 23.777955 23.778103 23.778252 23.778401 23.778551 23.778701 23.778851 23.779001 23.779152 23.779304 23.779455 23.779607 23.779758 23.77991
