Buriganga/data/geodata/HIWA.tif
NCOLS 712
NROWS 501
XLLCORNER 90.275337
YLLCORNER 23.674959
DX 0.00027163359
DY 0.00027191018
NODATA_VALUE -9999
[rows 156 to 181 of 501, columns 300 to 359 of 712]
23.762769 23.762606 23.762443 23.762281 23.762119 23.761958 23.761796 23.761635 23.761475 23.761315 23.761155 23.760995 23.760836 23.760677 23.760519 23.760361 23.760203 23.760046 23.759889 23.759732 23.759576 23.75942 23.759265 23.75911 23.758955 23.758801 23.758647 23.758493 23.75834 23.758187 23.758034 23.757882 23.75773 23.757578 23.757427 23.757276 23.757125 23.756975 23.756825 23.756675 23.756526 23.756377 23.756228 23.756079 23.755931 23.755783 23.755635 23.755487 23.75534 23.755193 23.755046 23.7549 23.754753 23.754607 23.754462 23.754316 23.754171 23.754026 23.753881 23.753736
23.76253 23.762369 23.762208 23.762047 23.761886 23.761726 23.761567 23.761407 23.761248 23.761089 23.760931 23.760773 23.760615 23.760458 23.760301 23.760145 23.759989 23.759833 23.759677 23.759522 23.759367 23.759213 23.759059 23.758905 23.758752 23.758599 23.758446 23.758294 23.758142 23.75799 23.757839 23.757688 23.757537 23.757387 23.757237 23.757087 23.756938 23.756788 23.756639 23.756491 23.756342 23.756194 23.756047 23.755899 23.755752 23.755605 23.755458 23.755311 23.755165 23.755019 23.754873 23.754728 23.754583 23.754437 23.754293 23.754148 23.754004 23.753859 23.753715 23.753572
23.762289 23.762129 23.76197 23.76181 23.761652 23.761493 23.761335 23.761177 23.76102 23.760862 23.760706 23.760549 23.760393 23.760237 23.760082 23.759927 23.759772 23.759618 23.759464 23.75931 23.759157 23.759004 23.758851 23.758699 23.758547 23.758395 23.758244 23.758093 23.757943 23.757792 23.757642 23.757493 23.757343 23.757194 23.757045 23.756897 23.756748 23.7566 23.756453 23.756305 23.756158 23.756011 23.755864 23.755718 23.755572 23.755426 23.75528 23.755135 23.754989 23.754844 23.7547 23.754555 23.754411 23.754266 23.754123 23.753979 23.753835 23.753692 23.753549 23.753406
23.762045 23.761887 23.761729 23.761572 23.761415 23.761258 23.761101 23.760945 23.760789 23.760633 23.760478 23.760323 23.760169 23.760015 23.759861 23.759707 23.759554 23.759401 23.759249 23.759097 23.758945 23.758793 23.758642 23.758491 23.758341 23.758191 23.758041 23.757891 23.757742 23.757593 23.757444 23.757296 23.757148 23.757 23.756852 23.756705 23.756558 23.756411 23.756265 23.756119 23.755973 23.755827 23.755681 23.755536 23.755391 23.755246 23.755101 23.754957 23.754813 23.754669 23.754525 23.754381 23.754238 23.754095 23.753952 23.753809 23.753666 23.753524 23.753381 23.753239
23.761799 23.761643 23.761487 23.761331 23.761175 23.76102 23.760865 23.760711 23.760556 23.760402 23.760249 23.760096 23.759943 23.75979 23.759638 23.759486 23.759334 23.759183 23.759032 23.758881 23.758731 23.758581 23.758431 23.758282 23.758133 23.757984 23.757836 23.757688 23.75754 23.757392 23.757245 23.757098 23.756951 23.756805 23.756658 23.756512 23.756367 23.756221 23.756076 23.755931 23.755786 23.755641 23.755497 23.755353 23.755209 23.755065 23.754921 23.754778 23.754635 23.754492 23.754349 23.754206 23.754064 23.753922 23.75378 23.753638 23.753496 23.753354 23.753213 23.753072
23.761551 23.761396 23.761242 23.761088 23.760934 23.76078 23.760627 23.760474 23.760322 23.76017 23.760018 23.759866 23.759715 23.759564 23.759413 23.759263 23.759113 23.758963 23.758814 23.758665 23.758516 23.758367 23.758219 23.758071 23.757924 23.757777 23.75763 23.757483 23.757336 23.75719 23.757044 23.756899 23.756753 23.756608 23.756463 23.756318 23.756174 23.75603 23.755886 23.755742 23.755598 23.755455 23.755312 23.755168 23.755026 23.754883 23.754741 23.754598 23.754456 23.754314 23.754172 23.754031 23.753889 23.753748 23.753607 23.753466 23.753325 23.753184 23.753044 23.752904
23.761301 23.761148 23.760995 23.760843 23.760691 23.760539 23.760387 23.760236 23.760085 23.759935 23.759785 23.759635 23.759485 23.759336 23.759187 23.759038 23.75889 23.758742 23.758594 23.758446 23.758299 23.758152 23.758006 23.757859 23.757713 23.757568 23.757422 23.757277 23.757132 23.756987 23.756843 23.756698 23.756554 23.75641 23.756267 23.756123 23.75598 23.755837 23.755694 23.755552 23.755409 23.755267 23.755125 23.754983 23.754842 23.7547 23.754559 23.754418 23.754276 23.754136 23.753995 23.753854 23.753714 23.753573 23.753433 23.753293 23.753153 23.753013 23.752874 23.752734
23.761048 23.760897 23.760746 23.760596 23.760445 23.760295 23.760146 23.759996 23.759847 23.759698 23.75955 23.759402 23.759254 23.759106 23.758959 23.758812 23.758665 23.758519 23.758373 23.758227 23.758081 23.757936 23.757791 23.757646 23.757502 23.757357 23.757213 23.75707 23.756926 23.756783 23.75664 23.756497 23.756354 23.756212 23.756069 23.755927 23.755785 23.755644 23.755502 23.755361 23.75522 23.755079 23.754938 23.754797 23.754657 23.754516 23.754376 23.754236 23.754096 23.753956 23.753816 23.753677 23.753537 23.753398 23.753259 23.75312 23.752981 23.752842 23.752703 23.752564
23.760794 23.760645 23.760496 23.760347 23.760198 23.76005 23.759902 23.759755 23.759607 23.75946 23.759314 23.759167 23.759021 23.758875 23.75873 23.758584 23.758439 23.758295 23.75815 23.758006 23.757862 23.757718 23.757575 23.757432 23.757289 23.757146 23.757003 23.756861 23.756719 23.756577 23.756436 23.756294 23.756153 23.756012 23.755871 23.75573 23.75559 23.755449 23.755309 23.755169 23.755029 23.754889 23.75475 23.75461 23.754471 23.754332 23.754192 23.754053 23.753914 23.753776 23.753637 23.753498 23.75336 23.753222 23.753083 23.752945 23.752807 23.752669 23.752531 23.752394
23.760537 23.76039 23.760243 23.760096 23.759949 23.759803 23.759657 23.759511 23.759366 23.759221 23.759076 23.758931 23.758787 23.758643 23.758499 23.758355 23.758212 23.758069 23.757926 23.757784 23.757641 23.757499 23.757357 23.757216 23.757074 23.756933 23.756792 23.756652 23.756511 23.756371 23.75623 23.75609 23.755951 23.755811 23.755671 23.755532 23.755393 23.755254 23.755115 23.754976 23.754837 23.754699 23.754561 23.754422 23.754284 23.754146 23.754008 23.75387 23.753732 23.753595 23.753457 23.753319 23.753182 23.753045 23.752907 23.75277 23.752633 23.752496 23.752359 23.752222
23.760279 23.760134 23.759988 23.759843 23.759699 23.759554 23.75941 23.759266 23.759123 23.758979 23.758836 23.758694 23.758551 23.758409 23.758267 23.758125 23.757983 23.757842 23.757701 23.75756 23.757419 23.757279 23.757139 23.756999 23.756859 23.756719 23.75658 23.756441 23.756302 23.756163 23.756024 23.755886 23.755747 23.755609 23.755471 23.755333 23.755195 23.755057 23.75492 23.754782 23.754645 23.754508 23.754371 23.754233 23.754096 23.75396 23.753823 23.753686 23.753549 23.753413 23.753276 23.75314 23.753003 23.752867 23.752731 23.752594 23.752458 23.752322 23.752186 23.75205
23.760019 23.759875 23.759732 23.759589 23.759447 23.759304 23.759162 23.75902 23.758878 23.758737 23.758596 23.758455 23.758314 23.758173 23.758033 23.757893 23.757753 23.757614 23.757474 23.757335 23.757196 23.757058 23.756919 23.756781 23.756643 23.756505 23.756367 23.756229 23.756092 23.755954 23.755817 23.75568 23.755543 23.755406 23.75527 23.755133 23.754997 23.75486 23.754724 23.754588 23.754452 23.754316 23.75418 23.754044 23.753908 23.753772 23.753637 23.753501 23.753365 23.75323 23.753094 23.752959 23.752824 23.752688 23.752553 23.752418 23.752283 23.752147 23.752012 23.751877
23.759757 23.759615 23.759474 23.759333 23.759193 23.759052 23.758912 23.758772 23.758632 23.758493 23.758353 23.758214 23.758075 23.757937 23.757798 23.75766 23.757522 23.757384 23.757247 23.757109 23.756972 23.756835 23.756698 23.756562 23.756425 23.756289 23.756153 23.756017 23.755881 23.755745 23.755609 23.755474 23.755338 23.755203 23.755067 23.754932 23.754797 23.754662 23.754527 23.754392 23.754258 23.754123 23.753988 23.753854 23.753719 23.753584 23.75345 23.753315 23.753181 23.753047 23.752912 23.752778 23.752643 23.752509 23.752375 23.752241 23.752106 23.751972 23.751838 23.751704
23.759493 23.759354 23.759215 23.759076 23.758937 23.758799 23.758661 23.758523 23.758385 23.758247 23.75811 23.757973 23.757836 23.757699 23.757562 23.757426 23.75729 23.757154 23.757018 23.756882 23.756747 23.756612 23.756476 23.756342 23.756207 23.756072 23.755937 23.755803 23.755669 23.755534 23.7554 23.755266 23.755132 23.754998 23.754864 23.754731 23.754597 23.754463 23.75433 23.754196 23.754063 23.753929 23.753796 23.753663 23.753529 23.753396 23.753262 23.753129 23.752996 23.752862 23.752729 23.752596 23.752463 23.752329 23.752196 23.752063 23.751929 23.751796 23.751663 23.751529
23.759228 23.759091 23.758954 23.758817 23.758681 23.758544 23.758408 23.758272 23.758136 23.758 23.757865 23.75773 23.757595 23.75746 23.757325 23.757191 23.757056 23.756922 23.756788 23.756654 23.756521 23.756387 23.756254 23.75612 23.755987 23.755854 23.755721 23.755588 23.755456 23.755323 23.75519 23.755058 23.754925 23.754793 23.754661 23.754528 23.754396 23.754264 23.754132 23.753999 23.753867 23.753735 23.753603 23.753471 23.753339 23.753206 23.753074 23.752942 23.75281 23.752678 23.752545 23.752413 23.752281 23.752149 23.752016 23.751884 23.751752 23.751619 23.751487 23.751355
23.758962 23.758827 23.758692 23.758557 23.758422 23.758288 23.758154 23.75802 23.757886 23.757752 23.757619 23.757486 23.757353 23.75722 23.757087 23.756954 23.756822 23.75669 23.756557 23.756425 23.756294 23.756162 23.75603 23.755899 23.755767 23.755636 23.755504 23.755373 23.755242 23.755111 23.75498 23.754849 23.754718 23.754587 23.754456 23.754325 23.754194 23.754064 23.753933 23.753802 23.753671 23.75354 23.753409 23.753278 23.753147 23.753017 23.752886 23.752755 23.752623 23.752492 23.752361 23.75223 23.752099 23.751968 23.751836 23.751705 23.751574 23.751442 23.751311 23.751179
23.758694 23.758561 23.758428 23.758296 23.758163 23.758031 23.757899 23.757767 23.757635 23.757503 23.757372 23.757241 23.75711 23.756979 23.756848 23.756717 23.756587 23.756456 23.756326 23.756196 23.756065 23.755935 23.755806 23.755676 23.755546 23.755416 23.755287 23.755157 23.755028 23.754898 23.754769 23.754639 23.75451 23.75438 23.754251 23.754122 23.753992 23.753863 23.753733 23.753604 23.753474 23.753345 23.753215 23.753085 23.752956 23.752826 23.752696 23.752566 23.752436 23.752306 23.752176 23.752046 23.751916 23.751786 23.751656 23.751525 23.751395 23.751264 23.751134 23.751003
23.758425 23.758294 23.758163 23.758033 23.757903 23.757773 23.757643 23.757513 23.757383 23.757253 23.757124 23.756995 23.756866 23.756737 23.756608 23.756479 23.75635 23.756222 23.756093 23.755965 23.755837 23.755708 23.75558 23.755452 23.755324 23.755196 23.755068 23.75494 23.754812 23.754685 23.754557 23.754429 23.754301 23.754173 23.754045 23.753917 23.753789 23.753661 23.753533 23.753405 23.753277 23.753149 23.75302 23.752892 23.752763 23.752635 23.752506 23.752378 23.752249 23.75212 23.751991 23.751862 23.751733 23.751604 23.751474 23.751345 23.751216 23.751086 23.750957 23.750827
23.758154 23.758026 23.757898 23.757769 23.757641 23.757513 23.757385 23.757258 23.75713 23.757002 23.756875 23.756748 23.756621 23.756494 23.756367 23.75624 23.756113 23.755987 23.75586 23.755733 23.755607 23.755481 23.755354 23.755228 23.755102 23.754975 23.754849 23.754723 23.754597 23.75447 23.754344 23.754218 23.754092 23.753965 23.753839 23.753712 23.753586 23.753459 23.753332 23.753206 23.753079 23.752952 23.752825 23.752698 23.752571 23.752443 23.752316 23.752188 23.752061 23.751933 23.751805 23.751677 23.751549 23.751421 23.751293 23.751164 23.751036 23.750907 23.750779 23.75065
23.757883 23.757757 23.757631 23.757505 23.757379 23.757253 23.757127 23.757001 23.756876 23.756751 23.756625 23.7565 23.756375 23.75625 23.756125 23.756 23.755875 23.755751 23.755626 23.755501 23.755377 23.755252 23.755128 23.755003 23.754879 23.754754 23.75463 23.754505 23.75438 23.754256 23.754131 23.754006 23.753882 23.753757 23.753632 23.753507 23.753382 23.753257 23.753131 23.753006 23.75288 23.752755 23.752629 23.752503 23.752377 23.752251 23.752125 23.751999 23.751872 23.751746 23.751619 23.751492 23.751365 23.751238 23.751111 23.750983 23.750856 23.750728 23.7506 23.750472
23.757611 23.757487 23.757363 23.757239 23.757115 23.756992 23.756868 23.756745 23.756621 23.756498 23.756375 23.756252 23.756128 23.756005 23.755883 23.75576 23.755637 23.755514 23.755391 23.755269 23.755146 23.755023 23.7549 23.754778 23.754655 23.754532 23.754409 23.754286 23.754164 23.754041 23.753917 23.753794 23.753671 23.753548 23.753424 23.753301 23.753177 23.753053 23.75293 23.752806 23.752681 23.752557 23.752433 23.752308 23.752184 23.752059 23.751934 23.751808 23.751683 23.751558 23.751432 23.751306 23.75118 23.751054 23.750928 23.750802 23.750675 23.750548 23.750422 23.750295
23.757338 23.757216 23.757094 23.756973 23.756851 23.75673 23.756608 23.756487 23.756366 23.756245 23.756123 23.756002 23.755881 23.75576 23.755639 23.755519 23.755398 23.755277 23.755156 23.755035 23.754914 23.754793 23.754673 23.754552 23.754431 23.75431 23.754189 23.754067 23.753946 23.753825 23.753703 23.753582 23.75346 23.753338 23.753217 23.753094 23.752972 23.75285 23.752728 23.752605 23.752482 23.752359 23.752236 23.752113 23.751989 23.751866 23.751742 23.751618 23.751494 23.751369 23.751245 23.75112 23.750995 23.75087 23.750745 23.75062 23.750494 23.750368 23.750242 23.750116
23.757064 23.756945 23.756825 23.756706 23.756586 23.756467 23.756348 23.756229 23.75611 23.755991 23.755872 23.755753 23.755634 23.755515 23.755396 23.755277 23.755158 23.755039 23.75492 23.754801 23.754682 23.754563 23.754444 23.754325 23.754206 23.754087 23.753967 23.753848 23.753728 23.753609 23.753489 23.753369 23.753249 23.753129 23.753008 23.752888 23.752767 23.752646 23.752525 23.752404 23.752282 23.752161 23.752039 23.751917 23.751795 23.751672 23.75155 23.751427 23.751304 23.751181 23.751057 23.750934 23.75081 23.750686 23.750562 23.750437 23.750313 23.750188 23.750063 23.749938
23.75679 23.756673 23.756555 23.756438 23.756321 23.756204 23.756087 23.75597 23.755853 23.755736 23.755619 23.755502 23.755386 23.755269 23.755152 23.755035 23.754918 23.754801 23.754684 23.754567 23.75445 23.754333 23.754216 23.754098 23.753981 23.753864 23.753746 23.753628 23.75351 23.753392 23.753274 23.753156 23.753037 23.752919 23.7528 23.752681 23.752561 23.752442 23.752322 23.752203 23.752082 23.751962 23.751842 23.751721 23.7516 23.751479 23.751357 23.751236 23.751114 23.750992 23.75087 23.750747 23.750624 23.750501 23.750378 23.750255 23.750131 23.750007 23.749883 23.749759
23.756515 23.7564 23.756285 23.75617 23.756055 23.75594 23.755826 23.755711 23.755596 23.755481 23.755366 23.755252 23.755137 23.755022 23.754907 23.754792 23.754678 23.754563 23.754448 23.754332 23.754217 23.754102 23.753987 23.753871 23.753756 23.75364 23.753524 23.753408 23.753292 23.753175 23.753059 23.752942 23.752825 23.752708 23.752591 23.752473 23.752356 23.752238 23.752119 23.752001 23.751882 23.751763 23.751644 23.751525 23.751405 23.751285 23.751165 23.751044 23.750924 23.750803 23.750681 23.75056 23.750438 23.750316 23.750194 23.750071 23.749949 23.749826 23.749703 23.749579
23.75624 23.756127 23.756014 23.755902 23.755789 23.755676 23.755564 23.755451 23.755339 23.755226 23.755113 23.755001 23.754888 23.754775 23.754662 23.75455 23.754437 23.754324 23.754211 23.754098 23.753984 23.753871 23.753757 23.753644 23.75353 23.753416 23.753302 23.753188 23.753073 23.752958 23.752844 23.752728 23.752613 23.752498 23.752382 23.752266 23.752149 23.752033 23.751916 23.751799 23.751682 23.751564 23.751446 23.751328 23.75121 23.751091 23.750972 23.750852 23.750733 23.750613 23.750493 23.750373 23.750252 23.750131 23.75001 23.749888 23.749766 23.749644 23.749522 23.7494
