Buriganga/data/geodata/HIWA.tif
NCOLS 712
NROWS 501
XLLCORNER 90.275337
YLLCORNER 23.674959
DX 0.00027163359
DY 0.00027191018
NODATA_VALUE -9999
[rows 416 to 441 of 501, columns 240 to 299 of 712]
23.729322 23.729207 23.729092 23.728977 23.728862 23.728747 23.728632 23.728517 23.728402 23.728288 23.728173 23.728059 23.727945 23.727832 23.727718 23.727606 23.727493 23.727381 23.727269 23.727158 23.727047 23.726937 23.726827 23.726718 23.726609 23.726501 23.726394 23.726288 23.726182 23.726077 23.725973 23.72587 23.725768 23.725666 23.725565 23.725466 23.725367 23.725269 23.725172 23.725077 23.724982 23.724888 23.724795 23.724704 23.724613 23.724524 23.724435 23.724348 23.724261 23.724176 23.724092 23.724009 23.723927 23.723846 23.723766 23.723687 23.723609 23.723532 23.723455 23.72338
23.729319 23.729205 23.729091 23.728977 23.728863 23.728749 23.728636 23.728522 23.728408 23.728295 23.728182 23.728069 23.727956 23.727843 23.727731 23.727619 23.727508 23.727397 23.727286 23.727176 23.727066 23.726957 23.726848 23.72674 23.726633 23.726526 23.72642 23.726314 23.72621 23.726106 23.726003 23.7259 23.725799 23.725698 23.725598 23.725499 23.725401 23.725304 23.725208 23.725113 23.725019 23.724925 23.724833 23.724742 23.724652 23.724563 23.724475 23.724387 23.724301 23.724216 23.724132 23.724049 23.723967 23.723886 23.723806 23.723727 23.723649 23.723571 23.723495 23.723419
23.729316 23.729203 23.72909 23.728977 23.728865 23.728752 23.728639 23.728526 23.728414 23.728302 23.728189 23.728078 23.727966 23.727854 23.727743 23.727633 23.727522 23.727412 23.727303 23.727194 23.727085 23.726977 23.726869 23.726762 23.726656 23.72655 23.726445 23.72634 23.726236 23.726133 23.726031 23.725929 23.725829 23.725729 23.72563 23.725532 23.725434 23.725338 23.725242 23.725148 23.725054 23.724961 23.72487 23.724779 23.724689 23.7246 23.724513 23.724426 23.72434 23.724255 23.724171 23.724088 23.724006 23.723925 23.723845 23.723766 23.723687 23.72361 23.723533 23.723457
23.729313 23.729201 23.729089 23.728978 23.728866 23.728754 23.728642 23.728531 23.728419 23.728308 23.728197 23.728086 23.727976 23.727865 23.727755 23.727646 23.727536 23.727427 23.727319 23.727211 23.727103 23.726996 23.726889 23.726783 23.726678 23.726573 23.726469 23.726365 23.726262 23.72616 23.726059 23.725958 23.725858 23.725759 23.72566 23.725563 23.725466 23.72537 23.725276 23.725182 23.725088 23.724996 23.724905 23.724815 23.724725 23.724637 23.724549 23.724463 23.724377 23.724292 23.724209 23.724126 23.724044 23.723963 23.723882 23.723803 23.723724 23.723647 23.72357 23.723493
23.72931 23.729199 23.729088 23.728978 23.728867 23.728756 23.728645 23.728535 23.728425 23.728314 23.728204 23.728095 23.727985 23.727876 23.727767 23.727658 23.72755 23.727442 23.727334 23.727227 23.727121 23.727014 23.726909 23.726804 23.726699 23.726595 23.726492 23.726389 23.726287 23.726186 23.726085 23.725985 23.725886 23.725788 23.72569 23.725593 23.725497 23.725402 23.725308 23.725214 23.725122 23.72503 23.724939 23.724849 23.72476 23.724672 23.724585 23.724498 23.724413 23.724328 23.724244 23.724162 23.72408 23.723999 23.723918 23.723839 23.72376 23.723682 23.723605 23.723528
23.729307 23.729197 23.729087 23.728978 23.728868 23.728758 23.728648 23.728539 23.72843 23.72832 23.728211 23.728103 23.727994 23.727886 23.727778 23.72767 23.727563 23.727456 23.727349 23.727243 23.727138 23.727032 23.726928 23.726823 23.72672 23.726617 23.726514 23.726412 23.726311 23.726211 23.726111 23.726012 23.725913 23.725815 23.725718 23.725622 23.725527 23.725432 23.725339 23.725246 23.725153 23.725062 23.724972 23.724882 23.724794 23.724706 23.724619 23.724533 23.724447 23.724363 23.724279 23.724196 23.724114 23.724033 23.723953 23.723873 23.723794 23.723716 23.723638 23.723562
23.729304 23.729195 23.729086 23.728977 23.728869 23.72876 23.728651 23.728543 23.728434 23.728326 23.728218 23.72811 23.728003 23.727896 23.727789 23.727682 23.727575 23.72747 23.727364 23.727259 23.727154 23.72705 23.726946 23.726843 23.72674 23.726638 23.726536 23.726435 23.726334 23.726235 23.726136 23.726037 23.725939 23.725842 23.725746 23.72565 23.725556 23.725462 23.725368 23.725276 23.725184 23.725093 23.725003 23.724914 23.724826 23.724738 23.724651 23.724565 23.72448 23.724396 23.724312 23.72423 23.724148 23.724066 23.723986 23.723906 23.723827 23.723749 23.723671 23.723594
23.729301 23.729193 23.729085 23.728977 23.728869 23.728761 23.728654 23.728546 23.728439 23.728332 23.728225 23.728118 23.728011 23.727905 23.727799 23.727693 23.727588 23.727483 23.727378 23.727274 23.72717 23.727066 23.726963 23.726861 23.726759 23.726658 23.726557 23.726457 23.726357 23.726258 23.726159 23.726062 23.725965 23.725868 23.725773 23.725678 23.725583 23.72549 23.725397 23.725305 23.725214 23.725123 23.725034 23.724945 23.724857 23.724769 23.724683 23.724597 23.724512 23.724428 23.724344 23.724262 23.72418 23.724098 23.724018 23.723938 23.723859 23.72378 23.723702 23.723624
23.729298 23.729191 23.729084 23.728977 23.72887 23.728763 23.728656 23.72855 23.728443 23.728337 23.728231 23.728125 23.728019 23.727914 23.727809 23.727704 23.727599 23.727495 23.727391 23.727288 23.727185 23.727082 23.72698 23.726879 23.726778 23.726677 23.726577 23.726477 23.726379 23.72628 23.726183 23.726085 23.725989 23.725893 23.725798 23.725704 23.72561 23.725517 23.725425 23.725333 23.725242 23.725152 23.725063 23.724975 23.724887 23.7248 23.724713 23.724628 23.724543 23.724459 23.724375 23.724292 23.72421 23.724129 23.724048 23.723968 23.723889 23.72381 23.723732 23.723654
23.729294 23.729188 23.729082 23.728976 23.72887 23.728764 23.728658 23.728553 23.728447 23.728342 23.728237 23.728132 23.728027 23.727922 23.727818 23.727714 23.727611 23.727507 23.727404 23.727302 23.7272 23.727098 23.726997 23.726896 23.726795 23.726696 23.726596 23.726498 23.726399 23.726302 23.726205 23.726108 23.726012 23.725917 23.725823 23.725729 23.725636 23.725543 23.725451 23.72536 23.72527 23.72518 23.725091 23.725003 23.724915 23.724829 23.724742 23.724657 23.724572 23.724488 23.724405 23.724322 23.72424 23.724159 23.724078 23.723998 23.723918 23.723839 23.72376 23.723682
23.729291 23.729186 23.729081 23.728975 23.72887 23.728765 23.72866 23.728556 23.728451 23.728346 23.728242 23.728138 23.728034 23.727931 23.727827 23.727724 23.727621 23.727519 23.727417 23.727315 23.727214 23.727113 23.727012 23.726912 23.726813 23.726714 23.726615 23.726517 23.726419 23.726322 23.726226 23.72613 23.726035 23.72594 23.725847 23.725753 23.72566 23.725568 23.725477 23.725386 23.725296 23.725207 23.725118 23.72503 23.724943 23.724856 23.72477 23.724685 23.7246 23.724516 23.724433 23.72435 23.724268 23.724187 23.724106 23.724026 23.723946 23.723867 23.723788 23.72371
23.729287 23.729183 23.729079 23.728975 23.72887 23.728766 23.728662 23.728558 23.728454 23.728351 23.728247 23.728144 23.728041 23.727938 23.727836 23.727734 23.727632 23.72753 23.727429 23.727328 23.727227 23.727127 23.727027 23.726928 23.726829 23.726731 23.726633 23.726536 23.726439 23.726342 23.726247 23.726151 23.726057 23.725963 23.725869 23.725776 23.725684 23.725593 23.725502 23.725411 23.725322 23.725233 23.725144 23.725057 23.72497 23.724883 23.724797 23.724712 23.724628 23.724544 23.72446 23.724378 23.724296 23.724214 23.724133 23.724053 23.723973 23.723893 23.723814 23.723736
23.729284 23.72918 23.729077 23.728974 23.72887 23.728767 23.728664 23.728561 23.728458 23.728355 23.728252 23.72815 23.728048 23.727946 23.727844 23.727743 23.727641 23.727541 23.72744 23.72734 23.72724 23.727141 23.727042 23.726943 23.726845 23.726747 23.72665 23.726553 23.726457 23.726362 23.726266 23.726172 23.726078 23.725984 23.725891 23.725799 23.725707 23.725616 23.725525 23.725435 23.725346 23.725257 23.725169 23.725082 23.724995 23.724909 23.724823 23.724738 23.724654 23.72457 23.724486 23.724404 23.724322 23.72424 23.724159 23.724078 23.723998 23.723918 23.723839 23.72376
23.72928 23.729178 23.729075 23.728972 23.72887 23.728767 23.728665 23.728563 23.728461 23.728359 23.728257 23.728155 23.728054 23.727953 23.727852 23.727751 23.727651 23.727551 23.727451 23.727352 23.727253 23.727154 23.727056 23.726958 23.72686 23.726763 23.726667 23.726571 23.726475 23.72638 23.726285 23.726191 23.726098 23.726005 23.725912 23.72582 23.725729 23.725638 23.725548 23.725459 23.72537 23.725281 23.725193 23.725106 23.725019 23.724933 23.724848 23.724763 23.724679 23.724595 23.724512 23.724429 23.724347 23.724265 23.724184 23.724103 23.724023 23.723943 23.723863 23.723784
23.729277 23.729175 23.729073 23.728971 23.728869 23.728768 23.728666 23.728565 23.728463 23.728362 23.728261 23.72816 23.72806 23.727959 23.727859 23.727759 23.72766 23.72756 23.727461 23.727363 23.727264 23.727166 23.727069 23.726972 23.726875 23.726779 23.726683 23.726587 23.726492 23.726398 23.726304 23.72621 23.726117 23.726024 23.725932 23.725841 23.72575 23.72566 23.72557 23.725481 23.725392 23.725304 23.725216 23.725129 23.725043 23.724957 23.724872 23.724787 23.724703 23.724619 23.724536 23.724453 23.724371 23.724289 23.724207 23.724127 23.724046 23.723966 23.723886 23.723807
23.729273 23.729172 23.729071 23.72897 23.728869 23.728768 23.728667 23.728566 23.728466 23.728365 23.728265 23.728165 23.728065 23.727966 23.727866 23.727767 23.727668 23.72757 23.727471 23.727373 23.727276 23.727178 23.727082 23.726985 23.726889 23.726793 23.726698 23.726603 23.726508 23.726414 23.726321 23.726228 23.726135 23.726043 23.725952 23.725861 23.72577 23.72568 23.725591 23.725502 23.725413 23.725326 23.725238 23.725152 23.725065 23.72498 23.724894 23.72481 23.724725 23.724642 23.724559 23.724476 23.724393 23.724312 23.72423 23.724149 23.724069 23.723988 23.723909 23.723829
23.729269 23.729168 23.729068 23.728968 23.728868 23.728768 23.728668 23.728568 23.728468 23.728368 23.728269 23.72817 23.72807 23.727972 23.727873 23.727774 23.727676 23.727578 23.727481 23.727384 23.727287 23.72719 23.727094 23.726998 23.726902 23.726807 23.726712 23.726618 23.726524 23.726431 23.726338 23.726245 23.726153 23.726061 23.72597 23.72588 23.72579 23.7257 23.725611 23.725522 23.725434 23.725347 23.725259 23.725173 23.725087 23.725001 23.724916 23.724832 23.724747 23.724664 23.724581 23.724498 23.724415 23.724334 23.724252 23.724171 23.72409 23.72401 23.72393 23.72385
23.729265 23.729165 23.729066 23.728966 23.728867 23.728767 23.728668 23.728569 23.72847 23.728371 23.728272 23.728174 23.728075 23.727977 23.727879 23.727781 23.727684 23.727587 23.72749 23.727393 23.727297 23.727201 23.727105 23.72701 23.726915 23.72682 23.726726 23.726632 23.726539 23.726446 23.726354 23.726262 23.72617 23.726079 23.725988 23.725898 23.725808 23.725719 23.72563 23.725542 23.725454 23.725367 23.72528 23.725193 23.725107 23.725022 23.724937 23.724852 23.724768 23.724685 23.724602 23.724519 23.724436 23.724354 23.724273 23.724192 23.724111 23.72403 23.72395 23.72387
23.72926 23.729162 23.729063 23.728964 23.728865 23.728767 23.728668 23.72857 23.728471 23.728373 23.728275 23.728177 23.72808 23.727982 23.727885 23.727788 23.727691 23.727595 23.727498 23.727402 23.727307 23.727211 23.727116 23.727021 23.726927 23.726833 23.726739 23.726646 23.726553 23.726461 23.726369 23.726277 23.726186 23.726095 23.726005 23.725915 23.725826 23.725737 23.725648 23.72556 23.725473 23.725386 23.725299 23.725213 23.725127 23.725042 23.724957 23.724872 23.724788 23.724705 23.724622 23.724539 23.724457 23.724374 23.724293 23.724211 23.72413 23.72405 23.723969 23.723889
23.729256 23.729158 23.72906 23.728962 23.728864 23.728766 23.728668 23.72857 23.728473 23.728375 23.728278 23.728181 23.728084 23.727987 23.72789 23.727794 23.727698 23.727602 23.727506 23.727411 23.727316 23.727221 23.727127 23.727032 23.726939 23.726845 23.726752 23.726659 23.726567 23.726475 23.726383 23.726292 23.726202 23.726111 23.726021 23.725932 23.725843 23.725754 23.725666 23.725578 23.725491 23.725404 23.725318 23.725232 23.725146 23.725061 23.724976 23.724892 23.724808 23.724724 23.724641 23.724558 23.724476 23.724394 23.724312 23.72423 23.724149 23.724068 23.723988 23.723907
23.729252 23.729154 23.729057 23.72896 23.728862 23.728765 23.728668 23.728571 23.728474 23.728377 23.72828 23.728184 23.728088 23.727991 23.727895 23.7278 23.727704 23.727609 23.727514 23.727419 23.727325 23.72723 23.727136 23.727043 23.72695 23.726857 23.726764 23.726672 23.72658 23.726488 23.726397 23.726307 23.726216 23.726126 23.726037 23.725948 23.725859 23.725771 23.725683 23.725595 23.725508 23.725421 23.725335 23.725249 23.725164 23.725079 23.724994 23.72491 23.724826 23.724743 23.724659 23.724577 23.724494 23.724412 23.72433 23.724248 23.724167 23.724086 23.724005 23.723924
23.729247 23.72915 23.729054 23.728957 23.72886 23.728764 23.728667 23.728571 23.728475 23.728379 23.728283 23.728187 23.728091 23.727995 23.7279 23.727805 23.72771 23.727615 23.727521 23.727427 23.727333 23.727239 23.727146 23.727053 23.72696 23.726868 23.726776 23.726684 23.726592 23.726501 23.726411 23.72632 23.72623 23.726141 23.726052 23.725963 23.725874 23.725786 23.725699 23.725611 23.725525 23.725438 23.725352 23.725266 23.725181 23.725096 23.725012 23.724927 23.724844 23.72476 23.724677 23.724594 23.724512 23.724429 23.724347 23.724266 23.724184 23.724103 23.724022 23.723941
23.729242 23.729146 23.72905 23.728954 23.728858 23.728762 23.728667 23.728571 23.728475 23.72838 23.728284 23.728189 23.728094 23.727999 23.727904 23.72781 23.727716 23.727621 23.727528 23.727434 23.727341 23.727248 23.727155 23.727062 23.72697 23.726878 23.726786 23.726695 23.726604 23.726513 23.726423 23.726333 23.726244 23.726154 23.726066 23.725977 23.725889 23.725801 23.725714 23.725627 23.72554 23.725454 23.725368 23.725283 23.725198 23.725113 23.725028 23.724944 23.72486 23.724777 23.724694 23.724611 23.724528 23.724446 23.724364 23.724282 23.7242 23.724119 23.724038 23.723957
23.729238 23.729142 23.729047 23.728951 23.728856 23.728761 23.728666 23.72857 23.728475 23.728381 23.728286 23.728191 23.728097 23.728002 23.727908 23.727814 23.727721 23.727627 23.727534 23.727441 23.727348 23.727255 23.727163 23.727071 23.726979 23.726888 23.726797 23.726706 23.726615 23.726525 23.726435 23.726346 23.726256 23.726168 23.726079 23.725991 23.725903 23.725816 23.725728 23.725642 23.725555 23.725469 23.725384 23.725298 23.725213 23.725128 23.725044 23.72496 23.724876 23.724793 23.72471 23.724627 23.724544 23.724462 23.72438 23.724298 23.724216 23.724134 23.724053 23.723972
23.729233 23.729138 23.729043 23.728948 23.728854 23.728759 23.728664 23.72857 23.728475 23.728381 23.728287 23.728193 23.728099 23.728005 23.727912 23.727819 23.727725 23.727632 23.72754 23.727447 23.727355 23.727263 23.727171 23.727079 23.726988 23.726897 23.726806 23.726716 23.726626 23.726536 23.726447 23.726357 23.726269 23.72618 23.726092 23.726004 23.725916 23.725829 23.725742 23.725656 23.72557 23.725484 23.725398 23.725313 23.725228 23.725143 23.725059 23.724975 23.724891 23.724808 23.724725 23.724642 23.724559 23.724477 23.724395 23.724313 23.724231 23.724149 23.724068 23.723986
23.729227 23.729133 23.729039 23.728945 23.728851 23.728757 23.728663 23.728569 23.728475 23.728382 23.728288 23.728195 23.728101 23.728008 23.727915 23.727822 23.72773 23.727637 23.727545 23.727453 23.727361 23.72727 23.727178 23.727087 23.726996 23.726906 23.726816 23.726726 23.726636 23.726546 23.726457 23.726369 23.72628 23.726192 23.726104 23.726016 23.725929 23.725842 23.725756 23.725669 23.725583 23.725497 23.725412 23.725327 23.725242 23.725158 23.725074 23.72499 23.724906 23.724823 23.724739 23.724656 23.724574 23.724491 23.724409 23.724327 23.724245 23.724163 23.724081 23.724
