,CdS,CrS,NiS,CuS,ZnS,MnS,HgS,AsS,PbS
0,1.2507548227039078,0.17451403648321773,0.4223711622144729,2.5087884049915052,0.8162809705201335,2.2663332807468155,0.11514256224010426,0.16114576912635492,0.6670514095037626
1,0.8066746713762418,0.7752227908845564,0.22850363666542606,1.5171984759942316,0.10355312747814971,2.92716305032434,0.07241794704964863,0.12257436248402206,1.013777105653967
2,0.6706127083806876,0.8399507095693461,0.5813586052940918,0.6647844211927645,0.397771040105722,2.16048856221638,0.13386563281402472,0.07020103341699502,0.3695454141684533
3,1.2861167366321709,0.030063941523614857,0.34492243727736316,0.2940856733177657,0.8824985453370093,2.4619152689101567,0.1385741377966539,0.05816606702884559,1.4141753556504288
4,1.4848302143776029,0.958615204882177,0.602629340048875,0.9203348251304286,0.64447897583036,1.9957751325655295,0.17778139732801726,0.10958561120639386,2.075385099481652
5,0.5397724366269399,0.18950750061212768,0.6063234795085011,1.9807166890576098,0.6484142738226405,3.1912649853314212,0.017885445327270377,0.07257602745746136,1.0525435385638606
6,1.8597846721977553,0.45692118054517405,0.5045699852424607,1.0188048464764083,0.36475993640377735,1.034181512949078,0.009545791757742006,0.1432405236831351,1.3542970742547409
7,0.059376555332059905,0.7860943312430426,0.8186868179821034,1.4565102605311124,0.3818499803205852,4.354749413689934,0.05578980435195741,0.08817865551817379,1.284264821768971
8,1.1623033981388973,0.11447568966979355,0.31745902728170583,0.3842856936608632,0.5018511092025739,2.14222407870449,0.1332039919078298,0.11416357046906797,1.1342262937775536
9,1.0908210792076019,0.8637643818088994,0.2569858117666466,1.2983759501191838,0.5220883252031809,1.9536543159869033,0.03276487193993405,0.13076576261479333,0.7989801426678445
10,0.28290604368856126,0.7465262279619942,0.16771289760725885,1.0589680156006762,0.7209559605173499,1.2690250481088925,0.16704962929903436,0.10934180482050536,0.5792888470096162
11,1.0924816097951542,0.2287157486866393,0.617324511926551,1.7972122011161837,0.5828120754127967,1.17396068044898,0.09996450950081104,0.12786802393666372,0.11187881691409629
12,0.09135005237780172,0.1318067296124191,0.2415967844380717,0.5677382977046426,0.15270534577465283,2.216687606645809,0.25392760327533936,0.12685206472095367,0.07480260005889017
13,0.7028259673252856,1.2927991941649746,0.29191601276894447,0.6335825826588197,0.6767165083448243,1.999257128510378,0.09794675390641644,0.15862936708712805,0.75995945715429
14,0.15240353511975463,0.7556637348066898,0.6940063550620916,0.23680195668862702,0.8475789462950173,3.2454137579635987,0.16110528904578336,0.12358808263637949,0.4327917477280479
15,1.0489396369478268,0.9890930064482335,0.5036460234139554,1.3300861852566341,0.25108663134847947,2.5262247932115187,0.04341804076036504,0.05226997218064583,1.607731270121927
16,0.12854346191895696,0.44333555105429023,0.2313398772838444,0.6708381470830977,0.2385192777674321,2.7783749681802212,0.11653306954600066,0.0853717085941825,1.2230373165824528
17,0.5649496156337983,0.26585082358591694,0.5429327238583161,0.9639117537577682,0.4205857840559582,0.9237370171695497,0.11541732326079453,0.13915889516510746,1.01353638791393
18,0.30625195731578725,0.7974039570300335,0.18713599613711623,1.031628813591552,0.32067246164658547,0.940672746903628,0.07868215725251428,0.06594559894851368,1.157752688973047
19,0.8024786521889116,0.24517528781056305,0.740832355151388,1.1453929169881825,0.5402071653466349,3.256862229944479,0.16711271284104298,0.04119853245062474,0.5622012207552955
20,0.7124059088031884,1.1647938967138778,0.3550955111063275,1.5507904565746191,0.46452053821289313,0.8664424927433311,0.08712958059976172,0.0443764339734233,2.2468685880782435
21,0.7232278440475717,0.02635528765990619,0.5417945739807497,1.5992147264469907,0.37699688512997664,2.2505720913315543,0.043896220858734666,0.005133842867629995,1.471013469357497
22,0.8493677485840132,1.804626653077138,0.31370353006113566,2.505248544939741,0.48140532413563175,2.2432665781210224,0.19448480592722683,0.09190559147180768,0.8874741786373352
23,0.990332903174671,0.8716686125071358,0.31982619528965717,0.6330643828108973,0.7711045662989765,0.8831051922119102,0.04608935437778667,0.13841890643654886,0.48917964971959743
24,0.15082244542591614,0.4310265982698116,0.552690253417599,1.2657086414475294,0.35119102130708246,2.784982451815374,0.12241521549661269,0.14461631346814396,0.7515730382204383
25,0.1886219870634837,0.1588898353396699,0.5406400917546973,1.9940232012387975,0.43538026866320684,1.1406816311728707,0.11627741333969226,0.13221853583567714,1.5805168394290061
26,0.9019472708695433,0.5291643033583262,0.25673388436257805,1.833666403265179,0.6818252389281667,2.7367876927847137,0.04760378029255997,0.11168318089364423,1.9323192361496293
27,0.22196249921877548,0.3227214002926054,0.2742073361981327,1.0116023480275282,0.45126744645180156,2.013314201497368,0.06296330627938776,0.11556447287745433,0.5723482447565515
28,0.5008950541482455,0.9542340972444936,0.5206388447665018,0.39278005382235237,0.5308675261625445,1.4475962637472106,0.1460738248521128,0.08743192678729712,1.4698496274888708
29,0.11861016810844957,0.47653607369992695,0.9253441488487464,0.5671903646851135,0.9093314268576842,1.077399254359366,0.1552453089454961,0.0930103100289833,2.1263589455311784
30,0.42328320735313235,0.06846261079852034,0.9969537735302249,1.8371251633133012,0.45043514794172923,0.4483283295549372,0.2513912142239978,0.16284537594261483,0.6825447953493669
31,0.6825395958664011,0.348411712240597,0.18565704947539108,1.95935162948262,0.4342911901457427,1.990412316382681,0.02506817244575206,0.11552810413328288,0.25266390156165885
32,0.7483626654891681,0.5727007952450571,0.6507919061421786,0.812616302881819,0.6084882162508161,0.6913842848505862,0.0748415397504852,0.07500034687417204,0.32697736406753
33,1.1886978543851656,0.597566492485275,0.17764378441660564,1.1877523807276078,0.4398230013052882,1.8782125721470964,0.0785053876817106,0.10521533447635995,0.9584897882404404
34,0.08342928795753124,0.344419140927565,0.44944399676306573,0.8961157069217593,0.39752982952467986,2.7541775139413103,0.26283106313651683,0.10762072482337742,0.6743504686212468
35,1.8337117594508854,0.012893282640645598,0.6175078589268623,0.18873454989137428,0.3007918045704092,1.9944892020818552,0.0757831032294795,0.08388671852536325,0.7336262024332245
36,0.3376977479803167,0.015493861489653482,0.7329727369840704,1.0633126830160375,0.39786859849045253,0.6853134511070229,0.06576833041950635,0.08949246429993452,0.42605093620776385
37,0.011974040270386288,0.2924305250568794,0.14700564347260714,0.13641349410965964,0.549786925830464,1.1483751017724222,0.08957944339280938,0.1116083908891746,1.2018870114473654
38,0.34503421762367803,0.7457619849797494,0.642860660378697,1.543343901111962,0.48756506603205246,1.7552159296989152,0.13393497301176274,0.08744302174695569,1.3872443995355224
39,0.35562098039695295,0.31606620693677107,0.411790824135297,0.6565157215066658,0.5959305033171723,0.32919803382550206,0.040759791019561675,0.0724725003691899,1.7221363546214312
40,0.9951322223689096,0.6875311308613112,0.20378912180855063,2.1996200142686377,0.5596912318771439,1.3039743149298881,0.15734507802213968,0.09564252945094756,1.6517690904805515
41,0.37977963629613354,0.350502613167777,0.13184749553340733,1.145733048408044,0.4323628880122909,2.6993768932850113,0.141323562048434,0.12575821623257114,1.382791700527564
42,0.9153946448849628,0.8979261228862134,0.5684870795642631,1.0579771136947647,0.7326207678944907,2.3566628052615517,0.07864658305609633,0.0698252626941307,0.4878803752488954
43,0.945048049955453,0.5000727841268416,0.42019535374174377,1.3902451422385094,0.7895762260702679,0.5319617095405187,0.08513134839694303,0.11429997237913721,1.3451641807327968
44,0.5655326906096878,0.7124489913540333,0.5800075068768831,1.2882641907906502,0.9416704615600185,1.8353787783843987,0.23479842136067441,0.1094783131638811,1.1744535083280139
45,0.657308238710157,0.3995569967500045,0.05792116745175868,1.3794649008285331,0.5185026257291847,2.025097428451027,0.04115464428347834,0.0716006290157292,0.9122207549069543
46,0.9151296812074865,0.23155230057918297,0.5933867797988241,1.0796470404289162,0.4834178930886355,1.3976791764233245,0.18793030921094267,0.1069627230830218,0.8088111141645691
47,1.4917399328462426,0.8872045356746472,0.32309512732812856,1.6485582922727025,0.5830172256044266,1.9255311197824894,0.08437619036728282,0.03992124278706027,0.01037600431732899
48,0.2008877423340934,0.25883045605067373,0.3809566374545745,0.9551103235423672,0.3121371032377934,0.6310969814050085,0.05830656662015102,0.1334407725509372,0.9674696395941795
49,0.6834384430200966,0.4496763025628027,0.22794841700216806,1.590484888489229,1.0062417706024867,1.544210550477628,0.24054292670194322,0.05223745884082018,1.4657782087299807
50,0.016942720757162688,1.1052724028400929,0.02889657194192108,0.005038281796454935,0.8681283337244249,2.2756234973111718,0.12618321225062157,0.14830636159499566,0.7096041230332598
51,0.4650431520801136,1.3687788769126932,0.3250152498143415,0.12705043065292987,0.421075857594005,1.0326591538241,0.04567452213151195,0.10241433649201082,0.23686707167275933
52,0.6273208735158431,0.22795955063110246,0.2809721829977735,0.8758620774774869,0.2307525222460956,0.11085959505776022,0.11381248601634682,0.11417911284701873,0.7689633374138991
53,0.23633814638855202,0.2571422896500878,0.010004652248910062,0.2948287831368793,0.47323979829672824,1.9725437488514037,0.10031459668480655,0.0920800608431003,1.2901855362407926
54,1.8615043902479675,0.40848996585341435,0.16422318855403062,1.6904720860222167,0.31669641518518754,2.423874297678183,0.16109182446225617,0.10913894941500037,1.1689310882045871
55,0.2639055870542683,0.9008649842517902,0.2586968064005001,1.852019871442482,0.6694664083418682,1.7707126776829663,0.21908589129748618,0.1119960927103405,1.4357463790924085
56,0.7836428428034778,0.3222561759192388,0.15368825958681184,0.4926215813451416,0.4261803096187963,3.4314568629798026,0.16638185731162589,0.059942366101967355,1.8296846236489561
57,0.3511344960445093,0.9732852256439308,0.6188870948810457,2.2872149271946767,0.5723142309891086,1.8869605077579816,0.018405699951090607,0.12413312596755843,0.1601978471476453
58,0.5103353337071284,0.09222453672312791,0.4173712051647925,1.02658199178018,0.6358909282580463,0.8987941216426716,0.03460276239594322,0.057175871583259985,2.6689938741031742
59,1.3963227002946679,0.13433290133362996,0.10448797612583757,1.9691956817123732,0.6316197787339474,2.365069555581334,0.03792176445487119,0.07365152828426236,0.9148499794242162
60,0.5270048026279074,0.42125708600681533,0.2539075163589031,3.1274580958758538,0.7593924515204991,2.8924777313200143,0.06195841537808471,0.05790622682894901,1.3680011627409763
61,0.5710666180523873,0.8428864691354208,0.015154415284807377,1.3885512712556576,0.4702263564473711,1.0999530409149005,0.18606966836065347,0.07725838782367894,0.006528050605662417
62,0.8343122586099014,0.6698836097542666,0.16959517962409512,1.3730745295388773,0.6931165654628103,2.013005505240227,0.11963379573501681,0.06328057887271055,1.2283727362055359
63,0.28629298899104416,0.018479472138668296,0.36992584005713336,0.16190661574711118,0.06837135813219003,2.4638895604435582,0.10267483953358528,0.09116139257734854,0.3777444251881911
64,0.5988689211327709,0.41246952447184343,0.3727923098640751,0.7228888790754386,0.27855465076307495,0.4887742174541474,0.03786268722860932,0.14036334247192767,1.380462862718391
65,0.9981600191513849,0.3141778684888413,0.2999814781870991,0.45082173999726516,0.30429704493303156,1.0133452515562809,0.024344076633756817,0.12926321257940526,2.129921270452153
66,0.6530126092846387,0.9115750020135687,0.48625654006576213,2.2069680985527866,0.6130888455272929,0.9004168855780125,0.07863743065707521,0.08852245368421635,0.0021277056779849257
67,0.8912064900776517,0.3615619115809877,0.5364971612171662,0.6081269304941608,0.7290496009688928,2.9459362327177954,0.11170200865323143,0.08514805270896608,1.0665008438266124
68,1.0943918858336301,1.0117289635632922,0.36986102435469415,1.4005253854992277,0.40476600630910975,1.5477673271977501,0.13328590889328817,0.10448236887810923,1.5332237468188348
69,1.3655186646936954,0.3390824944645161,0.23980953433044208,0.4066091198607923,0.5168756272625649,1.2188310159040034,0.015716168879433542,0.17354975867701689,2.4714732773624837
70,1.0170306369370707,0.4750787050408196,0.25792251700865537,0.5253283076948476,0.6052594516116696,1.506677541421414,0.1861024306525744,0.09274112865069267,0.5887092548710962
71,0.10348143097416315,0.8784176100309478,0.21520470270192213,0.5355936804088637,0.19864795306976402,2.039942395237758,0.11224983238805486,0.08873849469035898,0.6075782833237835
72,0.773350505371885,0.5009325310141455,0.013112638971209623,1.4684791530352448,0.5231922746362687,0.20810794226643003,0.015584750581265919,0.15642692672061137,1.0405477087136328
73,0.16262413283060034,1.467328925376116,0.5080136266213597,0.7262256740228413,0.6406995794019474,2.2072035251069826,0.09136373016694958,0.07834145828382162,0.32483315943465596
74,0.6270104869397511,1.060059566931371,0.01855074107997673,1.1725491326379742,0.32535006870215777,2.861158788776092,0.1315749659517287,0.13657758371527437,0.0076402440401815985
75,0.37715973817957643,0.12889339239523687,0.3000547185980064,1.23499558831541,0.7366716790210506,1.8260773965183978,0.12049270119751232,0.04006877763427414,2.162492382783231
76,0.16122050605236576,1.3084344796169776,0.6599772597532488,0.6038664108127603,0.6910511304336335,2.4204276424999356,0.05272910594076569,0.06279819805678656,0.7705971969199329
77,0.10664553814406641,0.8294336858567964,0.40220113342174324,1.6755122146925907,0.27861557500048784,1.1163330025457594,0.09018364085987254,0.12221626528152016,2.6759116552925954
78,0.9269481397320405,0.4888154076128806,0.580692395982991,1.4812999448012576,0.22813746898946374,2.3959095979787226,0.25007879692262996,0.024108539484528,1.534421263852241
79,0.23459353921269557,0.6290318628924472,0.06820798484708368,0.5737159981780249,0.2551811852339417,2.8628478254539873,0.17178581366241585,0.11542486390152888,0.13081764008016772
80,0.8863980854730893,0.3227149815727342,0.8730307500390523,1.1642209769104899,0.8987176970129136,1.732714220053412,0.049598823128394275,0.009730556457988607,1.8993628307015291
81,0.618205009272681,0.4622305933830081,0.18842803545226205,0.03314512808884751,0.47105652600739967,2.8930801983554777,0.09365625268767062,0.10592559179393653,1.165166058612674
82,0.7974615947170298,0.04073410339305544,0.17457620816482014,0.2543583896252638,0.5690666924310412,0.39726146913941673,0.110848750216396,0.11667306320412928,1.0301824583302062
83,0.17606576734250315,0.7943232717400301,0.6220143920736956,0.9798058288482446,0.7653812403233919,1.2851753980840244,0.01292142433340869,0.17364131721903925,0.5054819833704965
84,1.311076529934102,0.3570491087486447,0.46881612214115276,1.4479237655548227,0.673246654026908,1.6760115432418017,0.10034564592120032,0.02911377699425062,2.1119650391314044
85,1.7908037669917836,0.5158743336190637,0.051239032224787595,1.3102983692856802,1.0452731153648736,0.8448039942588786,0.14697970032980917,0.1490716734829728,1.028204757528088
86,0.8741574194755235,0.7387607333497804,0.22061180819599752,0.32086040832461804,0.9391714440880781,1.510847042348732,0.07322528770485467,0.04407577197881369,1.3275202627416325
87,0.6715522553386497,0.7155554412929666,0.6378398458124384,1.3146622928000198,0.5365381671967068,1.9541388170020795,0.17879572703653984,0.07497436508726402,0.35900940785172974
88,1.400840615196208,0.6614400644708149,0.5220594140309973,2.4379513037577194,0.7067448188067229,1.4538710991326058,0.05536294961122044,0.07964051643616867,1.3456053109704529
89,1.1766884308051662,0.08792446386737152,0.4168593978228143,0.24147345148633093,0.4192370642490999,1.7811818058233655,0.0056764890291503,0.046321792268368765,1.5796778957253235
90,0.13738450370169644,0.20210459415339022,0.6652989509601319,1.68730453482321,0.6047982266864507,2.250306807646658,0.12906876594359962,0.09710015696987229,1.7676246105835811
91,0.06114992706914202,0.055213014572561336,0.33335856858560564,1.2953069626315774,0.6322419812286711,2.427734908095406,0.28870046629627255,0.09452606041768154,1.3269531562436951
92,0.5234539495089884,0.15835350520149444,0.2974141362424205,1.4290458279229474,0.45730207729186295,2.868682672255227,0.11541058769259266,0.08811066193435682,0.5519811048543644
93,0.8954165109988943,0.6460218527089783,0.5259605726659422,0.6125974536962038,0.6415335711028021,1.658305825411033,0.2966882567673444,0.0872573199381557,1.495993203459616
94,0.2110869805908468,1.0335124221185341,0.36323842802367645,1.535641824954453,0.41937266525318406,1.3581039850642624,0.1929143397567085,0.16689965299381454,1.1282181614788467
95,0.14060963526976977,0.21359002396763102,0.22406725042519882,1.8207509574537788,0.9995107427357526,0.31314776987978465,0.029443583673464863,0.07783504327849863,1.901105242620077
96,1.4943452209755845,0.8737775250062074,0.20143111973787456,1.35468781076834,0.3455219579396055,1.3990827514822577,0.18708403669876134,0.05641258823070787,0.9943912717149134
97,1.0386797800731276,0.07464760081189853,0.2226939113176643,0.885637389265983,0.6336292659057126,0.5759454573332268,0.06286271448322267,0.0860043911030681,1.8311537991720592
98,0.2942070236503989,0.18361963626628364,0.4338419494635906,0.2635125804926688,0.6544323316825915,4.273002270020293,0.23899628779963084,0.14687220153837355,0.6957604065201184
99,0.8501847592019984,0.1186051385337859,0.14943768868113447,1.782034444592363,0.8517507589257731,1.7625460123490841,0.007034710167925368,0.13990226117972068,1.1462820106811105
100,1.0739929564265591,0.1433823245403185,0.4249930559170092,0.1503069494860172,0.7133271388956115,1.8903158514088518,0.08769870435696939,0.06478679132016704,1.532415073057364
101,0.5468872614112616,0.25375704990764525,0.4480675301978967,1.1796472765532844,0.6738461858719318,1.9571528299746237,0.1344684020758525,0.10556168062926582,1.3339498067760576
102,0.3874307729663214,0.0659609734962871,0.3123519255928182,0.8922015603225651,0.54703445951274,1.5914540076369665,0.16931500971716196,0.059651589820018135,1.0223415730883307
103,0.11693474603945722,0.948459443513517,0.3527613118811668,0.45024647039931653,0.29846081384592704,1.5417471425559142,0.1259867744517342,0.126160072729133,1.2443806686753087
104,0.8110825686876502,0.9488056479935045,0.4274877803687491,0.4672189280105712,0.8516887592027023,2.0847091614305184,0.08844896345839111,0.07667583831519947,1.0873023055815811
105,0.3129098263811441,0.6555150200856126,0.5900879018759777,0.7328390173100889,0.5167528193425874,2.3771633696516323,0.13401308179035673,0.0999931319090571,1.4165021484264764
106,1.2206653104023926,0.6417866883606489,0.7234937920281299,0.08857801680363153,0.6134724277907522,1.2249996573176432,0.11845794243347516,0.08126680299211289,1.7544228871489835
107,0.26569162896769855,0.7162299559097082,0.1488359759595042,1.1297136685052243,0.9810673292289807,1.1947729728770922,0.11743306565516207,0.13466514622593964,0.8432045323035566
108,0.9629168925848273,0.5420993477696155,0.011855797654323597,2.3675809630536038,0.2793655301793734,1.1863951502077446,0.17510410837391943,0.09538768984485803,0.13010971923398218
109,1.695002710078302,1.2764530948427173,0.2286668099807895,1.5115125024492486,0.10018582919952834,2.540327853157043,0.0018931385356010105,0.06168967377577358,1.2635339768245584
110,0.036393463823458344,0.6502170252276107,0.3505162589079119,0.8817344354171158,0.7082665622672002,0.431928270349472,0.15957818008083288,0.08264609602627067,1.9386582212672532
111,0.6374243535588155,0.3698288636205181,1.074629806816222,1.024464401407086,0.37302600418588505,1.1117793832028378,0.13180182049835076,0.11536789550980221,1.257113086814901
112,0.4141385378744422,0.32287531999203556,0.42872805453683693,1.7981947171914565,0.47110042888860293,2.9468153604679337,0.1358168798211354,0.1028222218511659,1.174082699550199
113,0.3683517705562883,0.6628094696021403,0.6105671604390137,1.9185364142427588,0.3833165263830955,2.5623698934542323,0.08386400479722043,0.1051791458223374,1.1647976890790408
114,0.2727715597602621,0.3098355309463217,0.36940760603706946,2.5682801298785507,0.3947259799206929,2.950606158930082,0.11154238790373688,0.08410300499472353,0.603372294969275
115,0.7750715914340776,0.744586381316183,0.43920261072318073,2.3650961946518394,0.4007223424200986,1.9462231942759534,0.11730034824184912,0.07141947214971464,1.0950724952064812
116,0.5773875093062817,0.4646373747765167,0.12547311412823614,1.0942114979297302,0.341705102102478,2.1455514463451584,0.04973352469494889,0.10124029893732815,0.6772925853112216
117,0.3958172631316746,0.0011966044132699638,0.6292670525101056,0.5475506184242618,0.9701537450677731,2.556484523708622,0.2073513046441424,0.07926462498361027,0.5103926556050458
118,0.18173155051979717,0.5076101857948445,0.3100714160109368,1.605444387683188,0.7119116711940361,2.4259962464225846,0.15587153020808547,0.14482810778423993,0.9409562382059046
119,0.8221657162823957,0.6755944294297225,0.1972217355763575,0.6024451157230163,0.2164384056480375,2.8647987212299446,0.059404424408062165,0.0721890350085918,0.6158838426439545
120,0.9962533621625465,0.09560600520432172,0.1494958211119338,0.3563956106380314,0.7082571507903879,1.9542353638194587,0.07685286088864314,0.09573410645460481,0.8566712580589161
121,0.3880874814863741,0.9451093553277099,0.8536885117199895,1.2433098827963134,0.48156500118795725,2.967580116668726,0.2217832131948856,0.08904991464272562,1.4451596006354337
122,1.8709980617362831,1.0054497476724211,0.421703099999985,0.8348322827640602,0.31197724305472285,0.28065212097479053,0.08753236317360058,0.1231737776510159,0.48655171322961793
123,0.8617710671525216,0.39474259223389346,0.6969574006544368,0.3763390845271356,0.2640445021332505,0.8456726844974092,0.15490101419381666,0.13374983589885991,0.3276820407529094
124,2.0465022676739455,0.22303201887498314,0.21562161420490006,0.7920910571870275,0.305374960234621,1.8616096347584992,0.12088776946646623,0.09280733986123171,1.129801402059693
125,0.6681381588022919,0.4728097439472282,0.3283556552429903,1.8438495320515977,1.0119876294982686,2.209464216710984,0.30939784755576116,0.16128558396083117,1.2734214861550743
126,0.2729570904805238,0.48992211861432733,0.09991074268760611,1.0571800243671492,0.7231020247891314,0.8156783023234568,0.07388291350362888,0.08994966629727039,2.1114392032603675
127,0.05230420161703106,0.7345357537389028,0.49203158541158637,0.8796040786817009,0.6052260589226292,2.7088081325918267,0.12980228893865842,0.05095897992934037,0.45606996542247236
128,0.5121635973621971,0.8817526470887278,0.1100233229730824,0.3710451451704295,0.7966777577898243,0.7052441705856176,0.16873356189404742,0.06522909999364904,1.653180868782571
129,0.1492785296863961,0.22032251673068318,0.4120442382816223,0.9113910270191997,0.6797093377411917,1.1774834369179312,0.10467617244631505,0.07274149926896128,0.579863772674845
130,0.37873647822847933,0.550488375003922,0.01852963472578467,0.1616794800596424,0.44398590490970385,3.156859156096923,0.12211992148486599,0.06771801125306377,0.846105851409116
131,0.5519053414650672,0.4666506635628198,0.5378260700214998,1.8311430584386708,0.5821552311934781,0.8679614459812244,0.10538124993244864,0.031175557583820214,2.129719882695871
132,0.3468601734016884,0.46386709673160803,0.13865859102000838,0.4154054438973629,0.8802368487032004,1.3454903943289613,0.12168897614936111,0.12073524084266335,1.476764374761117
133,0.16661029989009524,0.37364095320463336,0.8155045721445093,0.20810181389236138,0.34258628780178235,2.627652343587555,0.18064707114869583,0.061560736281067445,0.35521716424040417
134,0.5297160757081136,0.6006284574267513,0.21867478402279455,1.2116256069801998,0.4740429706111641,2.9471863403921166,0.20458090117845013,0.1634356491811425,1.1772553241150034
135,0.27071087814973027,0.4752380704755376,0.597325444199682,0.723631143435133,0.5182431091412312,1.8555566993127184,0.08182206235155742,0.10983156878992399,1.176784978711162
136,0.2102132713339961,0.9804529645402646,0.06684353404452092,0.7008034131775611,0.1703667117379712,2.2109763792111354,0.23882833750121046,0.09336320311436402,0.9903479614677841
137,0.09511608733996452,0.7057520991372095,0.3432116781914274,2.0686404915053678,0.2696804630822649,1.9024295838992649,0.19082898102608853,0.07415968423023997,0.5540550893034826
138,0.10986578299111857,0.38105750772092295,0.5418187586143312,0.7336062028187438,0.36027703309296094,2.814785373798074,0.023126228688183745,0.07215324154076445,0.7353231907039569
139,0.04814001409983895,0.22526210830222143,0.6462134499399284,0.44559204640016925,0.48760662251986475,2.0956414807334087,0.09704798874389914,0.08749218331265186,1.1881199591465603
140,0.7850534661827422,1.5700064969452328,0.17758102420227864,1.3459639294247805,0.6198288990030957,3.268902145233165,0.04992239478676056,0.12020910424302506,2.606799010648899
141,1.024866726674005,0.16783370135590842,0.04978549992114589,1.1204369385504025,0.3457162944738468,1.8136627316931502,0.052812603152076136,0.09919906554130532,1.300485807317254
142,0.5141227866741207,0.8159024479592152,0.3536718589377124,0.952662180922446,0.11712667744015587,1.2697061008150388,0.1568248776764234,0.0980421314415615,1.5887306341044267
143,1.1640762542438958,0.4246395534664315,0.3169654107664091,0.994732126463271,0.1393491440476759,1.6511962398729971,0.16319070935061317,0.10034828537911261,0.9335385269275375
144,0.6985072495836546,0.5109731952301326,0.17093060167925606,2.527607896053246,0.7831951480441193,0.8089739575642767,0.2283562452677064,0.11056375299944383,1.0221290041017959
145,0.21737784714254807,0.7661302489917847,0.015704941864487953,1.2384813564802035,0.31929908518960937,2.0689434997877947,0.16684243134053983,0.04621059226235875,1.4952510893039497
146,0.6200816700017401,0.5801628069989896,0.33582138777007925,0.08462977782995063,0.80903311225133,2.9722388510450486,0.08656545020168288,0.1076370796043625,0.7413381057413869
147,0.07356434874114409,0.424805900085673,0.15917106168219786,0.6646885494453837,0.5457808420954844,1.3019509366996493,0.14171170564542893,0.11607170612465352,1.6351979747175327
148,0.05381800816718893,0.5479261385439802,0.3342216635274057,0.6696497566025035,0.7510965990452112,2.0292913201231055,0.003035541556352578,0.10976895020345329,0.2863164404527895
149,0.7068663674979101,0.2584460641487625,0.4131995728570177,1.8009956992800324,0.7834533077794492,1.6497077294436637,0.13519640160974722,0.08103653121905458,0.6105977804941094
150,0.5293188205750887,0.11133763721085696,0.4430406167119101,1.7616053232551152,0.5315972410674833,1.0858013051693216,0.18829112806739745,0.10336858683502334,0.5761765253420206
151,1.00311871498244,1.0605049833587508,0.0038723617434363033,0.21207862893184481,0.8214132756098267,2.2695094654905557,0.12292845199848032,0.10326736877874812,1.9945826076724353
152,1.355953099404755,0.6405794963414836,0.046225025242395024,0.9895171188490471,0.11791236571249825,2.4374989314443356,0.11601487264705579,0.1148437462227631,1.6661415022873496
153,0.08084663615706383,0.32432706928125127,0.13662438412656716,0.7053075217013123,0.6392072207913183,2.538748365542136,0.0740202649179121,0.11669168795893142,1.255816897595188
154,1.1564274324989026,0.32908722207100444,0.28659424076917417,0.9726968130423673,0.3720782453112398,2.1662230872124537,0.1412842773825087,0.13477741997189707,1.4238110142454063
155,0.2832244600233288,0.2850965970931059,0.5042015627343204,1.9939084843484767,0.22335521579067352,1.986399088067527,0.1803285480297882,0.09026339934187644,0.6620875829474564
156,0.48775986467121046,0.6108678640767888,0.39642997868243995,0.830706204901962,0.7132856841612292,1.5342976600693023,0.2589774261254994,0.137568459667034,2.015871185013184
157,0.23184975629889795,0.4948793544331153,0.2398635178951739,0.6282751324791563,0.9255448936344087,1.8367022976975027,0.12444414997971776,0.07927655863926891,0.04786031232581922
158,0.5285729501973124,0.7268005096169153,0.6570883418332152,0.8813142808004385,0.46239447919682125,1.3432412535569311,0.14250978429836425,0.12697989838583926,1.3220124776264435
159,0.2500767733633199,0.05824804402118716,0.4684923928165541,0.5695066668649214,0.5804401706034021,1.8756594139115261,0.11857771926609637,0.14519045479604603,2.055737560683272
160,1.2868647384162406,0.57049018228204,0.5267245739218355,0.3231716778900414,0.5830278074025957,0.5270451378843855,0.15260912255742298,0.09019238015593767,1.0543750076661382
161,0.3415643499162108,0.49484711099950524,0.42528005705802263,0.4133120480935175,0.7048876809984628,1.7947762233153366,0.017184127983884037,0.11654817491783775,1.9450577594557494
162,0.8927544492068891,0.8732307767180294,0.8049691450122431,1.1166842239114896,0.49190163678421445,2.104844659369646,0.23958152660013243,0.1309764834383209,1.2794778481460403
163,0.31166679591582175,0.8188009930470044,0.6839694004956968,0.4267044558562456,0.5550183929576963,1.7769284129668086,0.06094877278681251,0.017494179957555603,0.6524698672719094
164,0.35495773517703594,0.2521913764420721,0.7303401530745375,1.4713553645059676,0.5153565378974725,0.5625917427273084,0.23903130669175227,0.104908308604295,0.27317561491251874
165,0.8565135866414504,1.0216363992676558,0.30961813078854605,1.8134845152943477,0.6958657515484903,0.8718314849956285,0.07546743416579668,0.09905502177715357,1.4833737302592096
166,0.3906853341650993,0.6989468147628972,0.14233098703994096,0.570449566240874,0.5144764037751313,2.293213918732621,0.05822152903435512,0.10817665035939948,0.4099418970668347
167,1.41035461612163,0.4111037482877546,0.078520622829788,1.8220999950196928,0.5822689138290589,2.3441036439927836,0.042702999198627745,0.08933452720446364,1.4031809831647921
168,0.9447792335984055,0.03407935769723203,0.09091891737303362,0.5678188422420353,0.852213163901997,1.2891363934966726,0.08531328007629183,0.017507304426015544,2.1424426688864413
169,0.5534534306785397,0.05460229471273875,0.49275840418638955,1.0124122444510042,0.64488960076835,2.3465875980719346,0.21429972422710092,0.06735125409579341,1.0529021351200865
170,0.9108090691402737,1.4409787012788968,0.48087484012355963,0.6827787432817025,0.7836056512020159,2.415611112056119,0.14573873976886417,0.133036495818967,0.5992284117318794
171,0.215435766112423,0.6231671046458553,0.8865245605447676,1.136567603593971,0.6430766403429641,1.4547778339513338,0.0893820346926436,0.1097309269549061,2.162872007019361
172,0.46182297810203843,1.4652517229156177,0.40518799854828563,0.4749862709168485,0.08627685821482622,0.08266948348366188,0.14569403379506432,0.09822779366881021,0.8237240596482436
173,0.4552039450777218,0.7331402976807906,0.09353088243890542,0.35590931783309165,0.7530393836987861,3.145968088965378,0.09732052820148883,0.04304499864223652,0.8383983191554035
174,0.6497617473891895,0.6524113221001606,0.8758688841029862,1.3627421909423232,0.40641708986354413,0.33286413061479503,0.0586528125188389,0.029484527086223733,0.47293437877249045
175,1.1810573658924939,0.7476290165150511,0.5221021169053279,1.7481342065075898,0.924121238649626,1.085268442587974,0.20100201877232954,0.06775276395736285,0.5832257831773162
176,0.87710696768154,0.44554550626883105,0.4615242599532041,0.9518148838855478,0.691865033133891,0.42719515033532507,0.04357252312177062,0.12306876111376461,1.6467127866764835
177,0.44754956333031937,0.062404734744472556,0.2929719360645809,1.3118413160004188,0.5144185691568646,2.921470701281075,0.012289658794048891,0.04353437612062703,0.31095174808014536
178,0.09795434310738632,1.6916992088570435,1.0270304505879464,1.3958029312020743,0.4522135918306073,2.597315241404866,0.21589996012765603,0.09260003749124993,0.037857119103887116
179,0.3468390276738157,1.1597099352462688,0.42456958357774227,0.43798464799014714,0.7310980001364851,2.1729591114276148,0.14011924485466054,0.134725400230999,1.7241731329974792
180,0.45420201049373243,0.11886137982327402,0.07322914615471104,0.6986379380401082,0.5566625099387041,1.3840490114414978,0.058375961492325275,0.12556192845943548,0.14888205963093737
181,0.1578800588748785,0.45616841069512537,0.2075911036406709,1.1419689565512188,0.6754385278018502,1.201722375401883,0.14742519993952716,0.08003453724633094,1.3995650653055083
182,0.12006138488832546,0.3599740356643987,0.2795378587909463,1.9755507355396902,0.8179357028707743,1.077307532036583,0.12348234568181447,0.08437296865026059,0.8948640874848383
183,0.9595125866123873,0.06885008310277785,0.6196724067112388,2.1633740946534386,0.6560722973109637,2.1816058812262953,0.17061183797269636,0.03997087294277691,0.26198487189475417
184,1.6080856249674202,0.7871987532673419,0.15709320913749925,0.9014194208843097,0.488373568212996,1.181838259315641,0.03161831781093882,0.14667311463245433,1.0511764935058117
185,0.4259792835217376,0.12943545182575686,0.28256178095417056,0.8614174661458587,0.2952826929887854,0.3042929277459796,0.1147068305187616,0.11285259741924962,0.8938864853044068
186,1.1818956639552203,1.0621554519234317,0.2294423136278802,1.4908031820450662,0.9009995515646008,1.7041365435188165,0.22712107522314431,0.1267918867560126,0.8643182972465298
187,1.0522919095806011,0.4183031480622788,0.31967085817784824,1.177707041852154,0.43773703210449777,1.4454764345984685,0.08755440725774627,0.12715031686818226,0.41508040847952615
188,0.5820625385501521,0.6025728325209265,0.14707492520500565,2.528436916544482,0.7466183224713501,2.3100866851528927,0.07503301951062731,0.10615275686168964,0.2382280830603073
189,1.3664745300651617,0.621179126750669,0.43814659157678815,0.991217878065705,0.6144582777713298,3.070282620615976,0.19434159047272304,0.07746859317651007,0.3190967680686413
190,1.230541248535765,0.31149395863296875,0.5407489026113601,0.5417304318924813,0.6884438219344411,0.4056910291840854,0.14399064151752322,0.10727965379827277,2.075189903034633
191,0.11427709630472033,0.17100188487457824,0.5954162777517167,2.3894534531308276,0.7341507040722011,2.437735646668231,0.062373296128790535,0.17464839957142775,0.21603732235404116
192,0.24984566989574372,1.0581091829226845,0.3040394348472853,0.9755500362956032,0.8178812800063777,1.5720603668987982,0.05846182662961923,0.011466249076545268,0.5021953794038674
193,0.3924852213141582,0.676669153061582,0.830467926848564,1.7075083365500725,0.560154239040191,2.719827683216089,0.14417462713363136,0.16884021563105495,0.9297669231521611
194,0.2711013098564073,0.3445464977459892,0.11469647428338353,0.039494906074147296,0.5321209640016488,1.8558330758446218,0.055972128018599035,0.10900692494516055,0.30014360671038165
195,0.85208556463177,0.02036174953699421,0.27791694301844067,1.5614222098508914,0.322090892148849,1.2208780313439698,0.14289699583079987,0.08333900616874941,1.903154091605941
196,0.8044845414864918,0.34624879438737993,0.07417424038402487,1.5425005588100276,0.10820326065706592,0.4793460562945764,0.06778833751527716,0.03679444734692199,0.16164847412329786
197,0.953837644852868,0.3881503169744639,0.04785108460733645,0.031107807188082592,0.5328319552784486,0.456785890686376,0.04160041397155756,0.09700524540894823,1.7724592064356632
198,0.2984206083806035,0.9702613283759283,0.18354634833372793,1.400704021728733,0.4410557383441399,1.2892102025542633,0.19989491671816806,0.018057306454166505,0.4509312902597472
199,0.32473563981976455,0.7567801732195751,0.6230685295044651,1.1621787136488173,0.2729096180912796,2.0004129933791703,0.28895567112041887,0.09942105898725165,1.0070109395356894
200,1.4767775868624609,0.7545877155850887,0.6438281621010583,0.6913419722835688,0.459087503456301,1.863034765511743,0.18291350055761008,0.13523366717351196,0.4512750904040248
201,0.7012944900719498,0.29144671527710597,0.6863220376418251,0.5491691989594736,0.34955546032966656,3.302240548713792,0.06813371858608624,0.1311035076620623,0.5287899868504953
202,0.8396070656520236,0.14763118040475676,0.7944855505203667,2.229084326313647,0.26970369875822187,1.549924341751813,0.13036996469243667,0.0624897812275319,2.3558005419842067
203,1.4972785872790044,0.7495726611024202,0.3115012209868196,0.8465200689019721,0.5535994227993319,1.4184396202343048,0.05939889219394473,0.12091589186626789,0.6426571414802646
204,0.26270921033760236,0.4918749295297096,0.41518127867770227,1.1347566920605234,0.4517679592637646,2.870008014469322,0.15322864247868248,0.062409150359754396,1.2325324704752583
205,0.43354319127262525,0.25283017990609885,0.01524383984517036,1.8300116798456751,0.584723778467845,1.147776139729372,0.07266971444991047,0.13383430022306514,0.18640315851891076
206,0.6735940378748806,0.5295342487656457,0.11183343508239613,2.6462666403473616,0.39919656792399755,1.5678157777377897,0.007243485340368033,0.10285363517179298,0.4138403334527049
207,0.17508444550596006,0.37063548300502624,0.282465285202286,1.1167045220798557,0.7141716338166633,1.9657876680762372,0.2632596536594063,0.09244609929011978,1.1054269774326904
208,0.7952072196453521,0.700170037397021,0.254096609601962,0.7222295062806174,0.3936571623685283,2.8283302071056458,0.18511428999156698,0.06714230340751055,0.8325590497800981
209,0.4982357450185053,0.5127259975718066,0.7816101907712707,1.0342763508874815,0.5528754201367387,2.1558202417274193,0.17645663696988748,0.1274760283985741,1.4367451273371468
210,0.06991666689675755,0.6111524101269763,0.271166114256572,0.7377897448683522,0.21262084608401438,1.2278121764690575,0.02293300661590983,0.09133453696490557,1.8426692047790612
211,0.0831739342267736,0.4669011103336893,0.12542225352299569,0.7783704861383264,0.3942039932635266,1.1829406986541091,0.04322468183829717,0.11298861132090039,0.8949942956491158
212,1.636446768586866,0.764348185532174,0.05289479854549145,1.6510208033567464,0.26179798073748994,1.5295766975112934,0.21223934698172361,0.1594652586061225,1.0693029210200993
213,1.6935991417073477,0.10166775114682242,0.11798256665133974,0.1020786287686064,0.23926269179163245,1.1603837752707284,0.23853742104591202,0.07491445364294924,0.02795001201599212
214,1.2823397155538951,0.408678494989096,0.35692179280468056,1.4363640633732477,0.3656666582915874,1.3378034687209457,0.1592557623521166,0.07927789598377946,0.9007267423564014
215,0.9204946803583023,0.6897230229571708,0.11775879271013873,0.9386169616713547,0.11533798049328697,2.1523883581799086,0.055449312926820815,0.06533068770858677,0.6461262116405174
216,1.051207714134715,0.29806165908217036,0.6065722763012826,0.5836121992604817,0.3163211870779233,2.346868254918168,0.08499691214463152,0.12532578148462253,0.40170240523379735
217,1.150676061090026,0.3863104487832383,0.14845531468872494,1.3672157875213526,0.22360264311754308,0.8884226595057728,0.20182000850366882,0.08734406286741184,0.7512961215547337
218,0.018392769551804022,0.335991265381422,0.8612367454577364,1.0795038000603414,0.5543975025063169,1.3707637866444924,0.19148842540093908,0.17855283638817382,0.6146597629752556
219,0.9505958829247121,0.9282537216109548,0.4196937345497129,1.8698874591849493,0.2946826887053408,1.8834386085762191,0.1857842799686909,0.13974382188832854,2.3504328482612387
220,1.14821999621256,0.4275606906509739,0.14709789689799346,1.4603023712137695,0.47094694226005385,1.5111356157660873,0.22994657129720011,0.08568293952776286,0.8439500258714222
221,0.263911361770452,0.5265022412723771,0.3945985213939802,2.3621995078725706,0.36662219579458444,0.24302677078455726,0.061414513608522577,0.046095812752961283,2.1532120237885506
222,1.0491397523820998,0.025235692466053172,0.4956434586036714,0.09614644599246491,0.32191256605596125,2.9130152707634154,0.03012969720004234,0.06157104236948299,1.753939669565098
223,0.590807826120029,0.7403446280697759,0.5226803900739632,0.9461058046632722,0.7138650505983171,0.8237678170779928,0.1879707780952416,0.08535796035926183,0.8746783235466814
224,0.5095208925938925,0.3819542795783445,0.3828013745482684,0.5857941471020998,0.4376727407578508,1.4932063604476835,0.10302145520541782,0.08064405608978938,0.34888350133959867
225,0.44802109214016483,0.541612742263994,0.12998408567924452,2.06490295180594,0.6063172919676287,1.2055132907123363,0.13551471775014567,0.08855684891438516,0.6051560953423397
226,0.44178479381155217,0.29797937658786716,0.2692124223832048,2.3005214385807022,0.30401055291787527,0.8089190212474682,0.115274218977035,0.1209375652972498,0.5425001402472547
227,0.20079669324406155,0.10556857082512941,0.2707981844888299,0.29592445487320285,0.40907561565043804,2.7481692152030837,0.16029599106571552,0.0889768461889592,0.7940072737523998
228,0.5274386022919858,0.880571261335704,0.1347915480099022,1.8255528128756136,0.4016601645584528,0.5237987085133955,0.06838153735608538,0.07865038137067278,0.3454846872366649
229,0.7283424804267677,0.6526119189173963,0.8409754981618304,0.4832839883528093,0.5587539740341422,2.5047394855173035,0.04309804953434203,0.11710100931075915,0.48536612166257626
230,0.42893946527942617,0.16318904210753848,0.11759898961924162,0.8073661691133156,0.27194910153254825,2.8973395811423934,0.0782558763009892,0.12763866908644683,0.4711400523137988
231,2.840250944398999,0.3208612694825568,0.8813482475678613,1.2319210413701664,0.432656673497652,1.80309922437947,0.05334740979037234,0.13046396319469258,0.7648489361328447
232,0.7735512316416554,0.2935554941192098,0.22631301152810973,1.4510147555762647,0.42446438224068284,0.47763357486853275,0.25488316113529724,0.06337589843614347,0.6670065796207857
233,1.09090332627858,0.6134445342513994,0.5417154668411537,1.4937728422885543,0.5866687911955384,2.201114809887195,0.1319128424096531,0.03156082222818438,1.798239268223036
234,0.9984559237896196,0.04851667065625198,0.3060112407728403,0.14798157980213822,0.5602604046398056,2.125478134602536,0.04781085845330375,0.08812753530443593,0.5252266867801889
235,0.5538778131753896,0.23875472264877173,0.9993065406745955,0.07219404484856429,0.47915902498473456,2.185871624528982,0.08476508307709746,0.11973761927790619,1.4761748113035256
236,0.8436701535816222,0.35239201854888214,0.1755558477702294,1.6461490651801103,0.2952349195272017,1.8624322854836561,0.16448282621395652,0.07260934575300851,1.2556314700364564
237,0.3437927524812545,0.24104268107416893,0.3385304765099171,0.9381948030128701,0.41549707821455434,0.8171944150838849,0.0926721244962613,0.07828001480391197,1.324122066110196
238,1.38018718388785,0.1867304581215073,0.04610406714266757,1.2253578938293592,0.5085990320003636,2.1741751160448812,0.06574475028831137,0.05048936573053961,0.30605532024003257
239,0.5042435010568171,0.8450362720679437,0.20452181443271222,0.8978163622991538,0.5009317293238236,1.3701749395801484,0.09148431267928876,0.09543551769083054,0.10437539524151651
240,0.5396867854866955,0.5041870030853344,0.4686214782613076,0.15741681413205477,0.10111926794842752,1.429196743302085,0.07652094717196473,0.09656984619665063,1.6988171676609907
241,0.42550123598921885,0.20431416932228597,0.060894169724952096,1.7874480596259334,0.14135444606479586,1.5089999230934494,0.08835534228811745,0.010753519651611268,0.47575989820285747
242,0.25847603293537175,0.38564732564180715,0.728673251226659,1.3004149150767261,0.36518584176375,1.2147512249713166,0.15550557505097534,0.12473591108906104,0.2934552042313311
243,0.3320542263475083,0.3948043075849197,0.8577997923919969,0.0656902682755689,0.7368507994589646,1.2451796698381616,0.13359656029959058,0.14486765512276348,0.8909607573240264
244,0.30964653344595977,0.6460961182738236,0.5378740633874932,1.2127037118890431,0.4138533134981741,2.6471328062395676,0.18046151330607602,0.07357863414849215,0.8592821476441531
245,0.3404353667986791,1.274683644715479,0.410510393635488,0.6854178949725762,0.33262668130398565,1.8992812624190734,0.03553654524988614,0.1324397057028737,0.32030678920643185
246,1.9481776074235972,0.9283089536294351,0.09029563866167109,1.4279761501439516,0.20117482389496083,1.1211419960038098,0.15426112644318055,0.10939664710247039,1.2777663255759244
247,0.48223471123040057,0.354118767148873,0.5627691074800706,1.2248123573779766,0.478226249262275,2.1554418727638796,0.09439893312440358,0.1240758484639983,1.7834273210528129
248,0.2611292238296278,0.6789193542716752,0.19769234803123273,0.41469868891579476,0.5675783350946039,1.9891041030437044,0.12134354195556614,0.1028060784633767,0.5727367495908895
249,0.7729969381129529,0.03497909175780439,0.6517421492277429,1.3932128960880585,0.35486125667215684,1.5886280640736468,0.09690702711589969,0.10117358407313154,0.6298986943770782
250,1.1609332151538572,0.5051465735381548,0.20161821581001552,1.2272213710104072,0.19808280815479862,0.47516955574442443,0.2381738800039523,0.061616621773026986,0.36824148693909137
251,0.3055330016527579,0.42916990455949144,1.2300909415529926,0.7161955385054841,0.40352550449647073,3.3935988938834636,0.15592619417454037,0.08122623282319562,0.9843780102082559
252,0.2406697895111378,0.0013939478308706565,0.6193515122501821,0.19572535929476143,0.6955830553629224,0.5003279032585768,0.10031334318305546,0.10130380536850307,0.8479565312660331
253,0.07931192834990736,1.2044662000988722,0.3454956254772009,1.9471180259441374,0.7843908115980326,3.1528775933060684,0.24729366287880927,0.14395758866408387,0.9814581834226032
254,1.2114151875851331,0.6102497687481501,0.0830353328725707,1.082604703195393,0.5101122865881205,2.0399926867783686,0.27199298553670975,0.12727235649669102,1.1470298622353141
255,1.2244474840814046,0.6651848542126687,0.10570501838392815,1.829982496625131,0.48282426261107775,1.4175486373083652,0.09211528308691676,0.09395624767461462,0.5764548658831272
256,0.8947989603155013,0.2308284588663712,0.09219906453401305,0.5717254213620495,0.4809756046096318,2.217116992779828,0.1655796078116752,0.1378478574145351,0.7501534965542634
257,0.9680413081139962,0.1974402144969161,0.8004450732886156,1.0452098744132674,0.5795969130828892,3.4901755856811745,0.1020600857818983,0.12739691966873734,0.37672748837401343
258,0.5830891809406332,0.5391321629438778,0.8518216458360103,0.38456520287023854,0.6270216327541576,2.2115519136414745,0.2687453747154599,0.10389679386527681,0.018100891925252993
259,0.28583544487533386,0.8022266785005167,0.09608033687846321,1.6636589379812736,0.24118619224043575,1.2857904545249337,0.0028540800232219193,0.05290001639995533,1.5489309831713163
260,0.5256518537693236,1.1345077890117894,0.19088411568967786,0.8176802077842554,0.3144195006190248,2.2299426373148203,0.10130749007235437,0.06940937662937821,0.923806318939081
261,0.10892476256622963,1.1609164183452807,0.561426833404874,0.4321943709910755,0.16757016924991908,0.5934932583238179,0.09478074416599833,0.07557218983786759,0.7648467192372703
262,0.6454403980839045,0.670081202279931,0.6959150602980801,1.6303995711020318,0.3095511139375754,1.3998644057709804,0.23778823039271602,0.037517889635200696,1.0209747461821839
263,0.8006402357743623,0.2845168872575532,0.00012114079338582107,1.7348199809182083,0.6193806975999019,1.8816013249960017,0.12917596368521056,0.04877626487628909,0.9925091854283731
264,0.8208085277584256,0.8620153188187221,0.36846101229498956,0.6904130330339168,0.4765692900664442,1.3782078307489414,0.0770133926865067,0.15251988382440312,1.64031748626364
265,0.6987637877224631,0.4962337679717552,0.546358633773214,0.10456666193615172,0.29276512638704255,2.9127051111665776,0.05565882028018032,0.10785995154308002,1.3562793766807617
266,0.9273169778805568,0.9443794879432021,0.06960338792440629,1.549552847323173,0.44089338142642615,2.903886750319793,0.08285639756787917,0.07067750289205431,0.21261206354018414
267,0.05854387178692019,0.9658602285348596,0.03308585308966683,1.8536005799617947,0.6434002784098662,1.5728074179618778,0.20754222775877512,0.061172342310571184,0.5889175299206475
268,0.36567650360057163,0.336687012620869,0.06966508365256968,1.7429208995435659,0.45638356574884253,1.7390948527613384,0.1683851208815283,0.12608864299702371,0.22658314360739773
269,1.8530542136055772,0.6319298719109725,0.14207249164819227,0.6628946143201657,0.20975032382599385,0.9183291255787634,0.18153069582621634,0.09777634436958038,0.3846603953585809
270,0.3128670849948253,0.29431737039977035,0.5718118117801052,0.368596416636522,0.6071225800586973,1.7241142227107895,0.1392246333973014,0.0861939652613795,1.6444980659949522
271,0.7281154710029643,0.5516798228609783,0.4951904394470178,0.9784921475263216,0.15002634549829974,1.9335183025027218,0.11590973145874289,0.11905222184442724,0.09715379994752216
272,0.7816697335410965,0.5798524230744839,0.26949838617057315,0.5185509301849076,0.6190531843335741,1.3110451610049616,0.2103621627227672,0.11389555028777076,0.9077316390173612
273,0.9296768643647404,0.6727223989869748,0.3705848798205584,1.5558711694777525,0.5723574503648489,2.4628908280966444,0.18709561546740427,0.06582754032295432,0.6956137290605604
274,0.38975927309772995,0.09392339123555876,0.25232500243659955,3.2139234167771384,0.24654068318174088,2.040794956294517,0.14256793624578473,0.09298827936950183,2.255463450936591
275,0.5489356967015404,0.06832413801022735,0.37698254573289314,0.6194691572945421,0.5746913295024394,1.2330688688032776,0.18548389635325696,0.10064059790450833,0.5344888650167574
276,0.4386075815806332,0.3684117778040871,0.37079967272054615,0.7459257980849432,0.5939311815362497,3.40928030360998,0.21074071292579155,0.08002476579224334,1.3441835818092076
277,0.8549906675163002,0.09748262247299688,0.42989879418512705,0.6335842618797356,0.48672373853914347,1.0583572995064547,0.038056259253222424,0.0970745225523094,0.45574130380757455
278,0.3898823741727042,0.417168944567695,0.686518375209154,0.3077333804157728,0.5160380481324258,2.069490735016802,0.06719056941906815,0.07531819322147996,0.4656837466841986
279,0.5685877914789697,0.3918973001988722,0.5023586742647448,2.057614424880886,0.3409974165985839,3.761468139032403,0.2225270688144369,0.05265984155136293,0.3229200760493426
280,0.5677227427613435,0.4159737996799946,0.4101501073239602,1.234379597595857,0.42220506392441015,2.3809327524111916,0.13801385556439394,0.09276081424275331,0.7061975152304735
281,0.09990438395879511,0.3875949787986067,0.5764054605271158,1.0904558403472557,0.8872187315114872,0.2724886701070732,0.15176832552241581,0.10918309505944292,0.763338329382439
282,0.33212512552084417,0.2082938337777387,0.306192489379076,1.2211164744323688,0.8292329739460171,2.008554773919528,0.1184752555866541,0.0744273367234151,2.0432529131378754
283,0.47974912936878744,1.0596252415718526,0.5117673920340824,0.8939456741703721,0.6682589316195993,2.4530042556818312,0.03718561293012489,0.09629060788610777,0.24901947951277348
284,1.397010769195387,0.06390653151741882,0.14779232235078946,0.8953479233030146,0.4653857139462415,0.6860071723260144,0.09590236396882114,0.0621246354977123,0.5523813966799924
285,0.4852833429180087,0.36742419756121303,0.33088604964690493,0.03626568343576553,0.20864295834889796,1.8900355984706252,0.07878860280047797,0.0708599784831499,0.9181309007719022
286,0.7232152748728223,1.0750860825967503,0.11096804147641662,0.23222335290223017,0.6646945988158084,2.4519691987726087,0.2657111969135185,0.08341156552768032,1.4898647986113516
287,1.0255728949870164,1.1006342364332287,0.5400890649335526,0.9431692513906876,0.5021647385909002,0.4666047884809559,0.19574701258579497,0.11338748331764983,0.773240751978643
288,1.4478730829748172,0.5578945294198389,0.09359266387822207,0.48764251726299207,0.9609170326954557,3.4131137379302694,0.20278335996821034,0.1303830704768766,2.004174749213383
289,0.6695249333922337,0.002037484883668672,0.0874017246605859,0.7185592347571753,0.3393688146163867,2.892619368156413,0.2693565497458497,0.06301778818322495,2.3820659039001137
290,1.6802822585216937,0.5092020424456327,0.7762668791597169,0.5516712369482665,0.25749632040665704,2.865072799656132,0.1410992423326981,0.0583583725039541,0.9992947666721911
291,0.08417010387766899,0.790731649172792,0.9600744335942428,0.10050087445223355,0.44793395574388234,0.9383227733564231,0.10029789817126711,0.13224691509951042,2.051136522077322
292,0.5734230143267429,0.19850308563654617,0.09610357320604937,1.647400977166503,0.6020894739550235,1.0739715753887302,0.2655091862738407,0.1442221920199249,1.4795942364276997
293,0.3460109348914913,0.326831372830522,0.6146714740574013,0.05782297817406057,0.5276727056189997,0.4476707535001865,0.15497073105104373,0.12635625061698386,0.9206737815684849
294,1.0631060344583407,0.6364658710045512,0.5064661259401408,0.7125854408880117,0.8125591612653171,2.25486063686654,0.18350029422030045,0.05380603328228744,0.840864044641733
295,0.4258076273903654,0.6954243440126145,0.6410573767339476,0.7080955145863016,0.47538826928594646,1.8594646583246834,0.23046141181393792,0.14351418969206314,0.596162477719715
296,0.006976176030735193,0.6784944021745332,0.11747724218618524,0.7572420402042854,0.3592376611508419,2.3497189734944683,0.08797019386295687,0.10276902718764093,0.4866107946792394
297,0.31034875972940557,0.2585419635988526,0.1188868754984547,1.7133930302509568,0.37038643027931495,1.7468824608152516,0.15677597386053377,0.17308729951804908,1.0801507152294314
298,1.0191913523999778,0.9337509699545119,0.6625138637930281,1.2701616452064661,0.4009188215500359,1.7036626946215452,0.2115442919292078,0.10613432793953105,1.729233181901189
299,0.298366363609183,0.8901321682005052,0.7425828230967192,0.19705444401274053,0.454989794953005,0.8043409747689894,0.12296764995219983,0.12371199126671331,1.4559540480873556
300,0.7437900788463832,0.16964865355960618,0.42266821846990166,1.9725641513365262,0.3884300211909056,1.3396347477784962,0.19001193507594433,0.15650216979296344,1.5039981415416899
301,0.6516866725133541,0.5287487204432443,0.33802014285929405,1.0738335875101166,0.6540443708595931,2.7237997410165242,0.013327222447078027,0.05191328312133937,0.5885998534638592
302,0.688998252194094,0.17390318080004216,0.3654245031755593,0.9601286422187936,0.44626496195049997,3.4258048762695212,0.19889765263125742,0.12482961312507022,1.1195650616387216
303,1.2360409096027067,0.7626992389491674,0.42669586281397137,0.11383933066953444,0.6783475747933548,1.524944911272323,0.04028172733825287,0.09289918444565272,1.777371535128034
304,1.0241337470284273,0.043573412779067955,0.598784884047628,1.185428529536311,0.28505284927857966,2.016757072628658,0.17829732473812043,0.1025547232722004,0.12230334354821082
305,0.7853751469756709,0.8377934999847076,0.213146816828632,0.9393444488271142,0.1968615753850319,1.7202881618605694,0.09150459228602904,0.10679226672870211,1.1946311691192535
306,1.2056220649052745,0.26653595654901624,0.5380788363176493,0.2742705938914388,0.831361979642654,0.24195468582454138,0.1022308113556875,0.09317376270093267,1.0632672665366762
307,0.07222406070055878,0.5597867497155317,0.47479602002967575,1.0734255836650304,0.4631272624572074,1.3700011818245226,0.07129977439276411,0.12389020685637735,1.7927961581330334
308,0.04107693276131988,0.158421401579838,0.7279898741610598,0.5966030912617324,0.6076653396250108,0.00889294908098237,0.07097540855397913,0.04810321104717065,0.8336985073338555
309,1.0533294886619933,0.2669494866703692,0.5147688031001688,0.41070702114830127,0.4036307797951125,1.4835389871250078,0.052643665803405966,0.09775431665313573,1.287982297821745
310,0.5074352514037875,0.1901205310889096,0.15922124695093207,0.4065009157445785,0.5245926989955704,1.6253089790210733,0.20803379691639218,0.09129870683323693,1.24797231004758
311,0.30987781119479413,0.8194717488092855,0.11907622588355762,0.3149958794754313,0.660941947869171,0.39771793635330965,0.08157402256679049,0.05400280095805086,0.9110185158608074
312,0.5332165745369772,0.6553335047728681,0.504651079116063,0.9128555635152797,0.347587232730284,2.7811830653459406,0.16107478812140333,0.0621912069195979,0.9161085424818514
313,0.4898062091702169,0.7534045298765191,0.4921310040366499,0.6879784663271744,0.4653475065169251,2.5044603851262854,0.11301160633989177,0.21591926151961705,0.6996748955380783
314,0.7709825724622084,0.19891122106567435,0.6504342898947308,1.4383605709774132,0.9715231408800866,0.9695394967444143,0.17715774478018426,0.07538650774924573,1.032614225512186
315,0.8799900848640267,0.19097774898193365,0.035043438183707865,0.3385186148695337,0.24043218089709073,3.8996332014831614,0.2064793681360545,0.14427947493002916,0.19277704501241189
316,1.1822784471504804,0.926966981148557,0.5823431024034827,2.511413814750066,0.5513329418835208,1.7953347708971974,0.12655455485934158,0.08629815493948105,1.1149397158902925
317,0.5247194880742863,1.2411363092428707,0.41813622117277094,0.4810307795385477,0.7204305697014899,2.6907540349341454,0.14028524255284272,0.09786063222147667,2.1176601277869898
318,1.3606764796538313,0.22655755015366164,0.3232097516854257,1.8682558164283798,0.7000336442514613,2.8188674748473685,0.02872830644496205,0.17809630365010537,0.9546436241922849
319,1.0622125542611267,0.37142870438562103,0.36601190239482473,0.9172696110751305,0.25754652581197407,1.1843940508065018,0.09697575452550959,0.054565328003265336,2.9108376552668207
320,0.4811011011886166,0.3204047044018359,0.3282028673399828,0.7074249376078049,0.3530326124125524,1.4075204547354383,0.18059550872609184,0.11768848393518319,2.2410742397844174
321,0.7583631283572847,0.17638655506505127,0.01934872792511433,0.0778279402374843,0.3681498307544978,2.2492460436588835,0.10192611908523473,0.042017449901871146,1.31838800572046
322,0.32445105610642055,0.575781217552308,0.5071662631859079,0.8893340020589675,0.12589735016828496,1.9098632793485595,0.12589524806906613,0.12313997470563012,1.4681531325951438
323,0.3185337305146369,0.08891130993495988,0.7114251618907579,1.4785500307558503,0.5143062533920527,1.5757916014599103,0.27182255494658847,0.12144205170418582,0.7465431199794338
324,0.4610351145596683,0.2999951308011188,0.27328205334841,0.37365423498497363,0.5116176850974649,2.316249520049802,0.2559656316991858,0.0998275410043869,0.9156011856883292
325,0.18611934856827442,0.43289424277472643,0.35422782524624613,1.6533007805142141,0.7622605069582098,1.5116720148478007,0.006794666285145981,0.06463150188835635,0.7556931674154467
326,0.36597932520015886,0.9622277236752825,0.6522050342618839,1.2218104235656047,0.37526576419365754,0.29916422459464753,0.029305494754552894,0.10626161599107273,0.8721066422451539
327,0.914707040312958,0.2602096350680314,0.7325356097575395,0.32863340416916387,0.4113390018380842,2.038813839914849,0.2121430606561745,0.12908271679285882,1.2513853147180451
328,0.6333860077660465,0.7592339356823024,0.05117125914342391,1.1880348725053806,0.5380965339045208,0.819754152733071,0.16521863444365031,0.052242939754953914,1.2312346875250986
329,1.0814102783499495,0.6271285327866727,0.3481874191307352,0.43174591166836307,0.6688301665336553,1.9794727128666223,0.17864844321235657,0.09942292739240094,1.69344514546582
330,0.18571339778178542,0.3697787136717696,0.30737648978981974,1.0831387663210437,0.4794162082784483,3.2451959585273933,0.19464497860301505,0.06837565276462282,0.6370728503980057
331,0.26411315326325663,0.5439980071955061,0.18615908423738137,1.8443020616682975,0.8163786516253072,0.8456623643520654,0.12052592312440501,0.10131263887763534,0.8232859483205357
332,0.2600728199399001,0.49190006118137436,0.37616216429808824,1.2303191876209172,0.5443961101616112,2.657500025732783,0.09163742924108036,0.09192999000911953,0.4066150857239744
333,1.1034298124069755,0.14806017151466114,0.2888565363990562,0.9158676226847293,0.4876140072899109,3.6395095900950603,0.14874364395589723,0.13044747572814158,1.180078477212029
334,0.12111026935444266,0.8819115309096113,0.26121085997785576,2.1107555256227992,0.5152762686096333,1.4369981241818484,0.05557659817770468,0.16062815901216454,0.40001990238403473
335,0.16689713182140098,0.0982966303575285,0.6417126187195156,1.5923628493628863,0.43205073137188754,2.0062266196615193,0.14817960442876263,0.12979669962839105,0.2991939308371404
336,0.26147194430760623,0.2684127444221877,0.39631014039983803,0.8585004030492297,0.4455923094087562,1.2112582307674338,0.15459763722567976,0.09756822067660706,1.4251235094459733
337,1.4139543898367721,0.3616495752657608,0.5258390407837938,0.43588813221368305,0.6962965676780177,0.5701927249447705,0.12421939533920298,0.06639102118972126,0.7001198955264071
338,0.6960713644024676,0.20655613138173115,0.26288371464857757,1.4774968064792984,0.3862285619237067,2.6977261076466914,0.11313396101074988,0.0326628051258504,1.1088316110097778
339,0.29223623327457005,0.7191149404234098,0.8522387780181916,0.7363830110560781,0.4088251735023678,1.0951107084987683,0.2651328190564344,0.0803263220733656,0.716090230635111
340,0.2726258772616058,0.338645635733328,0.4550883116037746,1.7184774776291205,0.8131796264434574,1.0975144912429902,0.0749056477984391,0.10672238737948925,0.30711836851719354
341,1.3415970392302587,1.2346787719202723,0.023497338929077738,1.717856196175966,0.48832202942485453,2.3148327744288877,0.1698610904991948,0.047541751979356665,1.4810976441309094
342,0.27287155204205066,0.9774401943938256,0.27469956038396204,0.9567376843969302,0.2524218874774553,1.2011189715851582,0.10525946697133422,0.10788916069105986,1.1906888213085127
343,0.13323178736846109,0.30604860685490537,0.041528385191236694,1.1406824551580546,0.38631991090148676,1.1620536637125185,0.06948138134694257,0.07884165657867467,0.5278573087644156
344,1.4105521247009523,0.573576556506254,0.5075509318565246,1.557987379028548,0.5289668293102581,1.6589850363389065,0.14444186871308315,0.04701579312559372,1.4629221999433304
345,0.682045017866161,0.8815433830183657,0.49248451907520285,0.9757374789702064,0.5948370622200829,4.207032278531609,0.2803468547862001,0.08596604730649089,0.34756872186148124
346,0.9580698021825262,0.523201909628318,0.291088782092062,1.8353942666768241,0.41621383555001884,1.4448140205631814,0.31201608428549205,0.11811606793954041,0.6736411490114731
347,2.0229031604432324,0.05220339154311282,0.37109335393191156,0.464954817350015,0.7192169145922622,2.8727480629961697,0.008123689875683779,0.13857264265398905,0.9756007364212248
348,1.153095939185337,0.03041577084416608,0.2241905635722638,1.2368427196323526,0.28290910131446,1.3918978143243432,0.21328088119925953,0.13096673369030062,0.7709469260311421
349,0.3386075328902765,0.22007465406169455,0.9136795592983661,1.8140655834569377,0.34132603728307115,2.530004572587599,0.11163696240553546,0.0486527192078554,0.2778862523158794
350,1.2466804598563601,0.5373616277066174,0.3748707062376129,1.086191454678879,0.16901349606691607,3.5712956328593695,0.15616916113093032,0.11097076818195262,1.314240267342514
351,0.3744308574279142,0.3207686897515915,0.493326905786544,1.1465755349161209,0.47656621616169237,1.5334943846473383,0.12976913993147962,0.09141879301449607,1.587512450152324
352,0.41996113222858733,0.321590521732375,0.3842007150146244,1.2987512375018622,0.4786905095156866,1.8536384384610767,0.001368847474057619,0.10504286464345294,0.7459500798930702
353,0.9990099581730267,0.2565613512505764,0.22258880326069916,0.11255517443225216,0.5875238221688921,1.8504979614253907,0.1827775913427792,0.07004473589343473,0.6472412327142091
354,0.3692455091451684,0.605011460704143,0.35292463810325775,2.7880882580487003,0.3989981975298768,1.2405380500889551,0.10915866024068073,0.10771936593234424,1.7188601058748856
355,0.6940260287711668,0.6599833868222651,0.49127775981003396,0.8292849560037152,0.48396066570999613,1.9014470961276448,0.06939217346915261,0.07254658786223495,1.5153031740278964
356,0.1270900964701021,0.5445635932150388,0.9414157940692041,1.1503958933265652,0.42937044633810934,1.004982981605218,0.05128153520456985,0.09814510828404263,1.3456480047049366
357,0.5787605115720301,0.009960228091447976,0.2971068939248288,0.40003591463499166,0.578059409561537,2.2469846062386134,0.011726859556141028,0.12766795460718292,0.876819858197667
358,0.37890327086492026,0.03981943786929043,0.6961757196535103,1.0256719222372108,0.5332606325114153,1.0854165600182837,0.043765354360567124,0.09816740824422023,0.38201064436630644
359,1.1740260627878498,0.033900443731319896,0.25012700782691333,1.6747740781371565,0.9356721298852473,2.465580496088236,0.1126976289101031,0.12291237970729817,0.8808587088210825
360,1.4884386361073343,0.3544677884253284,0.335326726044224,1.5658908640668945,0.1518248293426746,2.8145657641172583,0.24564819970188806,0.07808545712831867,0.2911316556159619
361,0.2623475810193873,0.9206771863372798,0.7916986766141338,0.7206325251835423,0.4771667544851265,2.784996751275667,0.13495843248757844,0.02448017110958642,0.8912348560594567
362,0.09920953734346658,0.3652861295645665,0.6904860937584596,0.05713465802069717,0.5945566415441389,0.5171435049162036,0.025427255074306307,0.090111157947709,0.8202343434890771
363,1.3574059638157534,0.3724655420869979,0.4040590167512177,1.174205757315408,0.7367340969442497,1.29824075240153,0.14973311767214603,0.10041574905367806,2.3368017701622206
364,0.28806273063189786,0.7979333907535129,0.14585646127265783,0.956624283104038,0.46993275095424125,0.18029665718725862,0.024486963472374806,0.1547051740655051,0.6523854092402603
365,0.9053687663257344,0.4443827009104475,0.32988211395249034,1.0595928558829446,0.17831057465076905,0.5213270716418545,0.083838843632576,0.11529187557153502,0.79027167222416
366,0.21732275953356273,0.937892201158415,0.5227620617436264,2.3581627275398915,0.5182892624178923,3.8954835401985948,0.08398304469329293,0.10851688129902887,0.5787717293654929
367,0.011292014340993695,0.48989896571043634,0.5602382896529602,0.5663947297453942,0.6059573874167583,0.8423446193744203,0.1217341641238675,0.12494720166712689,0.17408898787906812
368,1.0219643472135824,0.559596887874289,0.48667819674867646,1.907006745837399,0.5238842689245421,3.3719061963104013,0.11352932684825054,0.10124409649447283,1.2487856842928706
369,0.8114902870976406,0.033049922136289045,0.2755288627978288,0.09659628170112955,0.40533029238334883,2.159532185685252,0.19753094494351026,0.13034719770459546,1.620578718335959
370,0.12692171329219185,1.181854505031382,0.30937056841381716,2.157955183377345,0.3793317096250912,1.2497369476202882,0.1460773317122242,0.030642690774735803,0.4156898911053408
371,0.8691434087650216,0.06568128668109935,0.3672625701068333,2.0687414694543484,0.5777287390793392,1.0768351732096102,0.07768312714190366,0.1020065131439373,0.7777807721779832
372,1.4535602420441116,0.6975115256432507,0.039363464666382075,1.1478313942029517,0.2916164623338331,0.046752262723675386,0.06974136514552397,0.08625769941964873,0.7394905477739967
373,0.5695579903695833,0.0627380171971148,0.906726352300911,2.5231896744065967,0.1959102852612009,1.7753154741768062,0.1479676583517034,0.11727549642577323,1.3275001514620122
374,1.4118909380019904,0.349510120205976,0.550257525278907,0.9670002529354444,0.5055532500805909,2.6177090402254364,0.12656281427766874,0.17197435533773325,2.297976759045489
375,1.3799949430948517,0.5546396326686734,0.8477749840631191,0.1692158338081119,0.12371230923269722,1.5377968782185003,0.11138416611038518,0.04893568356890533,1.7268569921385608
376,1.9303201804982966,0.4007776621175246,0.6029530155447769,0.3047580877916365,0.34247841216125974,1.5324662711511277,0.16606520984588996,0.09744729663512987,0.44558928101566614
377,0.3580445502289719,0.4091196631372751,0.14194437588426367,1.2264801017161697,0.6658521252766082,0.9964620571098235,0.09474976692537165,0.09914604042470557,1.3126795204223707
378,0.21381084814885343,0.40440573279404873,0.6345072977669013,0.9791681700263403,0.40442074848587845,2.587764538709966,0.1455449102992924,0.11681390716085865,0.5493678029774904
379,0.39351816794513905,0.5505571094322202,0.018848067244734923,0.41155476464330243,1.0210434752221478,0.3938069240645099,0.12339091070229584,0.11465312075608325,0.2586152350758848
380,0.3283984245973382,0.4291591845729916,0.5423540732060113,1.4116297971134486,0.233509332430212,0.8403172078669844,0.11411755519071079,0.1281892509583439,0.9778322687980393
381,1.2889843957530887,1.0603014693750332,0.09302964244416437,0.4361844313667289,0.3166158314096409,1.0322861749326542,0.12151025094824297,0.0692708455082742,2.092906259372291
382,0.04047723394333011,0.43615016781193794,0.1283610292572255,1.9855524224985404,0.49712049442693595,1.6986940628692926,0.11586101528949141,0.0724827896134494,0.4615010817692429
383,1.4728668040101,0.31886006606525097,1.1331691322105995,0.9285757689964157,0.5580861280470922,2.0046952501492115,0.19085307871282928,0.10286378271635623,0.37783694974221793
384,0.9373448797583173,0.57273411655492,0.9214768843076868,0.16965939894622395,0.4547621008523694,0.8260797206170316,0.11664445927140327,0.15580932215864954,0.9718361436119846
385,1.2595994096155336,0.6811471911556353,0.17123199897972616,2.1429493477747887,0.2832392856065965,2.9989366797510724,0.0689498246137122,0.10386073062770347,0.3092861541689369
386,1.2002738941587285,0.6547432274279004,0.12998076232354105,1.4678808799453638,0.2354936052460781,1.8151544898601004,0.040710519677155915,0.09274265856026455,0.3190734745623577
387,0.5465120003994628,0.14505044549166285,0.37493303715849835,0.5858309886899294,0.4833305752969954,1.505454351231205,0.005560900180366868,0.053253075304282596,1.0179234651570928
388,0.3781503153714291,0.34624432750342105,0.518880133656225,1.6307470339297927,0.7028191840761437,2.4633214255483598,0.2131166668525386,0.08170796374212652,1.9443218917523362
389,0.5332218602461626,0.7712577694179594,0.064229149164659,1.4593729254514787,0.3062000583374226,0.23729053852902204,0.26956483827083716,0.02798487830457294,1.0260110082699945
390,0.8816969314017726,0.4863485017470195,0.5701594093085296,0.9399787342293554,0.3771206490753696,1.1499016573763927,0.04876736667762249,0.08272727936317292,0.47782120641206643
391,1.7426868282595436,1.568501169118057,0.5333543680099433,0.6953268296475109,0.6011673090963667,1.582055448162601,0.1320368909462684,0.07461834686817377,0.9071741615097377
392,0.991214784161867,0.7294069642547933,0.7246226324085965,0.3261211636987327,0.5679957554740436,1.3270503602496335,0.15191377569888503,0.09100586601574806,0.33801200192723735
393,0.16013522634870037,0.8653535399690941,0.4981735492276952,1.372576736293275,0.4305408923152662,2.1700577517741166,0.1665435721740243,0.09547794233823112,0.3011291084943979
394,0.9139351082820928,0.43538300281797454,0.1938668131725728,1.821864798778261,0.3131654021195249,2.9267596884460896,0.16934827988805495,0.14179486454274356,0.8219556402510684
395,0.24854051970636473,0.8709599152690224,0.2534134006804666,1.5800290763931653,0.9076424610283956,2.738185648051256,0.25467290990713687,0.1293256823067324,0.5550091468807933
396,1.2672109080445602,0.625693225298001,0.7326190352805866,0.877970335012519,0.3740735208232124,0.4641599671365819,0.05498520565358925,0.09243223553195426,0.07548043013393757
397,0.3067675256264933,0.6257264968016111,0.12982225775615783,1.1531959639643499,0.664391565022666,0.9484420121338158,0.24750744087634113,0.07050863280960998,1.008863705080347
398,0.513604687832043,0.03824533016083803,0.17796453442503138,0.2593096716323162,0.16529084431189428,2.3686545169819335,0.0744721355305491,0.10323496816536142,0.8697339892042506
399,1.4998723315592521,0.6448849845489222,0.06568337796665558,0.7268223609189688,0.5797111157457676,3.5445154958544736,0.10619836731308495,0.09082711360458212,0.43080405236557656
400,0.5613720246094834,0.33481204907016204,0.8636406265130873,0.8463541202758842,1.0791234541792747,1.5487544026713311,0.10806396976425756,0.04498491183309036,0.6305947561813223
401,1.4302070784037781,0.31981442203852434,0.40089893487921147,1.5283260558362444,0.3146274099934859,2.2984931138946223,0.22397934538262265,0.1379790305109595,0.48434621978461806
402,1.4924582291453248,0.16636820577592412,0.6787339637503808,0.456794344358036,0.2748014631519472,2.657699319294602,0.031220702082440863,0.11904756477318344,2.0723126647353842
403,0.5254238196938188,0.5813980550153051,0.3780983904657943,0.9930231295867213,0.2141782551908128,2.179437577648177,0.32905500959921163,0.1115630060361383,0.614808704330067
404,0.6027256987356464,0.6509751133230528,0.6990684904246389,0.8022689160366756,0.37515449442536974,2.1022372981549884,0.047341988507151864,0.08441841850753215,0.769649667486127
405,0.04953474268656463,0.04733749722073938,0.4021199222314022,0.40840089262218726,0.6559295934117264,1.907567055233608,0.1874086706630933,0.07868460882698902,1.2125777787931749
406,0.20724916354220202,0.3324355772334065,0.27545017102834424,1.1015159816941733,0.7231954606798912,1.8137858694125597,0.020849096790094584,0.07844975809853287,0.6414966394448203
407,0.9639370022792582,0.24583370586863781,0.24788248159908835,1.2964810464199639,0.856143413608502,1.6515950887372781,0.09196561417967589,0.10711877774215263,1.3271607878894034
408,0.8942533015284642,0.07801990521072816,0.30344873568123276,1.0839510868075113,0.11648641917591146,2.2544503855944042,0.09392478382937192,0.030555446525075088,1.18650483665594
409,1.1836519619024257,0.968689023856965,0.6951658142118782,0.6547105233074801,0.14321709177861325,2.0553382648301524,0.09774407039836575,0.0913527205771838,2.3299160038518445
410,0.880152849803554,0.5134738649398045,0.4997403601081062,1.8801955241672679,0.9785841866423811,2.2425202115379763,0.19505431010665736,0.08024795594558976,0.5520151964710444
411,0.24281696512352624,0.7385245914694256,0.3768408394476743,1.258704194534213,0.2213028345122221,2.0311158697151526,0.12388618414060387,0.08138077312592651,0.8453989090738128
412,0.09734890728752818,0.03552523454561901,0.48491098908282315,1.7043792156464583,0.7996592587226647,1.4345832462721135,0.07143270968694376,0.17255178712695823,0.7839701098363655
413,0.10882419351215106,0.28423764442984256,0.5241220756100125,1.684914065015576,0.4815490282459306,0.2760622135808837,0.18551683983424475,0.11851992103857892,1.1726079354120933
414,1.335504014127318,0.24221386922794835,0.07695712516442799,0.7770794095713298,0.6042020173660223,0.7872711727188229,0.060761583917406096,0.10564838747937207,2.005844199321744
415,0.403455632734969,0.22166077021446653,0.4017489520214851,1.4423615479248775,0.4915760653460046,1.3197117397068017,0.16789762986752232,0.1397755021090351,1.274500372456405
416,0.07423236011385953,0.08795769774458129,0.29120396271799276,1.3574499352288272,0.40868833642658886,0.8860772617575535,0.13791684901914217,0.09340510322526721,1.1264285271930121
417,0.5415821640381294,0.2633512454303612,0.7065381860707601,1.1269378126918081,0.2324183940689556,1.0443063635827645,0.2663750949401879,0.1738016548411814,0.7182926159216615
418,0.19051113329920127,0.8448674397644096,0.5411739212367137,0.6615240175303504,0.7390832344869928,1.180719739888635,0.1991948607294463,0.022552888362584872,1.723788038470806
419,0.4019404994603386,0.48696073482724045,0.2794660054119641,0.14294553989832348,0.9148476481868334,1.85555124825839,0.10934385914095551,0.06573580265889724,0.006071159789509006
420,0.8709854173833327,0.6628299335536592,0.23903906822738358,1.7526859869712643,0.5170952093691473,1.8498963214060369,0.07087614488474267,0.10607617060858184,0.2576586614814764
421,0.6444225218927636,0.7424550560653942,0.36523254590012,0.5824629091180445,0.37596937785213125,2.059153339980529,0.17816560942384815,0.14258578851443546,0.2657333011835441
422,0.6482045177734235,0.9089611236414252,0.31867654598793244,1.603686729814896,0.742082287959223,2.036318995214828,0.11596366952197626,0.0794899886667106,1.5234747651798357
423,1.3328856327054464,0.42416570978194384,0.5755889967621247,0.4921189786230114,0.40840135412340706,3.150656972451544,0.12923697791660663,0.11102814126836281,0.29270437443551867
424,1.2199045184820072,0.7584452224427474,0.3710125379959191,1.2375259533268754,0.6244132454300535,0.4656583413188806,0.11506956540136144,0.10674950527974768,0.3382952732824571
425,1.5555730964884733,0.3988333717293299,0.7093898567821407,2.810535810022237,0.43317594846208696,2.1885968238164355,0.14720210498457967,0.12444607539669807,1.7516033362835168
426,0.35916174692380665,0.8706404093577285,0.07687788847580834,0.10517840089230723,0.5624222723320993,1.835638769265044,0.09530329825444897,0.08930371121189086,0.5211221687703642
427,1.2986028429315368,0.47140783079155124,0.031608357360293826,0.5932448760007615,0.41523255055351616,2.0292567619485933,0.02286218135746705,0.06381094032445807,1.1125780432157424
428,0.050518275570267696,0.5857532473920075,1.1844372440430142,1.1705026441273605,0.5251696415722618,1.5102679426557546,0.1959943291335136,0.15083113479481794,1.5406687118437437
429,0.4035907587162941,0.3582997561416326,0.6157955760616853,0.5866008267870606,0.5046189317004535,2.6432556008100954,0.07131428285250804,0.06787439663013554,0.15574521172443279
430,0.38818467460988215,0.3062961984115108,0.8482423168329373,0.07603077868512131,0.8798979831525948,0.5087029630907844,0.06995564004824759,0.16204667660471866,2.1493259235249873
431,0.6561471601923818,0.026346611274990717,0.8417897221685313,1.4301047949343382,0.056175920382894595,2.0753116200222994,0.10773983609038386,0.11854791924657154,0.5289474763613178
432,0.6367264257151615,0.6264426423542822,0.11362814983515043,1.2332881881872104,0.7276121937453124,2.673760146643586,0.006728776124838062,0.12117876886203474,1.194354998957591
433,0.22717948358811302,0.386378214099388,0.6257186623999063,1.0139122853878497,0.3047387629563755,0.08167102659931769,0.09118036991926248,0.10268931839876481,1.5951534693741736
434,0.5731859374474402,0.4196047741507219,0.1570510515490863,0.028941859519479363,0.3516001590818384,2.971938718131441,0.19241721544685736,0.10922221647147198,0.44271717204725336
435,0.32729269926635124,0.40411008101312434,0.32949785027339146,1.3577795144572393,0.34756301967957237,1.0814741451977847,0.12215643382174948,0.048074141216678926,1.5181159805063704
436,0.3002758274250675,0.8039670026269149,0.2870849054266946,0.7737476263152342,0.6388448031217501,1.6837330764761016,0.09748428087349388,0.12073225091811904,0.6177764680764827
437,0.2853366114922054,0.4674630783025743,0.6092192142284564,0.43727760886046274,0.7121305774326459,3.3539378923408694,0.052975426132284426,0.11540451535863169,0.06076237120183281
438,1.1469630877627506,1.24506613502769,0.4276756585320205,1.3450938854042054,0.604402201934936,2.559831869995439,0.08472254905016297,0.07927957345741324,1.1639093265082205
439,0.6623326006304859,0.3739069153605558,0.3718835883519863,1.531240302778016,0.5015199224433463,0.4755920008190435,0.09120937994723415,0.12265400652935063,0.3844172160607987
440,0.22703041377865332,0.9064401634244157,0.35633759201639664,0.7202573216025873,0.42528633487343687,1.8650449530721418,0.07918543666248296,0.12982051627307317,2.414786804827444
441,0.9509000888390995,0.9241369354213895,0.4876703111034799,0.491782147281264,0.5384357228877166,0.13021421772032826,0.01245955694937162,0.06379450311835955,1.4969114293224584
442,0.48401862114124206,0.47842799922695417,0.7746636966023452,2.0239432834641615,0.6311062833280784,1.0529504469885573,0.119580241961665,0.1509760109559981,0.8677293636063369
443,0.6453267226330985,0.5443612274879873,0.871895357741588,1.1141748129111637,0.6020791086121331,1.0702536361751835,0.14510285082613422,0.09728895305894168,0.3986741865931387
444,0.013468032935855745,0.6959946766584981,0.5008657227309781,0.9440240599939352,0.40234073822614796,0.514296148862682,0.036070859065407274,0.07909357824413848,0.8372914961872918
445,0.5938524134172001,0.041697795113903924,0.2480206214699553,1.9726587078878435,0.44980187895864154,1.293475499556954,0.19559472492699773,0.08100386159742175,0.3704251439965813
446,1.0295637126524917,0.652134837519486,0.41005329416239134,1.2618460442828394,0.6686136657551573,0.9697069946898488,0.12012274999101456,0.13816770683487478,1.5750774911202465
447,0.2804714265294381,0.6365844792031019,0.5103583326402247,2.992662540071227,0.5401103769322105,1.8426113003816003,0.12379010252728845,0.044725577069064035,1.8974483214182194
448,0.7906883155154194,0.021500806973435316,0.12529420650366788,0.927740286397249,0.17696923949629517,1.1210279478721215,0.18687167716278125,0.06787113798321226,0.14955218985360863
449,0.06725552332797091,0.4456985535078132,0.22051554096761208,0.9164150769083315,1.1280329194112348,1.5001458203606544,0.16286297598822852,0.08769195372502464,0.39319344786544774
450,0.7063527452884519,0.7471936977613727,0.6713444889189872,0.7340204102988225,0.45123878115128113,0.6620278198836567,0.05610292884261841,0.14459592626012732,0.4633399891629949
451,1.7064897573344129,0.8049040284637174,0.32109438418864505,1.232989983752886,0.5532125084946203,1.8164697939075733,0.19672842785643332,0.0875810167936781,0.6157455867296431
452,1.257664980995493,0.27881697827753826,0.3283357317145141,0.8822317936351156,0.6830550065645726,1.576360304313144,0.16106924406119696,0.07394739288901063,0.6399407627445359
453,0.7226657971407162,1.1229121672040983,0.4157976510715331,0.7368160414749632,0.18030722714810354,0.45691687605431697,0.0041929218641096055,0.13969373506798058,1.7813305549138745
454,0.7739547113859806,0.008885645183696556,0.4660380102954059,0.15383984000122286,0.25931815785565476,1.7294465859402306,0.15109090462389618,0.05300363376045451,1.24535604128472
455,0.9473738950390114,0.49788118704540574,0.34296241761529317,0.9814842692759584,0.4375006986025011,0.32096209418277,0.1373540671715283,0.04807415462490067,1.0845599584483374
456,0.5991376358727478,0.5929833282989317,0.36481642874842896,1.1334338862444284,0.521700381202867,1.4315214049570564,0.1119085122551683,0.13756230963370644,1.4566119757757328
457,0.43967339174577813,0.07548144314260963,0.07874269051343097,1.144908612551401,0.718347301102601,2.185625432937413,0.09169195302559599,0.13398372579474327,0.7854267761259369
458,0.46127380570733983,0.5219926187742736,0.29815472044122,2.1158738260813514,0.4568014541931174,1.4853805402044835,0.03549698569391034,0.05189044800617536,1.5139923243719333
459,0.5054394259905052,0.5246283884920846,0.1040533304036784,2.284386023703032,0.508814584353793,0.6716824612864027,0.022616849955972823,0.10863333910277934,0.6309888564473617
460,0.2083368967926767,0.5125562930757432,0.6237800213108049,1.3584145369171783,0.59375286439825,2.9186350914053194,0.26104373570863704,0.11002652669638951,1.1737041731208113
461,0.6643557324528727,1.0979719064923867,0.3070221252590341,1.4674971532291927,0.21535294439533692,2.721834685786204,0.14740869525970784,0.11247673131478489,1.2119303758256192
462,0.30193464542963067,0.07530443281459087,0.602073443080543,0.9994077204004707,0.5309308365779498,1.6405811914950852,0.039810090623202815,0.126104891394972,1.3803285586342002
463,1.7884400130816682,0.15179420649405764,0.08495129586253183,0.7593804542067302,0.5090135855664942,2.3619656837276257,0.09669505799011917,0.10027965721070381,1.337064445732234
464,0.5966603365578151,0.04102951009789757,0.7341426800892714,0.7822553431175723,0.34340982488635396,2.2271336289335,0.15907141761994492,0.03860411828829133,1.276320182929752
465,0.9943085443597925,0.2725935613606032,0.37155648416153175,0.9256552207845813,0.45901809799091603,0.8436393555692057,0.025230129159184017,0.10022318987991548,1.179888075091681
466,0.4387071832748634,0.18392652877185448,0.6762361681223366,2.165269241557958,0.2679667654812613,1.8412073310314359,0.16645448355579617,0.1284210658288041,0.7407793133074544
467,0.3652646825056512,0.5290145170606829,0.08453956342560956,1.2983383993966973,0.39163950947435267,0.9609496934113797,0.07227875288126848,0.09318065104547502,0.03644070885063211
468,0.4172405186340764,0.8857261390400744,0.23058343905442602,1.1328894101876137,0.41779236895835214,3.047472746055482,0.06577889480961913,0.11458013452837998,1.4219241727050833
469,0.6303497976579964,1.1071009283198576,0.749384257292613,0.48640219447590766,0.3704210961360404,1.9829529303527784,0.14151125322152736,0.11285391936208719,0.1674178956634561
470,1.677610050147774,0.408853571481566,0.4835376935013194,1.1042467246654006,0.5194535806989167,2.376169180649673,0.07699996979323269,0.04140007196977616,0.05077186653139221
471,0.812880843338377,0.4081076838522889,0.21905061383536684,1.129990693675014,0.5626649373368022,1.4731583339965897,0.15421029011719423,0.11688636948221254,1.8648139983419123
472,0.9793200349037838,0.44932412896744267,0.7647465852597066,1.6160821701679673,0.507534958878175,0.6431113116833487,0.07562557992353015,0.0846003880623185,1.337128616221172
473,0.675781031479646,0.6844054249673034,0.1694988948814216,1.3272853848666846,0.7418251667317588,1.530424145161938,0.06260261475517007,0.08692421876949182,1.141029364472653
474,0.7420510997576927,0.47286463837934456,0.7134550665385543,1.6108074027933306,0.5465441894502876,0.49193501802794337,0.20365967561536918,0.10843635683477448,0.8682937028215896
475,0.5912577453341168,0.3970899697904695,0.05406732120493202,1.5468337735983706,0.6026966093058479,1.6017290150864907,0.13923330140315238,0.09364403964800924,1.3648474961139407
476,0.5097805713923311,0.8531064287397883,0.44660326905835457,1.2715469571166544,0.7035819346218942,1.4353457889109995,0.02709161227217964,0.061425534904929927,0.2146962745670996
477,1.6638604742518341,1.0442500655750178,0.7834191472623759,1.0169276047079818,0.49731815420383063,1.5761503519044102,0.061076441718678535,0.09855442853191033,1.378066199952367
478,0.4933599752448011,0.9230245041858895,0.2942429805829505,0.6229836466444502,0.5747435641601432,1.2897448437626373,0.1008858991447103,0.11050309445539531,1.7018664130588386
479,0.5282548611575779,0.08875689743179543,0.24667113724351197,0.8261743777027617,0.837134402642087,0.11059593244110966,0.16592447177091926,0.1302422546100151,1.4420537575681251
480,0.5733790361355772,0.9594214234581637,0.40041943401726604,1.0909107765311834,0.5717868825021519,2.478983988911934,0.04406595459874213,0.0768950867495409,1.5911118057414335
481,1.3291867332257468,0.8368562838289877,0.4444831261350226,1.4301026687223444,0.37254903646911386,3.4746000940942716,0.20509686566568824,0.11438539010626814,0.8188444103863359
482,0.5656630087900107,0.2195334115784945,0.506462072394527,1.3863583332672902,0.4576561629979378,2.9350988484703837,0.09737056660169761,0.12222912187385147,0.3667511621989692
483,0.04970646048265426,0.39504697132417366,0.1366540747354127,0.6190507609505327,0.41270906709216326,1.4692826275966624,0.1553457478712182,0.09208804844809998,2.2508876008532117
484,0.43198170730235086,0.2916375055540194,0.06721220373250392,0.7195426046569564,0.40848722021985834,0.6145283657870388,0.1738666793571133,0.11970270852862337,2.0840590874328675
485,0.9237432057867405,1.0957337203086028,0.512964522424249,0.8068643902622102,0.34822899939347796,2.153212956407403,0.21519817961771398,0.15576964755031142,0.9233119449949903
486,0.5046259122269134,0.29492016353184214,0.4478870106559239,0.6294066121275035,0.6203014824038329,1.5052003780421035,0.164168016391176,0.13063652900352557,0.4812398791155925
487,0.5919606879770093,0.4425197888273804,0.3817657239950472,0.7081607727423643,0.8813235719382535,2.191964930985738,0.19734469390787968,0.05993371083247784,0.2188870765629326
488,0.7471292457885054,0.45189514736873104,0.3453159104525877,0.6027515483202146,0.6867017181787386,2.3592903127247205,0.10645335121882017,0.1725313548685781,0.8898591138481443
489,1.8288938741402645,0.9506351392291135,0.7591282584298142,1.187692120841763,0.6583644187624378,1.6548921352325203,0.08264979806208647,0.06782207314220186,2.279066581891477
490,0.6540531244897425,0.06403706032375772,0.028499708214215602,1.2001307692526,0.6891431816933343,1.4062330069548907,0.19497856252924628,0.03771548743912476,0.22290259384817745
491,0.2559489703520232,0.6506278158220471,0.5511883530708621,1.712729081755044,0.17912975027350558,1.3336278512385773,0.11082546634684981,0.1403220571239921,1.4270757733498063
492,0.9939210373496175,0.17005288778895428,0.16957609502202195,2.6165586449935305,0.0926818505311241,2.1575239568319673,0.11672678517675555,0.08389005682169666,0.9979227417309916
493,1.0184915127171421,0.6041456641832069,0.18469409899058728,1.367692442350359,0.6311164183967366,2.9721631389082264,0.12207325915470205,0.09741908271287868,1.2410073527364902
494,0.28850822838776796,0.43664876568669553,0.17516711247133168,2.007406899828293,0.39197108351743015,2.2119977172060517,0.03758721002244855,0.09034377791063802,2.3813234980697686
495,1.358447918748678,0.25582442108830894,0.4902756027269084,1.6848262765926991,0.761520593527867,3.70299882656927,0.20592956020962877,0.0887266659368309,0.4294362180265966
496,0.04022430480522954,0.8915771470510474,0.577628611093264,0.5566848844035062,0.21214514752948305,3.121934787027465,0.1892859198522446,0.06521279436548473,0.16059608670199954
497,0.31455175196177915,0.6466753432562811,0.2546520285220661,1.153831260947351,0.29949203455101414,2.2806920805738553,0.008938176744602566,0.09535328644167015,1.7195881502274188
498,0.5280504530198383,0.8458997171135589,0.6482549457787679,1.0321265360254361,0.6623561508584248,0.6504559468607967,0.09769879071021012,0.08662677917805056,0.6593043339151189
499,0.21768234491107483,0.24144566080002705,0.33496092662424776,0.8042308954946845,0.7302881820200255,1.6929190816748112,0.14988238715875224,0.08745946440306028,0.2617571524228314
500,0.5158950647484518,0.6139312475519152,0.33741178018117635,0.9671990890581431,0.1965311505357744,3.4772029995724028,0.24098358298603928,0.10739588719248316,1.7835776876947231
501,0.6121416946782675,0.20179183276413065,0.3066631448758483,0.5367881142300595,0.7397965853544645,2.7545707774959873,0.08820433088014908,0.0957722802499176,1.5335640827804227
502,0.06566440538179125,0.08779243800553749,0.5635214633028495,0.5149929078455062,0.6060129795260324,3.286669820802676,0.12689853700828319,0.10650630829294881,0.7417212407495378
503,0.05533736352710791,0.3584447554645197,0.05507750179394083,0.10053736419141479,0.7464792070559274,2.754648028104216,0.03901820310302603,0.07566696362738792,1.1109411820208661
504,0.6189954965151067,0.973182493561497,0.1512044513399388,1.1090359662717013,0.48184403549100174,2.0190797365676265,0.15083830336322057,0.13931744438656746,0.6390891548847231
505,1.1053909921772094,0.5247107794316064,0.16751745650903102,0.9040616350252305,0.33424104206659,2.3391200112079895,0.046080635450355914,0.05379184331021694,0.9404181596766169
506,1.4800114667894986,0.6676411334806813,0.39176455227817975,2.135742683907168,0.26808025562009685,1.8311102336972793,0.09588835142213777,0.10362810895179375,1.0830916260385164
507,0.7485163966314066,0.8416916972570839,0.16124475547379594,0.49187643325609043,0.36923082699843135,1.3775637850181233,0.11590274285854812,0.11377215018116414,1.2939749258456057
508,1.3573729199308584,0.49783585026101074,1.0824851358483527,1.0185454652855555,0.23504932252815447,0.17458140972634362,0.055390717904480455,0.08007755316727076,1.4224050714962377
509,0.21169262219329893,0.6881152996851085,0.6832479144283312,0.4371886250402921,0.4151572795627644,3.9000701744553554,0.19104754062843154,0.06223076878383938,1.0563697109396009
510,0.9815207851595109,0.5531971124890297,0.6443635341359317,1.3825677809498598,0.2724826591420778,2.045283960958671,0.10022706348937678,0.023101647773618478,1.3528151209832844
511,0.30984032021619246,0.8680268508557418,0.5743713686570387,0.6192235444266181,0.5362166193106687,1.8459032280291425,0.12058397948784715,0.07807972525486692,1.8580281735521742
512,1.2546223790969457,0.0363319592347463,0.09677334656876016,0.027214870792223844,0.7337781534034209,2.437024014343484,0.12484330213749274,0.13349725491898967,0.6055777696839388
513,0.5408565339089364,0.38446342989708215,0.8282139884542761,1.5278717577548664,0.2777318442085247,2.086381101846181,0.21745567486940232,0.09280780988215867,1.1077911405391525
514,0.4130167228006779,1.1212898517173413,0.22986564701552875,0.3678754832700972,0.32183365849195805,1.9380632069157844,0.06780289135221504,0.10268577308115757,0.4294759129910958
515,0.4902164169415294,0.4100832772473071,0.4400734537009585,1.4944695016064231,0.368851792893792,0.8950100638506956,0.13753022167443657,0.13254764553412848,1.4855010408844391
516,0.6441501857218042,0.24553076107278932,0.20096834192457244,1.7637264136336914,0.5474250715940394,0.6770664405813942,0.14211886384147107,0.08081329296129516,1.4704335143647236
517,0.2752365464565065,0.22040705090187707,0.05281887944417435,1.540796867083044,0.5156924289410705,0.8123361156001588,0.03521760253148526,0.07579324230794252,2.689466357372528
518,0.4290245555731895,0.17494992523755412,0.4090317673305385,1.490734498035947,0.3699450032639334,1.5644779238511726,0.07593748018779681,0.08433820270109611,1.0373011736134217
519,0.13994204561669588,0.7455996600008563,0.4916264657585657,1.0305533981910207,0.4715187762837265,1.601444357928557,0.09520873463689565,0.14481883648760452,0.6041261490444425
520,0.10615382145612504,0.7808389969593359,0.07049570159982871,2.0712801635900044,0.2064530523936975,2.7525587384947503,0.11568487903130364,0.12111067221577321,1.6428738519942927
521,1.465993685350162,0.5569278996673019,0.28891717195911726,0.7933823124347102,0.30509569456277064,1.7150716725874893,0.12968786437927138,0.13325662191145712,0.8249878192080801
522,0.22558757395480705,0.18453564305434472,0.3652266414961439,1.4217599919233455,0.5999019455404841,2.570545186487405,0.17108968674486918,0.12400209164595843,0.9830259942544766
523,0.41394952479677816,0.14845268382694368,0.09183137621282217,0.739711428907413,0.8393094457713794,2.187364227958243,0.001103315223405496,0.14911933860234206,1.3315458955893387
524,0.15825424755833944,0.26199362494138034,0.3430247562234289,0.5336247843182987,0.28604238888732814,2.480629533569763,0.1295781065020233,0.09057506026296266,0.09602231489287871
525,0.797941304466846,0.5706292963023918,0.577304210528029,1.0149599748691747,0.6619510041314052,3.9266399883323224,0.2228190207748603,0.09322039091444553,0.8633757005704237
526,0.45670799257727396,0.5752726152882544,0.20287915153215327,0.7085470916742075,0.3323300016821099,2.2653717054125746,0.20662254806494296,0.10380947888214942,0.4517879492400047
527,0.2843381348770429,0.3880845179946435,0.1904839815206139,2.535245782870237,0.6220955495710636,2.0113239763348143,0.26077332901826406,0.07416301024086633,1.5755097982594797
528,0.10289762376630202,1.0266024245496015,0.212921989147088,1.7198204395775867,0.6800282623255574,1.9591404334422848,0.06612358770377706,0.13540642238900177,0.21188669436148388
529,0.690976413959429,0.9646213950380562,0.0915229120728791,0.03939914545481238,0.4475590723538744,2.1249461154211384,0.18728187814289327,0.09719056551378281,1.3486211408558435
530,0.34010421797293044,0.3166783286660542,0.27846649842876037,0.1576602285048364,0.5090359019981495,0.7983326586160816,0.05050727948953751,0.04109441357276553,0.8224967834325192
531,0.4340287897599686,0.941879340057689,0.420449037923185,2.0617591449993125,0.41471342362623875,1.0269421686512956,0.047071845270518095,0.07394798067958563,0.9074226503201913
532,0.4079818179331343,0.6642977526286482,0.23716696006086851,0.8089662892611642,0.20327256411932032,2.184895262113329,0.1770270327572903,0.11214706540390419,0.7118921863906829
533,0.1832011984327001,0.3681868588938413,0.11324358104924812,1.6625679642309226,0.5001360175035631,1.6557968733937576,0.05058933081338474,0.11187595129312056,0.7694483865913705
534,0.5780275102263195,0.4976171912660935,0.5139529371460609,0.8788269358576267,0.21298264002368028,1.3042848862627727,0.11335091679704655,0.08625276436663606,0.8654464013417739
535,0.4658753236026719,0.6145307318112326,0.7798553414574789,0.3286035441382259,0.28177377733412223,1.530532340963719,0.19502707985365458,0.08996024720401753,1.2208841008949487
536,0.621306916661311,0.0604033974746081,0.014297195990318146,1.3592822660212553,0.4556366437093939,1.3352228190697792,0.03500552322371957,0.08179816522128078,0.38893629145911757
537,0.6896892575417263,0.7247898062744925,1.042242402134518,0.8240159472639905,0.5518398070081022,2.0599269664754765,0.1960795213518925,0.048910298135888236,1.0705288162406912
538,0.21759663584610375,0.05549566140991402,0.12878999624903073,0.6800801973340089,0.7510280430643143,1.3467880259913276,0.04003291706495336,0.07012780758295559,1.0333018780547596
539,0.803106541843007,0.4054939401082221,0.31548704128880584,1.3008433259389371,0.5966066558286413,0.7026034452510665,0.0026341531186251516,0.08969926707901116,0.8935448650901467
540,0.14939943508648978,0.2855410144520911,0.12983446326697945,1.2147976358066692,0.7592852559022856,0.6653378539406591,0.20302872233734423,0.08907521366937057,1.3543676511295852
541,0.5194776925700262,0.27436418046461436,0.28816352106505944,0.17170423391591472,0.6885213282080985,2.2458251498532538,0.017852633903622683,0.04652498342862499,1.0041962532091322
542,0.2434328849755772,1.7995688022502307,0.2119851838521458,1.5013098166758616,0.8763469094145142,0.8365494979367395,0.24833075341427102,0.14498217069264457,1.354998441813887
543,0.13497446822252715,0.4036278632471523,0.46098575807035436,2.0038130180177114,0.40084559218114546,1.2399242773597388,0.31070555667835703,0.10220659469941214,0.5837733162926093
544,0.6863099486975581,0.06247894772476398,0.20109129911523543,0.11025696313638611,0.49256889023861605,1.0832473792360884,0.011726834420368246,0.10841544431573999,2.2023580904300393
545,1.412382868246024,1.0360824928034504,0.0861848940953541,0.5774926265468592,0.5404744390367037,1.0084494446644605,0.02721460006545623,0.05125693160990087,1.0037064756929306
546,0.024697951027097875,0.8451165052292928,0.21071333761812017,1.1817192391579383,0.486510068858749,3.4467634940811895,0.012647743038161852,0.06097202650137848,0.03975200560316117
547,0.38305425990148084,0.9414257303056346,0.3532551538639285,1.8800683196267198,0.15026093773534693,0.6192041679437441,0.0171493760090404,0.06967033628898381,0.081327657614498
548,1.1614494899885819,0.6787987793316879,0.3746492337882705,1.2805855273033355,0.4170438679460511,2.2200220162873734,0.009654651678975237,0.05929661566083663,0.250866629856628
549,0.28120265705846614,0.8556163849904839,0.34524572590924407,1.7493114405247034,0.6960404262257514,1.3740652265189226,0.2355856980822021,0.09338221361544809,1.3590024782350199
550,0.11064397249142152,0.5464832553267969,0.0668204023692921,0.5535606898937597,0.5509392793890586,1.367578721196755,0.11629914455271378,0.1464951438216306,1.4012389518869584
551,0.15613631666922823,0.28649116363625704,0.12188355054648639,0.7667002987518813,0.288622304920591,1.1241306580256845,0.10175840948373872,0.1725932876145736,0.7095282346660075
552,0.5947342555312626,0.25635892158882734,0.18766053917306807,2.4390397799141352,0.43848980888487754,3.4804920357995113,0.042586150419687926,0.0727099989739623,1.8935407940505944
553,0.8459256890844411,0.6275332309378883,0.6336916255213433,0.13864010931300774,0.8361322125278814,0.14247769220407291,0.06580379482580385,0.06722118230245426,1.3561041670703389
554,1.0459416295124555,0.8616801260677958,0.20452182239645939,0.22448686376693539,0.5316305935487852,0.7507928938224703,0.07728195769073565,0.15862238512047705,1.9371918856952748
555,0.08796991248714353,0.050961974458794024,0.5771564603610896,1.460011297179112,0.6841811715126123,1.1835021781410178,0.06022700741060129,0.13365858574274891,1.5259842124684697
556,0.37579013272864126,0.18183655773368776,0.42500060848931587,1.5570783913996218,0.5692539739326747,0.6096900910455232,0.05835951657612725,0.08777854868683302,0.9957757076334296
557,0.6269658617890675,0.5175650095537423,0.34250376094572105,0.7446311109854934,0.8146800496418709,0.8436759216649597,0.09947436167771974,0.12536708380409645,0.998281383018639
558,1.5206030692081454,0.594500947923323,0.5462584265657359,1.4261833832497892,0.05760556479128459,0.8577599596455343,0.19705170038921274,0.10719505849246246,0.611823874130681
559,1.3039631681081367,0.9156983664862441,0.06941852850824543,1.0570541682330397,0.44441778588919095,1.096979929005803,0.11280825752230289,0.13010502151702452,0.8506623526775179
560,0.19066907922981605,0.13773541385617838,0.40756369395864595,0.7524516815233246,0.45285427527524835,2.2189272914948526,0.16284688871507935,0.07624800699263581,0.2219992136611546
561,0.4286509744788073,0.9439332302800374,0.3899664059409338,0.5296683485986311,0.4924462963466407,0.4698616210607589,0.17442887684948205,0.14388238434635692,0.9981450241445657
562,0.22796203377329471,1.2540803270296395,0.18949540640768206,1.4452603013393823,0.7213980192941595,0.6342417642202716,0.26412490910561903,0.09519029111626046,1.2950290142310577
563,0.9835964118954932,0.059201848086858466,0.8927300427803887,1.2572151813970012,0.6836066226695883,0.868324999131648,0.07318991970209958,0.07087268101424918,0.806103976376284
564,0.40065170029714703,0.3197827286281095,0.6724484675468356,1.1813503984931937,0.6254154800004064,0.025019605861056782,0.24675965324460253,0.10185433651793463,0.502053343765227
565,1.0708832425035675,0.22109405807881283,0.38267776663036696,1.9037237514669991,0.06895774291987106,0.3700762861652427,0.018976476270159456,0.10317529327936824,0.1923505792737631
566,0.38883766322087365,0.6075980642506924,0.6476699153535164,1.6273080675768763,0.7631641424780027,2.620785300282459,0.2294884792515766,0.011488779773353275,0.7747124975019409
567,1.127944443334203,0.35343001049153966,0.7011852546275726,0.8536528028738367,0.4758659188538728,1.9849899866259049,0.17870906439871193,0.1325136652320345,0.5475300732524946
568,0.5093683882544573,0.3441439770801807,0.08037400262242672,1.2178401090071065,0.9832720435180914,1.0021030287908275,0.1764095132170126,0.05253026655277101,1.3094769099434795
569,0.13761919132187342,0.36274750950071954,0.7270978994657081,0.3490932518022044,0.3423558237787235,0.9527534186924365,0.30756815116721437,0.07597888449845679,1.573882902232187
570,1.0828209911729685,0.662263668064629,0.3720561515810903,0.8189414109594735,0.46325054663885096,1.3856357777843598,0.20513106178549745,0.07537685135575643,1.1022124471631867
571,0.1085441681483938,0.5809953997438088,0.3137548281953453,0.22398301802992449,0.6647822234148129,0.733556616255454,0.031499549181469924,0.08293987881175643,1.237147074554933
572,0.4373733066866214,0.9935584498349839,0.2866418292381303,0.48922218936338846,0.8312248715087001,1.6223939833455856,0.035571665836385935,0.1448662039852163,0.13951807697403462
573,0.027099945013121574,0.038350838357534334,0.8017729984872191,1.1038105032281027,0.5611054750935666,0.02009134408272617,0.11789588978501775,0.12157113779507844,1.132176663806549
574,1.809544335637567,0.9065556186280572,0.5685144241932821,0.8727260445955378,0.8068439341216564,3.901408426750848,0.06499872377008174,0.12672870217849813,0.3388916611022207
575,0.07716539183749371,0.6315997996347968,0.4736780221493583,0.7455145515893483,0.10976178417103094,2.9232622831465296,0.022382758126471183,0.011741173089204096,0.5712633463433603
576,0.4887161819779225,0.3785678651034178,0.3834094686306611,2.197583525897953,0.279354814227854,1.2794122160093961,0.04270660113211855,0.14155480963386585,0.2076362618258618
577,0.18614247595170483,1.237229724727161,0.3141574669623539,1.055638324227371,0.6532258112057527,1.480841086252747,0.01497170137779695,0.12374043142658762,1.2208394609063806
578,1.2557367615156005,0.7841898162429187,0.40066870552921907,1.3528711533070594,0.475870688011071,3.5938721031271035,0.20814170741951465,0.09887130573281681,2.353676942569285
579,0.7476933313327092,0.44151965219100925,0.7748961480854464,0.4007664623440492,0.5319535142913219,0.22597459453862379,0.07721386336425988,0.08168283886405892,1.9368584544017553
580,0.8409890469908519,0.49693270508520804,0.1624461343539006,0.766425090846139,0.6844931271726045,0.6382770309081984,0.17403063778147437,0.1213909118284418,0.5584924440831722
581,0.842220606065643,1.1915930419057958,0.6549337618188947,1.0116223118559673,0.2264599548438732,0.9487078082309647,0.054953477449005736,0.09270461643648623,2.2430427445407353
582,0.02039251638047107,1.2605776633041854,0.4462354042582686,1.258445515850784,0.29350197849804344,1.5106231442698903,0.03239052447956928,0.09774684008739887,0.6883635062675166
583,1.0049504197233874,0.98624967178666,0.26728157818459986,1.6461495353095137,0.27390045482911324,2.3159255219562573,0.277654980998456,0.06594048310190709,1.0527463460539774
584,0.3565227706455927,0.17484203910669863,0.3899590009219028,1.1955767189663558,0.5306903467932339,1.052844182462372,0.19781912812702113,0.06806747847469952,0.04877772792641988
585,0.22487627272625538,0.6760662343558914,0.197882724812642,0.7569337579724849,0.5305953796462145,0.43255441239172043,0.17660221218970285,0.0931892385609097,1.3585085308793323
586,0.45719184367536525,0.18015453254359287,0.17636106450349748,0.32391698495820687,0.30043489157632586,2.3556459344133356,0.09533411001327687,0.06457519346243158,2.5851270287590076
587,0.49573669928446307,0.2968385254581087,0.4041764543225843,0.17572484869386118,0.7172693060484312,2.679602671167513,0.11720841591535583,0.10144903850647427,0.4673304633548548
588,0.963191882978579,0.8453215887517769,0.19167186028706099,0.9830946511781933,0.5274452524994581,2.051995468428703,0.14244549593191747,0.09539912180667219,0.40108480060566404
589,0.4536976975972404,0.007894552767139407,0.5896283751982403,2.663057091306931,0.4925599828836754,2.2855748355333,0.14509248017490023,0.0879433739005983,0.7764794033870105
590,0.9672997941508894,0.4799704471139339,0.22891756748869385,1.527688406710252,0.3815841886294122,2.0328261919606554,0.14178040142866297,0.06358077063074953,0.07259539841868767
591,0.3728436685264238,0.16245849323739975,0.4291368149879256,1.8991176844006488,0.7071785976034383,1.8306544615423006,0.12879232957326084,0.15170275607296982,0.9685171016129023
592,0.16937728460997462,0.09457265679255394,0.03436855279262496,1.1802263686732954,0.568971875608009,3.1107066364433322,0.18824052621879797,0.060627803699980054,0.9533024558203246
593,0.4894589842443355,0.6160285869078934,0.23607554576217193,1.209878037079604,0.8033221875185088,3.3915728492534276,0.14520932248446672,0.12586925668546733,1.108717599064501
594,0.43801436224327517,0.09267118387265566,0.4201172045386263,0.9801905289880783,0.39899160661839206,1.6883989039104228,0.0017246306484134527,0.14093868172921878,0.2842677680115545
595,0.32835430140542926,0.5525558659410095,0.565848372025878,1.6541749181575893,0.45214709891001287,0.9339266358684014,0.13399329378461342,0.09013604565644937,1.7126430310872844
596,1.3614478815124391,1.0816183287014158,0.6057263400649756,0.20077700252579822,0.5499734038768501,1.4350007899425425,0.15804345080840132,0.11604012134554617,1.5190856682290887
597,0.22838644845864975,0.002703531951279259,0.07788446772041202,0.921666575743747,0.7029027314279317,3.442244466456284,0.13250599680379735,0.11760806458206334,0.4382877548792615
598,0.07704299936317971,0.42986224134615814,0.30803970455997354,0.3557982174093668,0.7677317024905121,1.3471482383578797,0.11981118077222855,0.12768593932137404,1.0381238983645291
599,0.35083416271247686,0.0908335909438735,0.3910173928151689,0.29845103913999516,0.6640304888059378,2.22130177340996,0.12114518712819625,0.09450811262750433,0.526705636664909
600,0.6305382855431307,0.49569048428351953,0.3489987140314377,1.6138791874558793,0.4223321968675064,2.479598597283438,0.006578900783760125,0.1259307904582067,2.130724332143669
601,0.018366123940931678,0.7304932258209245,0.0637778776848344,1.2624065411855783,0.6231122338981497,2.300606431570747,0.016489390914517163,0.11041874511743469,2.069959964444368
602,0.12122712456876455,1.0103466858609593,0.2829591730770509,0.6422281171777291,0.5277741481820293,2.4323728844948125,0.014544312539779572,0.14522548420296277,1.899462150126639
603,0.15048711893234384,0.48552153780898877,0.1974637980694901,1.1496822978579817,0.2687285670461432,1.2362293062164909,0.05667195305959075,0.09283784678509754,1.1483682965799953
604,0.8119630162788487,0.7853334449219305,0.4189372064624919,0.2483121648755613,0.7635535739721081,0.7052912749920193,0.024811359215286807,0.07871553104347552,0.7710934475549498
605,0.24468374776366122,0.7634533525390176,0.34464960066011874,1.8218769469821328,0.7322126436263163,2.246553075999831,0.11243604630337843,0.09785420206285796,0.9857291017947397
606,0.7119067587152607,0.7848891837348081,0.0004948421746762133,0.5446318503605596,0.6772936985466684,2.3909568751329386,0.1509910066675623,0.0905215179133153,0.3353293056173843
607,0.735387095488699,0.3590432386847705,0.17520125968747036,1.5971825305118341,0.6751056644469196,1.5942527252471779,0.09634038690785336,0.10066740989007072,0.191540237908705
608,0.9322703483984032,0.911533448530744,0.7217554661376578,0.8048047038792003,0.4000257142983376,1.4129494748710734,0.0631425034733919,0.03909972943859672,1.149484017240083
609,0.7786977431250919,0.8013276878469373,0.5702133572108807,2.021529935627345,0.8370917981964957,1.1276631010719247,0.1367417779958788,0.10056295496159147,0.6529796006014672
610,0.9952661727626655,0.02327332929925585,0.4883211782472394,1.3953605999979066,0.27446563059587337,1.369310710226435,0.038578712756946715,0.09582378535800579,0.5876526009343537
611,0.9672133227610482,0.49731615288504816,0.24467819762611043,0.4763210078001869,0.3276020797061125,1.9637774365274772,0.180896689084592,0.07508699117921264,0.8076017582689283
612,0.6985223820615813,0.9696436681455296,0.3477713246912575,0.7635524926341388,0.6074970233579705,2.2447786570045043,0.09565503978553372,0.05075382283898079,2.6719688577383227
613,0.5180584971009363,0.5902115501592579,0.4026398850893684,0.9880979737441363,0.4282518136462521,0.6358757744767538,0.13479801222613202,0.09006564042808736,0.7667875560238648
614,1.538244660982403,0.3034772174678449,0.5354707959719555,2.676252489982455,0.2869875670175541,3.780383676366144,0.01315932036755002,0.16884283731062338,2.10603944538666
615,0.1036152905793174,0.1668201865526656,0.28158387580413935,0.5824837056287415,0.5171218651193786,0.21916163272632505,0.03725126026517522,0.09661836165205465,0.9197344639249515
616,0.2656946266378824,1.2360903732037136,0.21080044919759727,0.440949907424529,0.27290803597336166,2.1588066354698654,0.11448984193052088,0.06646339090905086,1.177873640280127
617,0.016143633671093838,0.7989581898864238,0.24178283811839324,0.24968410787755302,0.3849177804726316,1.5430248082815108,0.08754540170758474,0.08524505995708197,1.7777483385959192
618,0.9465701317847757,0.29477917365329864,0.8319131359128421,1.4429150156092319,0.6891519663351598,2.3692981047524833,0.13156090474522697,0.0982486917335482,0.7280133350958978
619,0.2390727691055594,0.9099600054093169,0.47287911344269246,1.1133636502531294,0.6272950253803051,2.1629795304812642,0.15799333179315486,0.13578266523824786,1.881098199619725
620,0.02479305171792895,0.6040494861835787,0.5270114816833642,1.4687907566767966,0.5030326164074296,3.3267870560371104,0.09619391325756803,0.10115736204546537,0.3206886923627551
621,1.1945251070811753,1.0338385281637188,0.02188061498491528,1.603414973546732,0.3744968679839849,1.7106373930461016,0.19319445998533374,0.0804284212635569,0.7863270505681568
622,0.18498979432876322,0.7444846567504125,0.4515183700622338,1.8581072467999913,0.6451221816161666,1.446834276546535,0.024152974567945032,0.058740375436990504,1.1548649685638483
623,1.3186058753720309,0.48224137791536326,0.6016383664145648,1.297158018701689,0.5376543036474838,0.16152973110904423,0.10888857296481659,0.11836781315759708,0.0667367198956752
624,0.1144806087080793,0.5793765789483655,0.30482369193433834,0.9151486892249879,0.42795780651582527,2.4146856951805273,0.03845790655787429,0.1422433679890262,1.3896218092714308
625,0.671780151364918,0.5811194676935431,0.8121260524002565,1.4123525223966054,0.3807986938059646,1.3626265430702689,0.0735879919712902,0.06488842962735353,0.9422694463275811
626,0.30016226858590583,0.762168882553919,0.44233070539285085,0.7686288536988426,0.31531326967058904,2.7043923075094303,0.14837217716346884,0.05339709777481271,1.3034024893076859
627,0.3644827348170055,0.2733340176420483,0.004507959371820025,1.0806585880696424,0.45531360514367336,2.268226922010135,0.15904712628379464,0.06407587017438326,0.6272925420678229
628,0.1776946338339208,0.24416330978860828,0.8234833484826432,1.3743661007938177,0.42484812547142226,1.4473494397088802,0.15671093716651208,0.11791606997929521,1.0705114975873626
629,0.8389465999171768,0.6699822362605412,0.523802957643603,1.1647200360915275,0.40458291272249697,1.0489281012017204,0.09743647630709874,0.06875227611962798,0.059662763126249296
630,0.6832128049940436,0.34451924765344577,0.2518532752020863,1.0007046218426396,0.6802758825759776,1.555899972846299,0.18786659786246285,0.08528059195462306,0.2630352204066634
631,1.3841519569496294,0.8695692343623762,0.037877189796235555,0.8161393116645358,0.6730755833254023,1.0838369239230918,0.06072246979896972,0.0773661474840337,1.7730359878358493
632,1.5230318980139421,0.04179359520439874,0.5130109044511865,0.9712291731864288,0.786026736787788,3.5522297068798268,0.1685478476069379,0.1130387197238935,0.7662738249332669
633,0.5946061192038943,1.0897195524519072,0.037157341045187475,0.4677985843324713,0.4054733268291202,1.3255693147365757,0.18329052594472253,0.0713354636924668,0.7309615371287741
634,0.33454518236052255,0.6809158012552825,0.0158992342186402,1.8585455816463998,0.6027316456422083,2.849892706714389,0.05061785289861363,0.06462639697020725,0.44523237882867817
635,0.13881796031696234,0.7007181061498392,0.6700746780008404,2.1971338989307174,0.5281960132300637,2.2750107020972896,0.12577302265447352,0.07642089119103777,0.822900505878762
636,0.3293783213251109,0.8509730105440989,0.19104373322912652,0.42145414662863145,0.7176610757932208,2.915152432081869,0.13086682120580975,0.12377596387930814,1.3791272305831546
637,1.1519004220258036,0.08158447560744003,0.7817894850767491,0.38991859855698485,0.5737140610418535,1.3522115827673575,0.20596088581115085,0.03787766339866035,0.642065625634034
638,0.22142147066224432,1.123579686936007,0.09019941927832639,1.7020491153905104,0.4853327849177878,1.2115889517625613,0.06280735101290323,0.13637861025155093,1.0087283477377809
639,1.4494418324551972,0.4656826337693615,0.7825689460193096,0.532850022895197,0.48620276084792086,1.685874595205115,0.2017267104298623,0.09269634729898565,1.0310561849746618
640,1.9238918014860311,0.48481879186067145,0.3064814726425699,0.18112545424918636,0.2480897973897509,1.7734728563333093,0.15245736961871323,0.08225826764247308,0.8460377844869115
641,0.4325466216986229,1.371684216761261,0.5592188262020921,1.4050081458923502,0.5527051551609973,2.1262501239953226,0.07978230171093796,0.09410702884245695,1.3112717503818607
642,0.9666976315830496,0.8718761550048433,0.8633903955891945,0.8409913193569641,0.6316092713483724,2.199636508361813,0.1367725976972855,0.03115594636359982,1.3684941153414454
643,0.8058257721722448,0.77659719622578,0.28269126208987966,1.4682937898116544,0.2735267307289465,2.469892651759459,0.09573936755052154,0.05042185081470075,1.7485524057574091
644,0.571416957745233,0.5479625598841478,0.29075402852083987,1.414181837157468,0.8363952522603577,2.5678634041998483,0.03971551934676927,0.15469036777767076,1.1466681900816535
645,0.07779227723037,0.8234764839213503,0.15234166499282617,1.6391195783286308,0.6423764249774264,2.184209305211963,0.21331677089097448,0.09083347371136055,1.3118082635217796
646,0.6408393234547716,1.1396332876003457,0.8550111287915039,0.46327471461331843,0.4549362866119381,2.324680145082783,0.06599896425494894,0.11034687397596403,0.6042322100452469
647,0.553197331177062,0.24170823543151648,0.0030895840979904277,0.9711702859272894,0.22023287411894416,1.1423694765336148,0.25920494529874,0.14439447401571642,0.9379007292596576
648,1.4397584020991347,0.48820775902256336,0.40939709879406616,0.7505900867621735,0.3479208958411349,1.6830430671042318,0.007493594703886691,0.11502038909284718,2.4663753106442456
649,0.004337094171711686,0.553767142725599,0.8143622837551789,0.3332109780341862,0.4099951083049415,3.6055539275330237,0.1374024762730143,0.07891263968025335,0.5119640017855669
650,1.3688462465836428,0.12893593244620163,0.5800362008600034,1.9996867401784555,0.6170934443844757,3.0177377530702456,0.17066098708455218,0.07039023230191477,1.2643924754649905
651,1.928829469823026,0.33843771617152246,0.16168771161757808,1.005719920365424,0.39251531240660975,1.567224387699302,0.16278328083162188,0.08676780718287527,1.5185283182932583
652,1.0124757983844288,0.17765533247377926,1.0537831104280162,1.4654787984617692,0.4772399643034021,1.798320717638637,0.11243321155382316,0.07661296934381948,0.20383877198735578
653,0.2931466505086494,0.8997642985287926,0.2414530342628659,0.46366110270760136,0.17647584863898758,1.784990566252606,0.1026115778094321,0.08044852798043041,1.437242018471899
654,0.3608334738664882,0.7304626332453883,0.1299940571682753,0.42838946031264036,0.4439442098161579,2.623349817179021,0.10835541749919626,0.08563165247323612,0.22804739407503494
655,0.9045690262500223,0.5421939599069532,0.1866651546245049,0.4012198521564053,0.35658625959959034,0.5848517493029668,0.0362871321306638,0.10570430876089502,0.5891165804713783
656,0.42831328477418795,0.3358093425225948,0.5650020636508929,0.6799230501852409,0.6023162893327517,1.1408522201301987,0.19211542041075091,0.12024861561852314,0.01654814001602134
657,0.2567640907503759,0.24817093868172221,0.3542489283347877,0.6489468017160909,0.524290591818029,0.33933201666774027,0.14892035951421373,0.14254232151002239,1.4225200206284458
658,0.26241742385745126,0.712912508805178,0.31483144468436297,1.7340159471343726,0.795373140946422,1.6607601177811213,0.17724105958703923,0.06054845276042174,1.5246546338300346
659,0.3458872308783591,0.4174382571479692,0.33000459851677044,0.6576298187053934,0.5592589487603516,2.5572828834775527,0.09493425561385818,0.1370767680853171,1.336935562832896
660,1.7226695336558164,0.5527320471014943,0.7840283492899729,0.3700412623005178,0.7906324582436642,3.0299926383131783,0.057149148622995534,0.10149055457811594,1.2148427583803978
661,0.05363980836143942,0.3269829863224789,0.2872788499619521,2.31535246312005,0.7297684528146472,2.921124812106099,0.22546410717166443,0.11312641728215003,1.5266545015283128
662,1.2234038902941438,1.19103940693349,0.6125600907639752,1.318834706257231,0.8493585866854719,1.5841613316308907,0.2456966609806564,0.0682299363039049,0.46306961582556344
663,0.4275501277964985,0.028884190802410226,0.37847401494123273,1.1676642404604607,0.5473048504469052,0.8881980961395837,0.1386562047131772,0.093565859958394,1.847878705679811
664,0.03756859958515338,0.8216144038005708,0.39918005083297076,0.7507996814228554,0.6655087847133553,2.4979377096985735,0.1799211873791947,0.0642043085316051,1.7782777217578514
665,0.6801190654502398,0.10931630255332761,0.7602218249664262,0.2776601937673163,0.24975772024841336,2.6977744377943953,0.10560824779406833,0.10734962387842308,0.01756093334417741
666,1.4408251492486348,0.5308653493797217,0.3605218973622626,2.20637717886626,0.7936980526264054,2.081557921998544,0.1338127060289418,0.1543341140760989,0.7674688508787445
667,1.174442299547245,1.1897258942609048,0.5090618059216321,0.591228704664656,0.2837270318530162,1.2667306501983904,0.24712996356967676,0.16922059462775138,1.321044615553717
668,1.2672964287318822,0.6497328634072383,0.7329007281642778,0.7825130518846789,0.657394112400282,2.446737145407377,0.11398335745186342,0.11433461125701098,0.5351532073602352
669,1.712769184724351,0.11804762723849213,0.3165123178991275,0.9258359743850668,0.5191103771902542,1.480515224502325,0.04828789990576283,0.1476229053722824,0.7322936796978337
670,0.21207866359830557,0.3167376691712289,0.16397876786901788,1.0386627305990181,0.34230216022401855,0.8574921844305127,0.19495875447514993,0.10915714445667347,1.1187709669299049
671,0.9670059845503169,0.003909751840491804,0.3140330418947328,0.763690721075488,0.6568234416864385,1.1242991528074566,0.1720985077048749,0.06491782682735478,1.1777278052005677
672,0.11022827038507438,0.0551808820423621,0.6058102396617969,0.5764646786823382,0.6307692660327934,0.4234104841650421,0.05825479311245472,0.04927929000941583,0.4335358158735921
673,0.36924228296552297,1.181497124350803,0.04533217922136262,0.6361309301297835,0.09380230695684877,0.8680321900922889,0.2603707358216884,0.03607820225639796,2.499456103887722
674,0.5438038900106013,0.09724833184786866,0.5798184005226097,0.5219822918403497,0.5951216645822175,1.9679259028636966,0.16580439690443943,0.10117198560271874,2.01906481617187
675,0.6232627189922152,0.14737736294169537,0.7482348282570448,0.2008992513165413,0.39106856254052025,1.827145022632342,0.2400319705690328,0.10073225166317933,0.48161070694129193
676,0.47603671006667325,0.1885507265839676,0.23186988634580397,0.304815893843728,0.7901386152702972,3.2658288295953293,0.18899270085451508,0.08340894099831486,1.8050400870241687
677,0.5976752889389387,0.5025312573099383,0.14412436677387191,0.9636526770590849,0.8087564882390985,1.111272892008436,0.170759237959374,0.10320123503249645,1.2420855080485391
678,0.054819229900350014,0.8164727218389136,0.5465584476448351,0.5176854947064902,0.3848732532670815,1.5883282852078857,0.30856066685120515,0.11722533914853721,0.8396908498071637
679,0.5727578720146919,0.5321326688925374,0.11851298591727993,2.2569163754462838,0.49707312485199245,3.322951503468724,0.0631955580116547,0.13678702463447007,0.551304020560893
680,0.5548358193404771,0.0035461441588884868,0.492264782293949,0.5347593984269275,0.6612060255541881,3.6915051816111273,0.14225147776407632,0.10036659243644452,0.5855013368245675
681,0.09944596959694799,0.07898541837465417,0.23407562256079317,1.6228646863762355,0.41637175335887366,1.375233345672216,0.16452745750929512,0.08694318336620648,0.244725824636286
682,0.9823058781411671,0.13987718287787773,0.05843559330201237,0.23282430979594726,0.5431455284657407,2.1209531979895937,0.07031583009129357,0.044642865551484244,1.500468932824794
683,0.5223824398486567,0.6277561859103932,0.4434497345789009,0.7439697777555072,0.322745700933439,0.9937810390568,0.0023722867353904165,0.07932627711596105,0.573362352098935
684,0.7007641285485031,0.4713404131178916,0.6375948029870309,2.0819250704075083,0.7904426994768987,1.3970323961772413,0.09267792513330979,0.13781756905507458,0.36359487985291394
685,1.955471353023321,0.2144901077665494,0.8425590933202395,1.2272816153732888,0.29480127886830293,1.7449951620278088,0.056065259274091325,0.10335170354252335,0.38382918403659794
686,0.755432987934288,0.09569566192053397,0.2586197750217172,2.1036559437649887,0.639563305198185,2.0324201093288283,0.1755151102540224,0.0933586652742905,0.0171831465135851
687,0.7816213861411978,0.23661848474009,0.616382408013777,0.9897504257778298,0.4589281605606472,2.210074318272794,0.16879006263871585,0.09297630141717021,0.35942054465787976
688,0.2954231139358206,0.40454020932738016,0.5263926550937728,0.7536616690779385,0.6457556971039988,3.318507775704738,0.17960084386585656,0.1258036172522151,1.9661433349707507
689,0.9540576005520625,1.3435264783749734,0.2519760334217659,0.45717882384412345,0.45718076856155043,1.4637741593745872,0.03792280726263238,0.07598599198029897,0.2953632525723713
690,0.5294722926468609,0.18915114595093116,0.43474992468189655,0.6920240067585867,0.24237147264851067,2.0029062318610578,0.25433384990590147,0.05321126965616018,0.23988312742769158
691,0.11389075769186749,0.166343273715093,0.8894631221226982,0.2778307961087566,0.38569087574903627,1.6349603191281947,0.06473379285299957,0.07773644742256275,1.1578380967038973
692,2.0716265933433418,1.2180564385987145,0.6793672763535179,0.1791999801397398,0.6640250465784505,3.079570781498137,0.0416076792270057,0.08519048859858598,1.4377621411118326
693,0.4996290231582747,1.560938164115987,0.09704269358877118,0.4599406090064564,0.45745462747104426,0.1710590861969281,0.02270338653947887,0.05261811877994302,0.5090074893442589
694,0.2328967039712993,0.4787963029867993,0.5329066281211997,0.6551702155886758,0.872877655022178,2.3415070716215407,0.08792866230512458,0.0865683941382219,0.6315606059870695
695,0.5223233960154433,0.3752612039940625,0.4122767412229774,0.36964139144958885,0.5481638408232847,0.8799496270636877,0.2683981092693999,0.04530831717295334,0.5111137675408655
696,1.093293328421881,0.14854692457460694,0.5827825677570668,1.0768275411059745,0.338209102333943,2.7885487268012965,0.22686206461930258,0.08112794378725041,2.1371912621781846
697,0.4646634063067004,0.6937037444759091,0.7169363833122746,1.2229577428907201,0.3788852295220108,0.7622193946010173,0.24003640014913946,0.14940037088186983,0.7862265659695128
698,0.2919167744467145,0.4169603311179627,0.28132696216764436,0.5770169460926518,0.6049033835922247,2.6373277222125906,0.05809919898950853,0.09072105107029708,1.7359820142861562
699,0.26563293411174926,0.37865411996054354,0.2735787657201093,1.2775554857960265,0.3919880625737955,0.18085306579201954,0.09119946878410187,0.09898840080892359,1.5281916071898303
700,0.6782939673328363,1.25927449585578,0.5871794477041192,1.4693147699326667,0.12185742276684225,2.1924960875838817,0.03505707498648494,0.13402279240676165,1.4857115901968085
701,0.8558669840935798,0.649155392273568,0.6524286558955925,1.0842754092099964,0.5948648118077985,0.07829531168826409,0.08838995809091761,0.12208087528939374,0.06283382362781098
702,0.44372649983344337,0.021958712407376957,0.7863947340593234,1.2552103371123542,0.5755924761666155,2.36111375318988,0.09737055203075991,0.10499503382665394,0.5739737183861484
703,0.8368918627966337,0.15484940070282252,0.013730369834982326,0.8700491994187238,0.48901603011833383,3.6167799857739613,0.05753473715469798,0.08592085170615892,0.841414761769519
704,0.07208854098079634,0.49466316241109537,0.5889316438500761,0.8977962627472293,0.18570523992563182,2.98646436461499,0.1627609832738263,0.12625754354068913,1.7853724813405254
705,0.4431845089321979,0.48010047589909194,0.16768499623163843,0.8496762023171249,0.7589039260127564,2.642740749997553,0.05437848826019026,0.11142231578091193,0.7675852459350747
706,0.9567008008898858,0.7419097301588132,0.2626125424620393,1.6339818595267315,0.9144578156568114,0.9500840385253516,0.04280838999003184,0.08981788668782949,1.7304729496169746
707,0.027923952508289607,1.3902032474763304,0.44030763381622384,2.186196640680298,0.8404679950676657,1.8941524030666574,0.2620685825364437,0.053898516833763815,0.6949285509606126
708,0.5070295099087583,1.2493374060717028,0.7173578345469472,0.931690864111646,0.6497456893039335,1.581279333325796,0.028527419522019246,0.1545938276296367,0.2915547198708992
709,0.925559219178379,0.6337884000826366,0.20136590480945663,1.905510660577366,0.6832967891870845,1.0811167558859012,0.029171612732118976,0.11903522190446506,0.9352912803718394
710,0.40336123712538924,0.09256661538039762,0.14369435111462142,1.104354577590164,0.3868643320429265,2.021083416788054,0.13387772103218995,0.09311223260008528,0.6274953273967996
711,0.23800190695192885,0.7590693626915037,0.4381736260704854,0.5175929893453806,0.2669986485524951,2.8496657798936207,0.35703476361971737,0.08521248642135403,1.028731726870297
712,0.5814133453340506,0.9600277101703651,0.34162680311017973,0.2450980335240841,0.29655870067858986,1.8569471369883352,0.14050965336204033,0.049091845981427254,1.317781200089634
713,1.7793847134942853,0.021570141614751404,0.5637977689545925,1.5025838688953348,0.7115042846776691,1.7255912377233835,0.04250481147496682,0.12185185268657478,0.5636103317316341
714,0.4137081783335461,0.3202122732831879,0.5394519903190962,1.8508837690816176,0.16011715929881543,1.691462346868988,0.2220194046671208,0.09843929697793842,0.9357811758795
715,0.7766368348062075,0.5830349542309612,0.5915887908634768,1.165454583759942,0.34999204749472357,3.5574104249148655,0.16909459083082384,0.13607031906906067,1.5509747511044103
716,0.8379028749843311,0.3639587295907442,0.7019696239137756,0.27463545786295085,0.3551639232137551,2.3759143993112666,0.22722985272837276,0.05910057571441227,1.639928455978413
717,0.8886068159187244,1.021280655241573,0.0797101305774307,1.355863187551389,0.6509432979305254,1.9224291370351565,0.165560475330429,0.10389373832229222,2.1339536285497047
718,0.88893905720336,0.6021445357714028,0.3423989626544123,0.6422115263561528,0.6727768815718782,2.5513883603046454,0.07356807528860426,0.07097813769973496,1.455800874038514
719,2.149637394050253,0.44193125529608634,0.6050800463523174,0.11721329207944198,0.24392735788844616,2.214707933744008,0.14318189181469815,0.13009774245300254,2.716656470866238
720,0.6354272268484368,0.7613981150478653,0.6823508603574684,1.047229765496423,0.6133748292378998,2.7482731505398403,0.15343028384130308,0.14348143735069074,1.104126343725603
721,0.5112002016730316,1.488400268321161,0.5735601240493946,1.260682789235887,0.556224697122639,2.2285379815571886,0.0754939543516834,0.07498863199978553,0.8675908067905714
722,0.1055851309885848,0.6499375771866412,0.5464294464571893,0.9332294546476436,0.7064397747057957,1.6224324618568764,0.18668170617295635,0.0740107861196405,0.5354542903860635
723,1.2642714274357398,0.32333312408622417,0.5977338665730831,0.7660655816689099,0.2533704192524883,0.22788692473165106,0.08972028842291771,0.0838351338330392,0.5260263128400913
724,0.24002728544428942,0.08629895533588744,0.17410011327807623,1.5066249378944363,0.311732079460852,2.2061576069476594,0.26188890543626714,0.06727216994668905,0.8988414586045548
725,0.39521879119973624,0.39429199776522317,0.23937880974988235,1.5634473017685895,0.27469698957751065,2.8639952242072293,0.1836152722815771,0.1058316990617805,0.26542506926341136
726,0.9992909507730936,1.663714539692429,0.15675252669746878,0.26846137651362323,0.6600498744451541,1.126141636482573,0.08909997252605718,0.1216000352042824,0.5253291346539356
727,0.42482438704166714,0.5517092985840854,0.021498386178489093,1.0638884496346146,0.35115568466773794,1.218735764471608,0.09372640854823802,0.10197632270923848,1.5034313321702908
728,0.27404912005033166,0.728547044311602,0.07263441283107835,1.1311791411879328,0.9379767601083112,1.635733819663468,0.007139571714195922,0.12342436419966381,1.1331529149360038
729,0.8173380013415872,0.2473100209285156,0.6298540751363546,0.1118510818695937,0.32089097519672555,1.2051737813969043,0.1469606348657053,0.06577044009308003,1.3174490633469458
730,1.5367024739703108,0.3998716703972951,0.4572917360463946,1.962244099593371,0.3968110315296053,1.6124256803202637,0.03648978630053765,0.10036242237998627,0.28356534480797335
731,0.0832401995855587,0.6264374082416462,0.4431047109128065,0.7861644863446614,0.21523898978409806,1.4580334748994965,0.06297614797915926,0.06427325030987344,0.562134487607942
732,0.7742409502318628,1.044109947631308,0.44449148488018025,1.6202572326899483,0.2088901176260058,1.1079433918615698,0.16414777507913997,0.15274104710292508,0.5037325555460594
733,0.07882867611709288,0.020396384080413776,0.0010611396711334153,1.1678456693169121,0.7772209342772787,1.632275575224277,0.025296445837188444,0.025456759577319327,1.3260031540689312
734,1.3941154382755427,0.30526420217630845,0.3218946512622236,0.7236368284575327,0.6754414172131444,2.5702436474165253,0.25167412080652934,0.1325819584116913,1.296950147282808
735,0.4950373785571761,0.26787226613674053,0.3829685320325137,0.5911182624135289,0.22567368619208011,1.9441116056443746,0.13947735802889988,0.060767678401283595,1.256791614773603
736,1.3181262776381937,0.3611633641177861,0.35824847416421957,2.002997717666515,0.5443219233462294,0.48849214950532494,0.13944009648111838,0.07087144303023223,1.483617200005133
737,0.29329178086753943,0.8963451820240691,0.5365676727188586,0.4144368505676369,0.37499631611236084,2.8820429792914863,0.04850741196156359,0.10778742723617299,2.2432609792007394
738,0.3105340187972705,0.1569981779484281,0.514613752238905,1.4910417354436518,0.5251670800052547,1.946874028697873,0.15370816198428316,0.1730706886294427,1.7711148246030728
739,0.7137620768988662,0.5219069168680935,0.8563426523755715,0.8693379749637182,0.4763903737897299,2.717236976369759,0.18766127797606205,0.027547683266447076,1.2295546854862427
740,1.1051952229426223,0.8582363406627798,0.2820361272093438,1.0806584863097608,0.43247744555492107,1.0404364170120397,0.17146308637220029,0.14312536250448415,0.8602135527892212
741,0.8800126915801951,0.40538287243558635,0.19803977892106658,0.7383563669892161,0.43625719249500083,2.7499826631652446,0.023944587765524217,0.09997819614583361,0.06170081978517872
742,0.14415779052404587,0.18929665465020956,0.39908822162200647,0.08545697755971582,0.31540038084413524,1.0213216504227551,0.26225106808483156,0.09182911514426083,2.0474090347580765
743,0.6406343571882063,0.27927913560669504,0.14478692500041204,0.49819974612909884,0.3199839636891447,1.208327476969746,0.2512584557913115,0.11965670603760814,0.37903353676249624
744,0.6791520750737765,0.32802665223765665,0.5343525635083659,0.6783880699396947,0.6126275286283439,0.5747383096953402,0.07632539432600198,0.030553361200185952,1.7821543495871934
745,0.36625137689570664,1.17657838369355,0.17128065833701633,1.0138623384268826,0.18997261805277887,1.8947967432182724,0.1873170967587933,0.09970189207369431,0.641863701951827
746,0.7253090323615319,1.044148764164616,0.2578022268644723,1.1522597776535746,0.7359271458149492,1.8455438190019722,0.11725601962046676,0.06944810321148813,0.7655876045857333
747,0.3204027041816263,0.5850022362666984,0.016380591247338705,1.034667646991018,0.5851517141114743,1.5145528134928796,0.26118744150198786,0.10765656358805467,1.2802969390327608
748,0.8154035132045923,0.7983478852049632,0.25415745015175384,2.037174270038158,0.5547531487896993,0.7036427685422183,0.09155851547294394,0.07291643708887265,0.7230173154669257
749,0.7667260429036032,0.46295074809860476,0.5085778516670281,1.0077707155966777,0.9108669635190918,0.7358284933253387,0.2243770454850303,0.11093613247899062,1.2185752465610318
750,1.6199660502187616,0.5588717001182721,0.15563155463174594,0.5080882902937129,0.5763607792554991,1.7286738950236937,0.16010667399748785,0.1127175786875192,0.5481542141513049
751,0.16526380623998232,0.4557074841460998,0.4473962232443407,0.7087541282723917,0.6793875778019133,0.9734433237663925,0.03627162127462692,0.06577492355991901,0.03071317165344989
752,1.4611799457340595,1.666324090775102,0.36542118158269943,1.713541434446436,0.5822529767098364,2.3023623776241346,0.008230620714691078,0.06784981855076407,1.0223934515903048
753,0.49400345156724057,0.8543406393272106,0.14717654317160817,1.5748551018969632,0.3639360171410253,0.9219564938478255,0.05904016935113328,0.09598987908840449,0.6935845149039185
754,0.9184788959835748,0.44849962854015835,0.23350710146031417,0.3718414766196213,0.7223519782513692,1.6344417371568853,0.17737257778602544,0.13531939119724146,0.577726150784263
755,0.8724716918287674,0.8332859408513049,0.489531436780285,0.3396816996371186,0.39029571807751945,2.4203417628673085,0.009919985050425364,0.09594539863172989,0.516065898640309
756,0.44699917549849477,0.5490584777517541,0.47813056283178673,0.8970696052670161,0.8060953699689886,0.8930409669669105,0.07129066125563137,0.12250769130470875,1.6308246433565272
757,0.46667067550858915,0.19906981282582994,0.32757745515218717,0.7227573940609833,0.7578394549278616,1.1195909623331977,0.16819143129522043,0.07925678001532724,0.7966946790846942
758,1.7240747730359172,0.640138511364244,0.3742967676899675,0.7971451116314707,0.23598581691786302,1.9683917935466166,0.1231024346856342,0.13186183099495719,1.0081323539511522
759,0.6081195117579028,0.004149601839452566,0.36414125447865786,1.1960392427598874,0.7284145722433812,3.0151492993621964,0.1013278810535809,0.0982315404234495,1.508722615113858
760,0.8627818871684108,0.1587262283760614,0.4614407988685514,1.584125198824856,0.5826659147053563,1.3712866240690642,0.04924954048367204,0.09713475000575296,0.7039651427137606
761,0.19630223954520554,0.11452767648599388,0.8042259627459114,1.4691277720612566,0.48352844154890817,2.2018662205027617,0.06926138002070278,0.10483597027117798,0.9890104264833876
762,0.11914358426201624,0.4520630778438122,0.6106758733503443,1.866452798597014,0.6165933233675438,1.2911871840835436,0.017653847183324953,0.12818814326445513,1.4207682344857928
763,1.0573510189472388,0.6973741845152808,0.6249223745154304,1.2626861921339811,0.4188855635604035,2.167774858573277,0.1438211411543228,0.1087461864709071,0.547047270178916
764,1.4930311167140902,0.5541684690562249,0.17172709399201608,2.339660814444485,0.31032164067670936,1.433717442583432,0.15651726572774852,0.0049277718260368475,1.8337035926074403
765,1.370445375901429,0.3023751632763315,0.2515685166987749,1.2082409739417475,0.5045686343641835,1.8307857981136058,0.15720989988309222,0.06900924858244017,0.7978260126541132
766,0.8256573611568285,0.9824453570101375,0.6033997680664452,0.9950724292957851,0.17262282557426623,0.7426850916630597,0.07580619989411524,0.11338822978917303,2.1065146632138463
767,0.1172219370384684,0.5245418314376432,0.6199546493342737,1.1559167088163185,0.21007855638159978,2.029973754063924,0.03217567491699247,0.11439745785511571,1.853082792586605
768,0.7676463534882378,1.022460052041589,0.7195918806736277,0.6708214315005594,0.35351597483700326,1.4898905176903683,0.3252812497693721,0.15009395820503807,0.5656676839352143
769,0.7702173826025522,0.9307055142882563,0.3479145962772825,1.2357913084767929,0.262265784503821,1.7962884653174922,0.11864676588941094,0.07894303866238503,1.496313481242734
770,0.5595854772616257,0.31618715715909324,0.594830518653261,0.4348762537518779,0.5000449672955102,0.861376928651537,0.08076886740222214,0.12015742720888391,0.5403465939961245
771,2.7308516044734024,0.7570901731536424,0.07070076245989265,2.395904472677697,0.3425841401571662,1.5693944033723206,0.16075649262847413,0.08242026420609506,1.7524934925692617
772,0.6742873683388141,0.6551274865547294,0.3206255364871215,2.0875836723196834,0.13467408731464336,0.8791505095187045,0.0628979050394072,0.12282507339583573,1.3518293411288562
773,0.48401730684513145,0.9635160356646535,0.27314215230313965,0.18667847079651034,0.7096209062547196,2.7181812320285017,0.048152075244829486,0.11635485840821892,0.39120471725471434
774,0.9261041925105382,0.5879594741306353,0.18790490562571902,1.378463952506431,0.8394465485305669,1.854625411383285,0.03884108400659862,0.08095701913298219,0.11600706525073845
775,0.28495192346944703,0.5404837686551611,0.325443201451862,1.503084582285143,0.5027096966921625,2.3204846711468607,0.04976866110084404,0.11635672078361557,0.9302042473105618
776,0.14368561599746393,0.5235619079787552,0.20487064928319462,2.150487523574642,0.5912679207714704,3.0358721014009076,0.21317154930595208,0.09939074108713192,1.4212673566170355
777,1.3794736935134015,0.9440974420843491,0.5810065870026411,1.1288576952008027,0.1397935156260221,2.4426822017078815,0.03416087481310817,0.06572480561565944,1.4865373696460744
778,0.3245329317403133,0.5782857628008673,0.4123595164030057,1.763974257871105,0.6478503973225888,2.85764949898351,0.048314295447273725,0.08538819421788946,1.330938255891739
779,0.04356480626311532,0.650388474475712,0.6491044231321055,1.5014968532802326,0.6291858406419003,1.8448779215599345,0.16136242021809352,0.11391763441352405,0.8076305554122051
780,0.5873649914443599,0.8983730127757699,0.25965249732017803,1.1471854827905308,0.6535671516335937,1.5541935997000995,0.012174438962150896,0.01903918195545709,1.595469362601294
781,1.2001967989424798,0.001517431462904839,0.3850590014533216,1.4758553510154575,0.26034495123944124,0.836765014282138,0.0722196810623828,0.18627783156811267,1.4244415422747
782,0.41888957072883115,0.6097283899870825,0.5292148856025919,0.9738723850720514,0.45616053995987793,2.024784907884269,0.20206649219867018,0.060177589822025944,0.847281104272382
783,0.27120239986738265,0.362573404475305,0.1033478811517595,1.2235587621091084,0.5420638848628007,0.2696635221193764,0.13367442112655586,0.11154319445524974,0.5927998980848022
784,1.3934423039648332,0.8513580087846324,0.43396739874818446,1.1947965636560132,0.2742837242307248,1.109899465211064,0.14157145299494064,0.05582632586094522,0.4036005900490336
785,0.8965309234052041,0.13693275258503998,0.13371673641212034,1.1033703041504361,0.5007253542275888,2.7701172000894845,0.11484250984803034,0.052259485481901284,0.37851703551155746
786,1.3231631907055545,1.0011891743599879,0.16455916869625095,0.06630457903358966,0.3414271900697526,0.9845834708362298,0.2001221870065018,0.05410371638128818,0.28451022943685744
787,0.805763866614041,0.6994098383954891,0.45843511153709326,1.510732043878788,0.7348803162185629,0.9110136118206501,0.17901359612787512,0.036652798091630676,0.10622611992646791
788,0.5830407908059427,0.21447885245211729,0.04044193082435821,1.2797961000451,0.7609541152533543,2.441154075323777,0.18941720262271666,0.11064795215514887,0.2818296753908843
789,0.24979393333691022,0.8612615038604268,0.2073642497542426,0.9262090505014512,0.5232703826968857,1.236486859574241,0.12810040511915752,0.02602595752739055,2.204966097379484
790,0.7785912253203922,0.6609142953209213,0.06630558447920981,0.7447771323416967,0.5774862724374265,1.447341268672449,0.2713054342248153,0.08910012666752372,1.971181007482332
791,0.0796799341698369,0.28965564219010825,0.3759580016647121,0.893440262711862,0.5520776081346657,1.7779021806504032,0.11552606619825108,0.07735758139207137,0.5570784862563192
792,0.6487028203351752,0.9698063758998814,0.4215562456239623,0.769006733451695,0.6110841628351866,2.2055091297677705,0.037347580611568704,0.06485980522763056,0.660017370230894
793,0.021069904384336702,0.5982726486316696,0.6557681794714002,1.4520932364219559,0.4068061561466522,1.3792762406716248,0.1706084534325032,0.0390735771083403,2.2101080148561802
794,1.3589239847516332,0.19076748293682422,0.5698210657340611,2.0950304914716775,0.7252036081888128,3.3229628028808627,0.05755578373926052,0.12077946932193466,1.1405831866183607
795,0.13990345296563142,0.6572325292189608,0.37174235613619494,0.9961116269192066,0.7039810897828345,1.8963288783992542,0.0804190125400579,0.15597504590534159,0.9104128374720359
796,0.3196585836867547,0.8323310900430196,0.3853054206013053,2.269628225569607,0.7289635993880431,2.0872592839221835,0.02870201234978155,0.11330251081647986,0.5050245127464305
797,0.41719216290426897,0.7384505676564224,0.33942782798697657,1.0524161277998851,0.36415628136241146,1.0774946381587631,0.19208905061301337,0.122497559439939,1.3104374801786138
798,0.49915952265481073,0.5149544348582532,0.37052423798694234,2.214026839070806,0.3648102860010929,0.8515541916192014,0.0175061923455595,0.028558160234367844,0.21224682856664367
799,0.46032647518216485,0.873115729235661,0.48369728402333484,1.9836367458892394,0.6406915057134989,1.284471040968129,0.10888920021184789,0.10090788423591536,2.9722242373167775
800,0.9525700127096719,1.2279134394748212,0.17330846378149042,0.895828644143641,0.49464619097722157,2.4764076399457746,0.18512804778538333,0.09551939878539227,0.3906751545903708
801,0.464089538562526,0.47507456554338,0.4556351034043915,1.082055425110089,0.13127023621999023,2.3727268678797695,0.03745520962270922,0.0712714930372203,0.6937494757272087
802,0.06456799780076072,0.4173215816373984,0.6667603308153945,1.3195218091387046,0.6536410892296516,2.125372950437628,0.1433007524325369,0.054839162037765586,0.641775994472882
803,1.776623835734671,1.3010011259746908,0.040304270209340576,2.1321899879261283,0.3075503808512652,1.0204968563583092,0.10666693668954651,0.054298515078438594,1.2259870411625127
804,0.34206277855845646,0.4472114898934497,0.14119011000993512,1.9805071945388466,0.9196916899585081,1.6338723755591191,0.02423136968334752,0.028132567021264265,1.0905441909385194
805,0.6987865186368396,0.1598464762755348,0.436680637284407,0.7994758591737798,0.6467070671495749,1.4386999498381723,0.1617286266802049,0.042413917091966645,0.5259271243472246
806,0.8339736604736976,0.32854772486088846,0.15090542429118167,1.068396019212245,0.6491179675348352,1.1526907625374239,0.11562509491543133,0.05439579162410568,0.8639468060153318
807,0.5614581867721056,0.4279346845975313,0.21348833200633094,1.7858074146680052,0.6783210147319895,0.43152191831229647,0.21341551913397458,0.08044961945511313,0.39949471975936035
808,0.6350915549165619,0.23320130676205866,0.5117907170377519,0.27401964828554404,0.4988522050755826,2.966775521163243,0.0851671149251799,0.03299529794449965,1.7372317828944537
809,0.03832308881756241,0.24684803883007372,0.12221763959306911,0.9885155743608857,0.29830104749844044,3.1557313090586385,0.1884557626451297,0.1067137516571052,1.154336899077361
810,0.4593221137810856,0.5238617946231559,0.4382340571712053,1.1617568477521043,0.8062605487299531,2.1832756069296897,0.1790228927612682,0.1584954910821938,0.08996153850591493
811,0.20151531840557463,0.06189301520009488,0.07916173049259811,1.7098581922498348,0.6904703144639378,1.7837361580393902,0.14269009904412244,0.10620550178469552,1.4618132140532825
812,1.077705010677552,0.7838402332934304,0.539773167190363,1.5568916859676691,0.6798942556918462,2.7399712400468315,0.15448877773239944,0.07092692180402896,1.968112426966673
813,1.0836615697461045,1.1118440116854151,0.27022580828559156,1.242974620304133,0.21997284556444813,1.501394216192466,0.0776913752394013,0.08186539345434328,1.9132404761063166
814,0.7153140313156936,0.719052270446277,0.18565722445899346,2.7390719284460685,0.7316893877521227,2.336343239406433,0.07919811746565715,0.1342635937106068,0.04381571676475704
815,0.6314132464352092,1.1189978879874183,0.3391370957326523,0.4378067488067645,0.9257215802626924,1.8325619910424553,0.21300850899702056,0.09687798189179544,1.740206318723958
816,1.0202847678344988,0.20507067057825712,0.39324362204753277,1.3833114193723213,0.7038198708392651,2.4001738844157323,0.08025935511094405,0.09210724950211312,0.9001338246687658
817,0.6856085945706434,1.2370585994357561,0.579283383613882,1.1243844265449312,0.3053832826342262,1.860800783461525,0.09703717417326768,0.08317089862229883,0.2811949616323911
818,0.4025476377320085,0.3006672175573976,0.6790498836074004,0.7080568400518948,0.20921574451642327,0.3671657312705774,0.12188983952204206,0.11778122333921913,0.9797810815765363
819,0.45896265888807997,0.7977394720440618,0.3057865095130101,0.5201594088244741,0.5530071669972882,0.057099009419941504,0.26767178174110656,0.07029092310104115,1.114945936973656
820,0.15801268223216708,0.4143897314624118,0.3388058604095501,2.1884247022387697,0.47734355825254937,2.4647001084094557,0.002707172025405477,0.0899740449119203,2.2826309856626326
821,0.08357102994751123,1.1435517750466715,0.6407775636019295,1.0994937150537347,0.52866893052269,2.562839198388161,0.21869521868973885,0.06565748193223019,1.0177865241139998
822,0.7139921212608851,0.9554433224955585,0.2998139373952115,0.8339705902535004,0.31420097767510635,0.9654958378431876,0.09319664825687327,0.12360801471941049,0.502792565131213
823,0.6883785280142116,0.10692031577372713,0.22872216975428894,1.3986286331917748,0.5675894368678364,1.270970158555223,0.07279513180216986,0.11514287455228872,1.9057377770546287
824,0.6976074280223629,0.06653763890448289,0.9506796881892216,1.4303315391303977,0.7860590003816847,1.0454006291903672,0.12015159916840588,0.06224290716456968,0.5668502479803244
825,0.5972537249189274,0.7483986474485449,0.6524822584374661,0.5449033524856637,0.6592061128243651,2.697743395711993,0.09668247483003838,0.11044529119248396,0.031122840818708197
826,0.6435443006779036,0.29279210241279685,0.5999631460512795,1.9737048503855248,0.42916489497300514,0.143749094433413,0.1297631563083136,0.13782693250695946,1.4075441427595203
827,1.2054825094317134,0.5969304379797944,0.2153505427742113,1.5469373791756742,1.0099005289994714,1.9569754617777966,0.2460135380307069,0.13790595722673213,1.3303751832562973
828,1.069996953553144,0.04337578724032892,0.22537783611165735,1.5391331561756496,0.7322288744992609,2.2553550470287287,0.1021141994171881,0.08219563362354879,0.35184010459855564
829,0.41913959760176117,0.7686465333726378,0.2561428532820421,0.9207000851609403,0.8266949165513284,0.8198148507724341,0.11845540435373307,0.080674579176899,0.7273266195060066
830,0.019869398758682377,0.003513626003518011,0.4584606572566452,0.099929121142047,0.55774748001689,0.2785154138371728,0.12795521458886394,0.07340485128781471,1.0236740433439753
831,0.4604893398710762,0.41658745719618595,0.3101413593883078,1.938516121342683,0.4892550129348018,3.831912983318367,0.098896385796203,0.061278192345091624,0.04679996996013769
832,0.2567510699446792,0.3844353688241335,0.018360648217049302,1.045663387290959,0.5434606771961689,0.8871916779778656,0.1786763342449179,0.10770560291905196,1.2049138526824676
833,1.1264997474906415,0.24985514289697486,0.3910180544659807,1.4539867210512702,0.6564826409235961,2.9283975228657226,0.14522635657468114,0.09491253437897416,0.3965567331106217
834,0.3995940765817505,0.6309156680550538,0.7082223042384401,0.1087552386595132,0.3937683917505571,2.289612584642042,0.13182939641601152,0.06378031542980139,1.4691483561187941
835,0.0835985312313132,0.2250375818524894,0.7022270053798142,0.9456027651141935,0.7393421454345315,0.6024092435082353,0.08472285864095405,0.09579977318494343,1.075552964512187
836,0.02960353690964465,0.6088400251647383,0.32429168520708496,0.5464920672860311,0.9179894255035658,1.5652717924080304,0.14364658768529293,0.04595979565526058,0.9713969168749018
837,0.6175212627826788,0.2031715056027013,0.4610367766304485,1.4441070233654731,0.5511737920222457,2.082910976452319,0.06518119786532395,0.09994101658000028,1.4380085280433414
838,0.3520552387713633,0.366546138909135,0.09827888017092462,1.8693353286934373,0.37934155304754036,1.1629240220866532,0.09170426348468802,0.10306037915695414,1.2436817831934859
839,1.1759546644963312,0.2632798878612729,0.25224373949857937,1.5266128892355577,0.30819812574621663,2.9406917889920106,0.03998141800241152,0.06967675798516833,1.0956155808434462
840,0.4038362489158931,0.9761942944766193,0.30257116272736445,1.6567698223112073,0.42965635953555,0.9381688170261513,0.10844710032183268,0.11198746447011845,1.3575415174005878
841,0.6803339766456686,0.1100152465303671,0.25981434781444934,1.6921506043048842,0.6976216661166136,2.0613690760956334,0.01718411951491046,0.11102144819094419,1.0652954814861932
842,0.9076942696199628,1.1766645734849135,0.6674184758488507,1.6844380811233157,0.41891875380029586,2.088803059744629,0.18744964667667868,0.08444770407367493,0.004146634194231558
843,0.7212134854205164,0.14397869579555825,0.5718295892523901,0.9832419846809864,0.3786214159909498,1.8344995468065746,0.15041503960764388,0.07763364086473265,1.2207787600542754
844,0.1888523631358388,0.4866533686953319,0.295716130533091,1.7163490241982888,0.5232920722664014,2.547249118044487,0.03956730082770506,0.06204089064618735,1.6665214710024625
845,0.24189000377015196,0.5369510672851465,0.7102281581700487,1.0620272048950823,0.6061546224499421,1.8101944580371376,0.17092859599596216,0.13500635012359807,2.206970686163846
846,0.30356465879754524,0.11827391744681412,0.1452380515613689,0.4552941809188614,0.38815640754564124,2.7774637286436814,0.019985975966077957,0.05053668886182996,0.26900378846292494
847,0.14233792969582446,0.7575925984986099,0.5151119894736252,1.3874713646181442,0.7208570876133417,1.5520365353968362,0.09105963510921963,0.06905872022797024,2.615903473471709
848,0.9192253934953845,0.7107047542499889,0.8752480001163473,1.5368160929034929,0.43815066596533725,1.386400017553282,0.09781764182732725,0.11467055909807283,2.2282218344897498
849,0.6936116817090563,0.10950707516545774,0.4402697773753597,0.5940554510311387,0.5540284050532696,0.3833544032571472,0.017456215866171673,0.13995659646688766,0.75892955114178
850,1.0525429872516638,0.1503505327214025,0.5005959357464531,0.45370794889821,0.31053050803078364,2.222911333568987,0.11215399685649202,0.04253148118559965,0.847556921183699
851,0.903837055031133,0.37996966625805234,0.4851893409616139,1.9855508354228277,0.5543857441647957,0.20081355997207284,0.04699403726895605,0.08243121694265189,1.9152474222828542
852,0.8056343048766963,0.2854205237835681,0.5059276687585952,1.5685288841612348,0.5112013815583846,1.1318548683302336,0.08560540367605092,0.12430218646456725,0.6995776836646733
853,0.8641162896953121,1.0426369923593315,0.030016017141316964,1.1137319487738258,0.3756487049565294,3.490091687158429,0.012035198493945035,0.11652973250674642,1.0603157285275535
854,0.24959072655587927,0.6434134434933808,0.22694876651373896,0.44767470438863843,0.7041967521791989,2.2436701953905316,0.08504425814219377,0.08597242117942237,0.7784443088087015
855,0.49603321546830526,0.27351126290747524,0.31870876015821664,2.8635407979426457,0.7135265128299833,0.24547478724893557,0.1243055426529446,0.10555036210768948,2.8027459942144595
856,1.4134401163561061,0.48698715364544587,0.017985823444249094,0.19164790389041364,0.28468113936287937,1.0951164201067107,0.12318862859475807,0.12418410234710232,1.0750925870182346
857,0.28956719669279446,0.2894919797724962,0.6329057399448539,1.2736540955988518,0.6767901857317955,3.8638151832953724,0.20079708743478414,0.06044594563857832,0.3789045957943849
858,0.06551572537759959,0.36277035386408185,0.5691875707155359,1.5081352095672045,0.49389771702766044,3.0497178918047734,0.09032287804181523,0.0833887837103087,1.6386786817301968
859,0.5225190617407146,0.37530429310085583,0.022244256334499724,0.6132738503814128,0.7672109691844982,1.6902120655643542,0.1383602458407615,0.046455530075476016,2.4934085652548057
860,0.11288132401817155,0.3884093460065609,0.4769306966763496,1.7158417872140364,0.48314914636857287,3.746561950390797,0.02989783462478235,0.12947925910676697,0.37183999189561545
861,1.5370905036742575,0.2734613828406315,0.2842645272737695,1.512834342378671,0.3791348868471369,1.0042601687706623,0.07656543375139407,0.13299304120012478,0.4484679402216636
862,0.5492185656264879,0.4714523619559592,0.2684498361948623,1.8338897823923137,0.7097106935962033,1.9386690775193387,0.20703278977039238,0.0749378603421495,2.154394407210941
863,0.5721012012691866,0.21905642900815298,0.7970151720320966,0.2623869437313593,0.2829169408109824,2.6784150244602447,0.0011992497290257836,0.033669357200943405,1.3418962230732987
864,0.495512848583783,0.5687758967859247,0.4535224702888531,0.8666696390908224,0.7831597942422743,1.2957329797193209,0.052024351225323846,0.07457527991357071,0.853024468197179
865,1.2080950087108435,0.24180039745661486,0.020215259711599265,0.05566221656792991,0.41876059330010723,1.6669289391548694,0.022464580896617736,0.07865753068548015,1.9768949766036314
866,0.37394592091685125,0.4458748654954525,0.30803800544814136,0.22053749036476744,0.6010608409292777,2.5892105763327984,0.14414783685598123,0.09037139213698096,1.3324156877553968
867,0.8242189651770768,0.7579320260454916,0.3005363444590074,1.616549040590229,0.5614272332286537,0.7043650116507931,0.22275115094134992,0.17248873061529313,0.9076539841713492
868,0.6667430048150629,0.09209711300770068,0.7285679297729347,1.0376088147251312,0.4670642070058052,0.7851155673399974,0.004277650382752185,0.12239059349983468,0.3091715362157035
869,0.32968267133848933,0.6808563645248411,0.24442144544567387,1.4189080928527087,0.7195543857995279,2.741797777560411,0.036536403404976436,0.09838455978551368,0.6642299203426827
870,0.7306544017285127,0.6041792027522896,0.18769227561927798,1.273797815926616,0.8044687253407634,0.11489846755811772,0.16718412296056606,0.09602940522227806,0.3712182973479297
871,0.9028084275287838,0.025704517730555987,0.6815165285472523,0.9860694397887383,0.38651762896515296,0.305730390067954,0.19491308293024667,0.13632652502805648,0.05601174119665231
872,0.6864429421376506,1.405450781096991,0.0449500499156692,1.2833477784252936,0.2638096700476472,2.115506828606956,0.04332090425353144,0.13293418677837363,1.1240971699701081
873,0.7321624823797642,0.324388173836738,0.5732228233583165,2.0558111135578616,0.7408454923842946,1.8162232158711034,0.21589686530537597,0.07607164164611041,2.559647632117265
874,0.23532118624345288,0.9509427600873197,0.5074581054157455,1.6343719937763328,0.24520219478349847,1.4488295905806514,0.07340572324055031,0.09762773691081486,0.7366932466618437
875,1.3731158872521105,0.015474545007304052,0.06889608014079551,0.6189129966952567,0.7737756429042144,2.6226719861267442,0.1441710642318526,0.07407762326973241,0.8549770910968691
876,0.06016224104950135,0.03262368786731912,0.2851610880158755,0.582035654004701,0.5071108195459832,1.237810607178576,0.1167478740313069,0.032891752716322074,0.9920526263336265
877,0.5601309784934131,0.09618284795291748,0.38745043777373683,1.3984903998638267,0.6570323932795235,2.47264986104184,0.18895951362806185,0.1050488402134844,0.5895060233649826
878,0.5897091693458113,0.44780253747472004,0.14008275112709162,0.6971755314134664,0.7608715564227377,1.4124161351332924,0.12490466705178294,0.08511620359321673,0.8213487633806688
879,0.1160633543724644,0.6916633350345076,0.30926075518208657,0.2837787978918146,0.11627290057054168,3.0854114613194046,0.06836490811562856,0.049922355443680407,1.866169218434611
880,0.13868938527468483,0.11282504557785283,0.8052833175614567,0.7689021204367346,0.5359804717460639,1.39042706897072,0.14508113103954995,0.0552578414472221,1.6454952205732405
881,0.9680734511765456,0.10765290739700309,0.015637285061899264,1.0443602631713946,0.33932518998876904,2.1815176062949297,0.09147234793515907,0.06310373001912184,0.07495121393155058
882,0.29092275166187265,0.5885889563505634,0.4123236275911104,0.23037924420405564,0.3883162888194558,1.1521840194878443,0.307819351366458,0.12473685987574916,1.3469363596624275
883,0.6960725685401539,0.543175155288439,0.289348920871094,0.9592655148329565,0.4688148491231317,1.1418129020911174,0.16877717423091115,0.05371071876599652,0.009842801363348586
884,1.818408065908274,0.2962407649603576,0.2564208538630097,2.0951456559768995,0.4182599989448763,1.9822145392270172,0.1184193081247258,0.09456698954936864,0.7462103723658506
885,0.20226774132056108,1.3452058858259188,0.14851033320064166,1.7791589264877126,0.46630788256167316,0.40813931425871663,0.2682121272740692,0.08556169416068943,2.0945608779455123
886,0.35801050702814863,0.8011908349395236,0.8167193826389048,0.4175415096135845,0.585976662140669,2.4018145983239445,0.09833363441114983,0.05851059013424493,1.9364709447532458
887,1.640470093108347,0.00979293702889733,0.615207727848964,1.6774540798668731,0.3282071870045926,1.7435878813916068,0.07471261377741877,0.08751648046747988,2.2144170795138245
888,1.4381674673247165,0.28321361838715037,0.6034659396748382,1.54307280665116,0.09411766832681084,2.8546382169648243,0.2577363186418543,0.13303702885082708,1.1847114652927961
889,0.1548700845719813,0.6335722692121616,0.004628722224059911,1.2340401613625143,0.4410771873105778,2.03196359116997,0.015901124693210394,0.04244297079555045,0.7565216933461794
890,0.5597904948849297,0.31867002957708707,0.4337293484723849,0.6493528816413626,0.3747342180952936,1.4659416494425177,0.25098946429209884,0.1156243195058411,0.4020040603488865
891,0.4088300593486054,0.47098763979011915,0.6157123396218809,0.7071408450027956,0.7689839085516419,1.9126700124462523,0.22982654847641623,0.09135931642387043,0.17726183555283903
892,0.5608954871543319,0.03315466244972681,0.2238340103147792,2.311081212403832,0.31378455098815816,0.9521935129741844,0.025934403409483553,0.04945487457699888,1.896325790852823
893,0.4470952898922207,0.33979692727453387,0.603177591735659,1.7372971899891663,0.6709446114014708,1.184226051685505,0.01862113770856555,0.09448381219386534,2.0563916344529427
894,0.396970430944232,0.027363167370121455,0.3072783219083988,1.5398960049607142,0.5708633910638193,0.9512656976230277,0.014043728754118301,0.09499912230553514,1.5808253759486361
895,0.03689403943115299,0.11256335667999631,0.44291991276801795,0.06268841200348585,0.04338522162032893,0.41526501108312264,0.047801450449327404,0.07598689734055133,0.5122867843710375
896,0.9023991995209046,0.4584908368700641,0.3680316455917029,0.9957634130542471,0.29629966791543755,0.7251446371987741,0.05991155837429,0.11603432036084413,0.8013910710325399
897,0.18299259752393687,0.518322480056685,0.40709877399825006,0.9718552259090302,0.705139177074283,0.048569604465317884,0.1281374952040579,0.06927003828140288,0.8208517196775428
898,0.18377801698526902,0.5466794919369902,0.40144497805234786,0.8752072978762636,0.10090866342163202,0.6732170760387888,0.0777752668102433,0.08963048729091083,2.1349257293835326
899,0.5911600503475969,0.027549105439797106,0.769092853075319,1.7010478008436198,0.730358190448135,1.5233350282924363,0.23719150901851677,0.15736179894816132,1.0745076684337285
900,0.15627086667901152,1.4640491906204605,0.3018717500107718,1.9740205100851078,0.273630436800618,1.734065374951233,0.2558556339282545,0.06973045643048853,1.1903342100581684
901,0.40428260491275025,0.06722653225785719,0.5988642716369663,2.109458849524819,0.2662880967309002,2.039831767702911,0.09246586936067362,0.09862130759694274,1.5640332721404233
902,0.3039222942211193,0.8596486702398505,0.07877673088630766,1.2276787674720737,0.6008770444877574,0.9516276600273604,0.018568713173796034,0.07936969470837436,0.6205815247536839
903,1.499284630211726,0.5077113568800522,0.47551125286385076,0.6323584508019355,0.7370594465900835,2.9775474034450458,0.22684324370756748,0.09078240531369883,1.029194174114381
904,0.48130345691051546,0.1600538444435245,0.46159230950979635,1.095868824333704,0.3135308029325031,4.151885402568451,0.12930239569895668,0.11219245644406073,1.1668130710264804
905,0.4681026365904045,0.5030959577832609,0.7167082305827299,1.0223028556662124,0.6404681937954987,0.9385062612088877,0.042881948500658865,0.07525095937252602,1.0439619751601326
906,0.5979175384246047,0.2998023616159659,0.20013722434777784,1.0942449317607785,0.48503779490254534,3.561432618203364,0.3304303491923018,0.10205170378481977,0.9369101568217814
907,1.612385934413426,0.7361964730510688,0.3656685222593784,2.574490847677916,0.673441482014911,0.0009621276942155532,0.14767530086366232,0.09812479853488093,0.5032585998687674
908,0.5474635299741949,0.3970941233668604,0.050392685667842385,0.891939503522132,0.5743108980002801,2.773554395399777,0.259825458603531,0.13804243271669975,1.2218580403093289
909,1.964929955309237,0.2376608795950766,0.8491966186669371,1.5736499390638627,0.579847492215834,5.084430098329095,0.122884120022074,0.13680385671572648,2.535901257289685
910,0.40407025467562907,0.17951115002426762,0.5960865402704694,1.698012679187912,0.24925526569924794,0.927869501415832,0.17090760352065415,0.06309254000549326,0.8628205082976641
911,1.537573057527451,0.9652737992079563,0.49634377442247474,0.6397503383893053,0.5101539310429984,1.7889045756649542,0.16062834496444262,0.12439086897435017,0.5308295802347162
912,0.4025794628361359,0.2640556758039634,0.865462751568347,0.600193263370873,0.5564186910200561,0.6910719404160912,0.011388741682869283,0.09127826884531316,2.987964787122361
913,0.14466572611113523,0.902709571993334,0.05011184510935668,0.6565607406082943,0.6459516832419624,1.9298156288611836,0.18533947443498086,0.15528094429159844,1.8403433419357862
914,0.5179912431073868,0.8942170823077435,0.03241532033615763,1.2867858976213447,0.63701247580947,2.809766143197171,0.11183209830530413,0.08804873196996313,0.7773798442909162
915,1.3569184401832275,0.8735004418577454,0.8194342495361189,0.6426330784068452,0.38779310776323217,0.6475007781144573,0.1826285121692992,0.06472024623199357,0.458356844432238
916,0.17949324027344837,0.8129447625034565,0.06127208896282493,1.3905161214484822,0.7086053496864695,2.6335184865994385,0.0562635104447941,0.1096976992616573,0.7326177670033844
917,0.43860646904854295,0.5393949071650198,0.7442734088498395,1.1036403274876931,0.6175648792050231,3.599824328645963,0.207415009503215,0.09864684102942221,0.8250882596433017
918,0.2920230712956757,0.42479203025515044,0.15152582327854566,2.1304459435947707,0.013522322362519323,1.4211042021914162,0.015286075540267813,0.04931605756807244,0.6601765912225767
919,1.2737988542785144,0.35382787335718535,0.5960305916368522,1.2132980090717367,0.26121850419476067,2.3099722778091136,0.14965807851553273,0.06953762628643252,0.5212728012585067
920,1.0446931186088286,0.48292547664571817,0.4199817155640063,0.6007413822303111,0.2203220358414989,0.7947121833380422,0.14131065373041404,0.08136665341634416,0.11439099210428727
921,0.26985901207162044,0.8844756703193632,0.7989671054824714,0.5930092118482163,0.584881158704738,2.1681024529161776,0.11916487340676846,0.10326374380681025,0.2568788100723566
922,0.9993129716543543,0.42429266269963006,0.24701647145224293,1.0695690557329196,0.5896081424054449,1.66956018083887,0.03131291991300442,0.10127573294644285,2.212337588973126
923,0.9421708387493843,0.0021036385849843575,0.009387686499990389,2.204060978179518,0.23192732130943716,3.721566955069174,0.11862159833510233,0.1317141747663334,1.0332164845935077
924,0.6057569449067758,0.7358980068402181,0.2303653347068926,1.2762879607827817,0.26943452218541575,3.261143287301712,0.2972594663521008,0.09486267649033721,0.5934344301975614
925,0.8036429941029453,0.5033105091239185,0.6234743515917095,0.07450187164494548,0.4750665834334376,1.6291430907750628,0.09388943842584165,0.11072724448653874,0.9500079935474989
926,0.4703929425286678,0.045773740083151215,0.35020310868740157,0.33932634735356937,0.5692631507262436,1.3069970207708719,0.11048862933235423,0.08494493832164389,2.3385438481256378
927,0.21300773358505837,0.8496150131082147,0.5936293672814545,0.6457940453007918,0.6021903339626413,0.7619207972072857,0.1569608362067112,0.1389101983464945,1.2230609236168124
928,0.12381904853391473,0.9408565229445478,0.4274719185912866,1.7251761643654957,0.31138654031576696,0.6038141625873579,0.13194161488999265,0.12442301147750875,1.1561959945421523
929,0.38832952600800713,0.9340507094718615,0.01301634531929724,1.6828741220694932,0.7667123569032832,2.495716008353839,0.01719048928228889,0.1383051042736998,0.459825109950187
930,1.712640656146086,0.8297317918913039,0.1536283505547142,1.5850827007347559,0.7239224233623338,2.056308039127359,0.16872157588716624,0.10524555192628433,0.3531200792820365
931,1.0258154413616178,0.45106968782605217,0.8058853291137198,2.1019562803412755,0.3324790892955667,2.1362214088825526,0.011305745075573553,0.12162665684821002,0.30135501757593497
932,0.4761140265230678,0.9151396577276114,0.48869674529453033,1.0508970109680866,0.42278654286939366,2.742710927211859,0.08662515359584347,0.09694896967681456,0.890412242152809
933,1.590702701541503,0.3042271846476536,0.2577860307980681,1.259631747442152,0.34807520394222696,0.7717047960758501,0.07921408863546628,0.1186918002392513,1.296519279156964
934,0.5257672302937474,0.7943924962122779,0.6340436519340653,1.5952038903724761,0.5368916015709443,2.8929723308935316,0.1062848755002473,0.04322470217997244,0.9062381992149864
935,0.9564172963502875,0.14374691219387767,0.5150595941312293,0.19782028112460848,0.48455268695213866,1.1554452895762681,0.21564434770919066,0.0721808975747119,1.295408352906212
936,0.8676244684566896,0.6924388592234005,0.13971782367306573,1.6875899130764513,0.46196336106505964,1.8949786308088041,0.20674766945970718,0.09966468271084458,1.369234201772138
937,0.3360926082251375,0.2848761949151061,0.506270171867113,0.39116107740196093,0.6453641962630218,1.5711737501541385,0.038713983533529325,0.09207336525077471,1.1229179845945234
938,0.9145723224909912,0.4995263262245483,0.45277089521371433,1.2265692185056218,0.47237895680250036,1.8272522106156648,0.14157328723553728,0.08666379366690201,0.4738608956325586
939,0.11197347212282951,0.39079593476969376,0.060135302438386995,1.573478614713911,0.31289016980056766,2.978584301155072,0.06041112612616274,0.081023672608748,0.9011292971687769
940,0.19280882503608268,0.014539802074210018,0.32763834505376643,1.3975108532878302,0.7902724185041745,1.9645606017430024,0.0808031658008219,0.11267316819382162,0.7275314146192011
941,1.9278791015123995,0.2692538482228313,0.38908971584578045,0.04025288527455695,0.4356577866625252,2.6744200049874305,0.14396073775463714,0.06946656064474094,1.2585306152954643
942,1.6624231857857363,1.463516728578167,0.7729054368051138,0.0677154214314557,0.46741244435729234,2.2462230420106626,0.062445125338365666,0.07491578304871446,1.589863942398058
943,0.7418037268859599,0.7904715055377768,0.7376102102606463,0.6602640141885634,0.20903406784402778,2.2687054135783473,0.146251765904803,0.10220919486868864,1.3935606045587456
944,0.5285621773052414,0.2617540373190371,0.23350644815666619,1.6851045270334832,0.5300838316956762,0.2240091763213139,0.08545979924734032,0.06849553271177107,0.16364782150315615
945,1.6294107738803292,0.22487707012559416,0.4274543631662585,0.6967602092726537,0.3471858798060272,1.7690172726642972,0.057155742666788495,0.10030389103023324,1.9570498259533995
946,0.29751779934827155,0.7512122072268219,0.803754087012987,1.7735889514506624,0.1928516079559901,2.158851859404573,0.07524567982145852,0.11541093008964652,0.7366886449091027
947,0.6182209215008736,0.09809195168086324,0.0034171601659128137,0.782095245556545,0.5215787723659963,1.405535211145585,0.11186272988070763,0.09076291540027798,1.1509578713659323
948,0.25934591065800766,0.26217873551609105,0.21574116034879495,1.9352734357482646,0.631188587012537,0.9853453291341508,0.1395757991637728,0.0528809857870666,1.326238382274931
949,0.32577405458791664,0.7134279178169933,0.4410492464246969,1.4448824269885858,0.8374023871705176,1.6464307281552994,0.1427799862455134,0.14793565589582502,1.70445760944785
950,0.2217463310148965,0.06279373505238983,0.13064477387662796,1.2884657237574821,0.09493451174204665,2.175029837313707,0.2034342656519923,0.05826382149148868,1.934148928851787
951,0.5207734485236349,0.32898232807968963,0.4082849781505224,1.1435760557161947,0.33050709005509615,1.7354621599376499,0.2473053938954336,0.1355416188679928,0.2617597416254006
952,0.19967671661428854,1.25662485165453,0.7788609098619441,2.8078339245893225,0.46384085858706187,3.0094928459043304,0.03807651404127936,0.14213280093164501,0.7921826191872668
953,0.8765732505821195,0.685126754116989,0.10250477364347141,1.8055189911669816,0.975363893083907,1.6778117861340918,0.14606870640014738,0.12605664023777208,0.007638722177240931
954,0.13916083928004017,0.37542939471407644,0.3004072701027854,1.8148793349296826,0.16406007981914839,1.5999532036892306,0.11264783811245191,0.1354415919640088,0.9259822798639017
955,1.1649635457808452,1.2350685812900026,0.45452802075594606,2.0990590365792516,0.4557991937465028,1.808196918652693,0.11514845611164728,0.10340116216801887,1.164546046556168
956,1.390983124086716,0.051947100131468305,0.5809274888629719,0.24556959223168806,0.4447524526313169,1.3850847969059528,0.1442748078995764,0.06915480900877322,1.0231841105398904
957,0.4494397569722264,0.3711138774666129,0.43330587300871704,2.4548524240421887,0.5557258351633991,1.0706341680514058,0.09339672387276415,0.104744558006285,0.7956157671455404
958,0.28815708619668406,0.5877610808786184,0.8057924932237234,0.6763543249303651,0.48075227050194475,2.376231710410008,0.00596021785518111,0.07481133438670573,1.4888611088832535
959,0.14797267336854114,0.67461741668217,0.2146340014733004,0.4475326767570458,0.49123893086776244,3.608924851711082,0.14616187127266295,0.06672260020191013,1.3195210694574508
960,0.49522657747294135,0.22758914842129896,0.02159840737791996,0.24864310518743993,0.8207536300553679,0.3384098436123606,0.09666828272734738,0.10949272036205646,1.3246336061737785
961,1.2527165111196004,0.7208694458173703,0.726851963717885,1.067723751277203,0.22744611712500828,1.9133092082749992,0.07976385633512603,0.0821345436587176,1.4078424031418053
962,0.4026721013423521,1.0380948642131356,0.7570350591403561,1.2150690880572421,0.06405748853663401,2.216566441103067,0.14147211151003292,0.032894583319697836,0.9071249550397766
963,0.2807072050387049,0.3259890034708104,0.09143488180471679,0.9303087705618615,0.27555350279307744,1.9238599411913877,0.15770888787409154,0.1475664043008693,1.1759652318822427
964,0.5313297561056514,0.916403071658402,0.31236053769141797,0.6401886554744505,0.5363935417946304,2.5135364686083483,0.15774888012519062,0.03309671394790807,0.5130895633049302
965,0.43090728936316297,0.638073571407658,0.843704862300671,1.0421704832446634,0.2087338858907523,1.9526399840951818,0.09837629081088259,0.07719400789715565,1.9768129342818643
966,1.5530889293331445,0.5969364708411535,0.21244989705474468,0.6778457578349857,0.5603131958288329,0.39084131890072427,0.09046062747467325,0.12427079594940532,0.8909392431642523
967,0.09841665008094844,0.5542542123381922,0.7140618179014347,0.45559146648888993,0.7178085243861275,2.240833844128391,0.13490972205592122,0.1624352176106919,0.03305872866422288
968,1.579934954492559,0.35420998528309433,0.6991257506033498,1.315209473544305,0.8850500220468813,0.3824636896716902,0.1502848361934553,0.08661084884889442,0.5783428480470818
969,1.0215413075364117,0.11655340131952624,0.2271525219080963,0.3208720891770108,0.2051020925866684,2.848706891006188,0.13635703188804688,0.11964638192358537,1.0761719689670588
970,1.271019642242499,0.19025091692386878,0.061506618168377825,0.5320022724234512,0.7830198288765985,1.743318547221384,0.1252167226734925,0.08547447804721948,0.12269599648333673
971,0.3841097272427629,1.0881380050814344,0.07845411750747805,0.9589675184772127,0.7485094714506643,0.9285928275352198,0.06872454434492564,0.1308223877751294,1.680929083329125
972,0.9524388456571933,0.4122352010234438,0.17910314155888857,1.959068451616333,0.7703230311383091,1.8932335454881568,0.14756971471915492,0.09937174777308476,1.1499206791373
973,0.1751139207493254,0.36587733467269495,0.26832442662858247,1.139136796543847,0.571226219018632,0.3486034724296776,0.15953270702786565,0.11770181821146392,2.5314426434101343
974,0.36149402068642,0.7827167547715459,0.7481004093769152,1.5075003572766144,0.5635103154022811,1.7636996358612005,0.1125191485058361,0.06401713392915742,0.6594235347420138
975,0.11321201483605708,0.360245938783679,0.2370007127876353,1.6797951581129662,0.22797630273508168,3.009164380372116,0.013778305858497777,0.1156206092156008,1.4699235719642996
976,0.3918757272505078,0.1847390204192913,0.4997421888854033,2.371353247536355,0.13583448379685126,2.7467578274369284,0.010790831375822443,0.08287129658708378,0.34630802738664357
977,0.5447016807327181,0.0688440392685189,0.3662647468361309,1.229194183865021,0.2100260803223059,2.835913101836532,0.2184069077409229,0.10107777288867766,1.180606317726178
978,1.4679148949873218,0.2553934910419386,0.11492640381747976,1.1664223615483797,0.5697026535081582,0.7162803883862074,0.22618640797069162,0.09428948345286149,0.6569311354448125
979,0.09228349995451801,0.26925217454311157,0.11909004323834602,1.27761268230741,0.4373886033329166,2.3270415970740985,0.17720797282560122,0.12628554506998585,1.2929546085930244
980,1.2853005686984693,0.8174926334314814,0.0772688784962885,1.5482722830754438,0.5613117521215829,1.8353671614287468,0.2672195378888535,0.07909000338272365,0.9430814088574102
981,0.5405818366205041,1.0885797511281061,0.1081302303019479,0.9704890253924081,0.24355956506924187,1.4413972575654754,0.15589190395401026,0.15221318262142702,1.564523390376844
982,0.14846031531196627,0.1382448704443536,0.35510019784192853,0.4013105352124442,0.2297307253054796,1.6812805652528926,0.11563161992086446,0.04278355220598251,0.485350309183611
983,1.2635083444215227,0.38174733549692536,1.0017515800546382,0.6800172123589858,0.26573030654303365,1.9470010124342365,0.10969070104512921,0.057473765672221684,2.2959084099362164
984,0.026200035465789584,0.5421020897886486,0.43623538375685095,1.7454046922094082,0.6687733784574481,0.3299791478414158,0.16693250333966647,0.04506502800047106,0.569062558017554
985,1.5016722497299746,1.2092524367111568,0.0753194586785757,0.5194867104277494,0.5505440080221208,3.727291817916022,0.20937010477885226,0.06426176531233133,0.5252447853393412
986,0.34880343501596384,0.8607886640376108,0.20737890184600735,0.24480870166960056,0.8099171196032754,0.31623481656295005,0.12372498006270169,0.10261087288319745,0.5524834499261593
987,0.15945242856280673,0.7280526376491812,0.7874467580752739,1.4438085447768163,0.40725122268594277,2.7189166002094414,0.19519168267122677,0.10552062381557822,1.1324303992609193
988,0.4889408035887713,0.4290261033245798,0.5142267564962211,0.4198725454380703,0.30592546411645893,1.959796052325742,0.1062749456821339,0.09561827031239431,0.9072510591651893
989,0.7737381060080564,0.4552664685696428,0.5934317633031772,0.3578439452210015,0.42005629911102516,0.6538456167393392,0.04050037710880959,0.09129033301292053,0.3881296926790896
990,0.7495930817000238,1.2976982215662696,0.47377641722351715,1.6634312745694981,0.08166479803087384,1.4504195348602478,0.05409451608084729,0.08549193652792052,2.0975722373062275
991,0.5744645095270213,1.100487766179476,0.05104057369438303,0.40490460764091696,0.626322345280431,1.5851031815259862,0.04284165777746904,0.06127801679511666,1.083252396793823
992,0.5895012259062905,0.28920340524038646,0.43949735871870205,0.022229510394109586,0.3152861269169439,1.1292013694992857,0.23818709762678714,0.13636161299406913,1.3259772935549659
993,1.5811028793379684,0.35113395562351607,0.5747818883707647,1.3517833383144786,0.6986617780318318,2.903071095383894,0.11024700871333812,0.061694368013305564,1.380480287093917
994,0.625488879461417,0.10568419946796762,0.4366633250415958,1.8202700092340336,0.3133936377868362,2.5036241433566295,0.0592491476401408,0.037408216560084584,1.454437228666655
995,0.3988263769317331,0.9470208286123398,0.5683886262755088,2.0368114502175674,0.7105079630895081,0.4552336892211484,0.10501867427433872,0.08481745801492727,1.255142672177341
996,1.4662227166185828,0.36014911133715755,0.5961628260606024,2.0643845792452193,0.5056094086597729,2.8568326944680438,0.20711096619438912,0.16982082226291806,0.7390375585534366
997,1.4805555833809123,0.16818364786652426,0.04638281876642997,2.4179356348679883,0.4391699932091099,2.0518378263937795,0.028190828321643213,0.09978311802120954,1.025478616989161
998,0.10904887831624407,0.011887871204855238,0.012370977572166375,0.5654062763892109,0.5229376751279585,2.07680937610025,0.00579029774423119,0.09468241980716743,0.9783878296778693
999,1.1849205044344377,0.9440566501613927,0.5555386858417726,0.5009937186566595,0.563547903315873,2.1124350661494784,0.1380617877088001,0.08846899519760162,1.037302238046095
1000,1.1720260411103594,0.33635482231791375,0.3077535030146544,0.9464845813607482,0.8961513583597369,0.9515414100414589,0.15887943000600283,0.0782348767896413,1.34263270030171
1001,0.41044662299625434,0.8604781693217709,0.49406813419631096,0.9843104162253676,0.3459848114485862,1.5935224702678301,0.1581126025743949,0.12139586033669901,2.0306988474741434
1002,0.6285469362292814,0.2589344434851177,0.28044659550984913,1.7167605177955234,0.5807903158031051,0.33790195191065475,0.054358846482950765,0.11296623086737156,1.7820073086792276
1003,0.15207093693688228,0.5213633042589089,0.52092320566989,1.5248802953874705,0.8036071610913635,3.470822618983101,0.19066076060298143,0.07008020943737071,0.09898627448543607
1004,0.45511643250609934,0.040637096974929676,0.4778421083778439,1.1121618486363842,0.6697224500088116,2.5352002923631907,0.25369180125551116,0.07787578156414765,1.1794132965642676
1005,0.8379571436555102,0.34954742230726704,0.8005322533691208,0.6536259971054215,0.6708248958581816,2.171231546328495,0.11540238156787473,0.018736240989003825,0.44434030790319906
1006,0.8054877941663818,0.4498366120071786,0.457133289356176,0.6562619880978857,0.39592495853839976,0.7262036969121954,0.21355920025722547,0.10768995378641383,0.13004433212133037
1007,0.8153381513245535,1.0819878686786029,0.5437108598323082,0.5234591383773224,0.28282078119563325,0.7361988832680415,0.13336816265944634,0.1531582254191363,1.2950559766077443
1008,0.14874190431750356,0.5808623010677958,0.4880796001210872,1.1878431090043686,0.41269809331043894,0.4588772220703845,0.2539143861036503,0.13957905311363697,1.0896569763577175
1009,0.6483925212178252,0.757578877893456,0.3390157862286733,1.5480635494144135,0.5127694308946946,1.827528611386966,0.2219077420871254,0.017506888109170227,0.6719830678428058
1010,1.1880507852343645,0.9842714314742667,0.25803924816033175,1.1784621053541022,0.8180107340990999,3.6156715858360755,0.1365081063892197,0.09962243812618164,1.2802661616557018
1011,0.5258591223131162,0.4640907665484376,0.5488288503863562,0.8212348285882294,0.5504651267166148,1.5958881917054508,0.2820952533603443,0.08786012001867961,0.28809699447305237
1012,0.18276586529763134,0.04476864729678243,0.523931745526216,0.6369322811241664,0.6995660617307202,3.722345047638459,0.07643029398361609,0.09153353049573727,1.314520353391337
1013,0.6011381611408522,0.9137679291571121,0.9597755332702719,0.485543215195917,0.568179143521081,1.2079157496427677,0.1571958637871306,0.13892379756455495,0.596352016693719
1014,0.015789139300881216,0.06812269884139094,0.5247253966058645,0.18296938708384403,0.43130471763322226,1.8497487421283647,0.050694666566424115,0.07907061181181285,1.259277644850684
1015,0.2810889543776454,0.09271308352241048,0.015536542370141015,1.463235029476123,0.4295167582350792,0.12226652268453275,0.13829331174256418,0.10088492984091753,0.3084656093184335
1016,0.9242101936319422,0.5649971528347966,0.17779505291934403,2.0446204826082988,0.6632056245550372,1.707629281549071,0.2552964146587784,0.07123413644749402,1.3489247189418971
1017,0.1606889324416877,0.6508531371642449,0.11651327544113413,1.8155895097790258,0.7278472235014511,1.0748032699850494,0.14346385664946001,0.06286887944007792,0.9201528986247013
1018,0.2518161706499067,1.0382732979971003,0.05361009663954808,1.9376007422681303,0.821207897018259,2.6677762707942807,0.22605741809168609,0.12017885566972825,0.9577467881582984
1019,0.4467946708103328,0.9200493876925326,0.07734970564335669,0.7433272630433025,0.12947224924351125,1.7299264134891512,0.16072433813847525,0.06670178010516009,0.8896473939704906
1020,0.68655090367742,0.2639578896356224,0.08472090169247465,0.9964157067327649,0.46973841813212747,2.3911745302464587,0.09554656953061767,0.10244887929970266,0.6143871656221486
1021,0.647353223563097,0.8334766277800811,0.514353129687921,1.7485630018416463,0.8337575931624053,0.8051444378920775,0.091018554607903,0.0974915375433703,0.2573993846149577
1022,0.0043244721162614685,0.8599847321412735,0.5146343478854698,0.004976478862385281,0.6384503100713003,1.4979155567771338,0.05563020119288413,0.05455022311554706,1.346193278544056
1023,0.36462783541982735,0.20731265175071728,0.34583058774515996,1.7017617598417525,0.5008884176995492,3.2252922334516234,0.15567470770847205,0.09385820607676672,0.9755183698516348
1024,1.4362717223926893,0.15001589641322496,0.26488573483788513,0.668987133333202,0.23725622992509776,2.165215228275649,0.14293943379371918,0.07993923794899128,2.192767788034681
1025,0.41105476149213527,0.7567563418078946,0.44914615201610686,0.7893463841705233,0.6370214513336586,2.1541472032682276,0.0037020813995530255,0.14023578757573085,1.556046206456561
1026,0.9098820444797546,0.1701012959248628,0.034481174009419635,3.0166510777764346,0.3950769424841123,0.5393087999293855,0.1389068042168492,0.0311443458872704,1.8244797565906123
1027,0.02207138852384599,0.3885993291755647,0.2530319963095521,0.876417802235825,0.4967725172132273,0.9191782232298134,0.09496011585199976,0.039337357244698536,0.33325357232199937
1028,0.15792645231428964,0.5505793313120556,0.5033747964059746,0.47879084851963816,0.6226688083556151,1.7472495459164015,0.12165895105575683,0.06470663387507918,0.6439041781433834
1029,0.1373108231763521,0.31433999202521606,0.16555361996057935,1.570540668343437,0.3918314423283521,0.9620327871493743,0.11886405872420835,0.0859253907518244,0.9516149729139137
1030,0.33436130995301294,0.3796973747577507,0.35060058049546056,0.9481778041952487,0.5281406039180202,0.9415098273312674,0.09166482187873598,0.04078513814647513,1.5948915052831565
1031,0.627711193840502,1.459425878231719,0.18501080899782782,1.897330470495198,0.5590108138310733,2.285244062098358,0.1673146370027011,0.12866531834154432,0.193590301053837
1032,0.6152279389732447,1.309866976880349,0.6819074390647937,0.6561142454448463,0.39148241868019196,1.4327789201168748,0.007270893698367725,0.11060017492818917,1.562766515449614
1033,0.45602993785087037,0.25449181884944283,0.4939194626607833,0.6723097568768323,0.8145295088324327,1.909178192677404,0.011335790608453286,0.13683818053023042,1.348969865279246
1034,0.17542639940185678,0.40222860433497,0.7012088942562563,0.9357608406075916,0.5163354194530029,2.593672209116961,0.1534454406136452,0.15758824337267113,1.3249318014437277
1035,1.2029521357269533,0.7463241054331284,0.6093021366830143,0.6659449746701138,0.3227956476961954,1.9151965066293106,0.043197805769636166,0.09417425021609696,0.5497983713263256
1036,0.5080701916876567,0.9961196571043254,0.8372386544795357,1.9009421430902285,0.22132584065394978,1.8389058737436579,0.018625209362779338,0.12821476170863189,0.4660137989768653
1037,1.170047848389118,0.26169079140605794,0.5036285763563728,0.42143654566282074,0.5042148047384326,2.677467082027836,0.01290053874429789,0.11477367162246509,0.27934610080828315
1038,1.3356383199204862,0.5676533266562427,0.22541600259233652,1.7280433509909763,0.6299012120610162,0.7032536554887443,0.018421628892620043,0.11447764817433422,1.352206492866364
1039,0.06951557846482798,0.3829766967425303,0.9163135013628027,2.019478709238395,0.4682012088599534,2.028489106338863,0.11735411182795537,0.11293418385417837,0.8378055931897669
1040,0.7964659111725614,0.22024208942878754,0.4895073650646732,0.19998749281286154,0.4578356745091701,3.4175883159138305,0.3279887053497998,0.13005559567083713,2.2787192630185285
1041,0.704553619555895,1.2566007845098046,0.7482536312833898,1.9835995196792204,0.4368546861156143,2.418754921662691,0.17686379371696662,0.12055050786000653,0.17254497453537343
1042,0.9779797363916787,1.1652846777083332,0.23197889097899715,0.5950965231556764,0.7099055943052175,1.9206985096004847,0.04952704483680081,0.1318284605577304,0.9378457245036957
1043,1.0698138633465217,0.6237064334735534,0.7421179764351236,1.2856712727521775,0.37285909908633297,2.509043450607221,0.0019660353395505453,0.15541735930877337,1.246917296062315
1044,0.11071895977714286,0.49942848541623674,0.47602060294024473,2.023745839401088,0.3145824403812435,2.1412369341090804,0.052156239120946274,0.06758061153814561,0.004812648387151008
1045,0.6745266649485866,0.8778046392291792,0.25982865497564994,1.4705038388280673,0.49637085341274695,2.870338215081147,0.11135532669447003,0.0484055926477691,0.6678248572559002
1046,0.10632842720122954,0.6836943132378857,0.3657471256714135,1.0895297384045302,0.42929151639511925,1.457060269080591,0.053378934913310694,0.11264325845314355,0.39864361053015457
1047,1.1048536253407553,0.6344264917816815,0.6011410995818031,1.5642676267427122,0.012871514691627395,1.9974249212610653,0.23513095889321972,0.14672141707712005,0.7657858020697471
1048,0.36003695823832726,0.1277382026535691,0.6418724678564046,0.43599081511259885,0.3500831359003772,0.5061560177292064,0.27028441774997736,0.09422015414453418,1.1112557468402597
1049,0.5591915643631133,0.1564584458709492,0.49832299850011286,1.5561649944788667,0.49727704870689454,2.1503750515404665,0.11833266263041528,0.1270763042484267,0.3158674810186032
1050,0.39278315359051713,0.31003815325353185,0.5429417182254228,0.20844937514380102,0.4723666097793548,4.694607851742719,0.07803554363442194,0.03862515972701123,0.17893032675222842
1051,0.9889688118629025,0.4358915146654683,0.19522534107637501,2.8760188986939395,0.18821022289597528,1.869127186478186,0.10215982838072014,0.08174527943285162,0.44343923054316264
1052,0.08466668113998213,0.5122446332649578,0.695682813628581,1.2234513114528864,0.591452542664139,3.2813999845054767,0.24714404290398023,0.06754163384147682,0.04918339200821542
1053,0.8457695512200534,0.6610793364303809,0.42129627664577085,1.8306341622555746,0.5278453626604412,1.3731851404801296,0.05773407897774576,0.13222655162600672,0.009942885240137866
1054,0.6947113089757625,0.6460572457790452,0.2585642005351289,1.5889709194436152,0.647136985468742,2.1059817410648654,0.12945589286111525,0.11828250639522565,1.1800220878087138
1055,1.60841596240216,0.19043271687875682,0.5035980192402844,1.411563062404428,0.613755432127573,1.704994432613191,0.09313567337506504,0.1326193349008663,2.16687552708028
1056,0.7900356589873265,0.5851998195099811,0.5359768279162178,0.7440966326741174,0.4494689432843882,2.8007614825627005,0.15168915411592332,0.07642915710711534,0.04476190571519445
1057,1.6070975525944213,1.1831212511423352,0.35957362272402876,2.344929455924115,0.8156823001128002,0.7524882250970912,0.18755030682326473,0.02022660642276619,1.0327907338248556
1058,0.19469339185602796,0.04282157047426749,0.1056853594213917,1.978120658480338,0.4769114637378487,1.0654313854253732,0.2279506637753802,0.13023504292116786,2.7740107098844256
1059,0.4301492985635402,0.0067164983550597745,0.22713249294923588,0.8657150922611163,0.12572873334728057,1.7365968642156235,0.09327707412308212,0.09036485509453969,0.7934626972140792
1060,1.0273472414958598,0.43545159466246636,0.4012883962597338,0.5101166082056713,0.38849976538647146,2.7281839672890253,0.17009741930632277,0.09997795382271274,0.7295871945713202
1061,1.193852533724096,0.9047355457244142,0.184054676847495,1.1115539087814645,0.3962792746126041,2.672520136950949,0.15863036183320578,0.03838959925845676,1.3441935078405507
1062,1.0973951370169892,0.6521661798705625,0.49131607677958533,1.1602725184610805,0.4563595060467616,1.3599267267505795,0.17727655288975555,0.13327507926280566,0.6614497895905619
1063,0.24941162676435383,0.19524113026233675,0.15955888760584153,1.6520353697790333,0.7006103699449544,3.0033150494198635,0.1065325059375394,0.07703608116810486,1.3846445376276866
1064,1.7414200005114326,0.6557948216315717,0.5733003673689018,0.8618622462867931,0.4757100204698259,1.1628423753233244,0.2328423927000264,0.08777095959811063,1.5090429183281449
1065,0.8261725408577578,0.3843215799827253,0.026169294693054845,1.6126989915139465,0.1627617100116976,1.3770367789934463,0.12588771341122038,0.11858254920227192,1.0910278898880317
1066,1.0197724247343547,0.4186364796153116,0.39877989928475627,2.019277412388234,0.5610557373266154,1.4172718588533217,0.10373732769545563,0.10806129534001316,0.8687976923429906
1067,0.4502106388777032,0.5868406154461658,0.8195559613578378,1.3576773268391706,0.480268355660571,0.6335345404901298,0.10019001563359557,0.16166506690582727,0.38103909062477664
1068,0.5256935661880386,0.8959485705940888,0.21911985556924338,0.4330760849235671,0.5534826074023292,2.072772780526742,0.06073412748551274,0.09494675488971754,0.24502483587826673
1069,0.6801427155601472,0.828978239827616,0.8373244193986531,0.38824252936810544,0.4170675332447672,2.1893353826966906,0.17691271328304306,0.1194650101324019,1.4913328700868447
1070,0.3232560527369025,0.537802089071255,0.14063441012159264,1.2250250000790486,0.5660718894443799,2.460731397924608,0.08795416566655659,0.07320543448898349,0.5214725204909003
1071,0.4127255552828403,0.1978517231407589,0.3969938849330379,1.959116416703091,0.558697367494261,2.512049669787842,0.07184994889861737,0.1158177449908145,0.6245925429241767
1072,1.0367796513653897,0.7834194468501656,0.21747348365174846,1.237616482539683,0.2615917401416781,0.20428254819360014,0.06869998647372967,0.07299562163018378,1.5876477882003674
1073,1.1891652209477688,0.6783425919987105,0.3578838538454777,1.85673746261785,0.46424490224089965,3.374722113825567,0.08062481734733103,0.08645323449228277,1.4988785812949676
1074,0.26771476551124596,0.8516382195596623,0.4028041732636547,0.6735772557493045,0.5066081725983965,1.2717701222357314,0.22788650256149523,0.10410026711094325,2.003950410459736
1075,1.6993169909074488,0.7449922743502294,0.777476890045359,1.0321250099555423,0.38848346058975,2.0132609121263725,0.202229698844915,0.12299315798367547,0.7540067859106416
1076,1.4837216626767482,0.3296854224534431,0.433623267017917,1.2928534435638641,0.5783471498576435,2.62039568689542,0.014233547303329444,0.05342234696472074,1.4429025233929065
1077,0.26854983800847787,0.17960934989176847,0.35620817027472473,1.799686647254356,0.5458266306662976,3.945463444122633,0.09657505752566338,0.08664328320667775,1.102446346031799
1078,0.015252859059567303,0.9955234152674548,0.07253321455871131,1.2433960960286825,0.6181246423773119,2.3257862626667896,0.043062167925805556,0.14802463169901053,1.6671879055358398
1079,1.0784876032724657,0.04754300339171119,0.3936482239843604,0.619457776503056,0.8060388451511855,0.8246560186900238,0.15208174160657562,0.012845483810150035,2.3432177548433604
1080,0.5900881330681079,0.7183998643579492,0.35040429362254594,0.9871019942995212,0.42534973410150095,0.6283053863358354,0.09685435795700799,0.1032911791462894,0.9545939298889834
1081,0.05662302854732762,0.26257863537622894,0.28907546161311626,0.7864188953321295,0.49401707598872896,1.8867596393502983,0.11532864414035794,0.13954106034174463,0.6106427140651615
1082,0.7155776212679914,0.12197517102097682,0.4826733942997309,0.30899749447020286,0.14173909978813287,2.3413308381520883,0.25940544223029943,0.08508821575475556,0.8276452259232671
1083,0.4262667459769067,0.7835381295327539,0.34472936977829,0.8599982256980496,0.2966948738198234,1.5086875848726995,0.17656270840031008,0.12518995439731934,0.039333669344497
1084,0.3733314581938157,1.340079382471949,0.5364737037413436,2.3095448902489726,0.5660240880842149,1.7839721133784854,0.14070596072518046,0.10790150593497698,1.2462974672316312
1085,0.18950962597099974,0.5385324173200068,0.2382389849186533,0.2390488461340885,0.4526844044332826,2.3810073606920765,0.16882314582824104,0.11132856525616222,0.8707187579735857
1086,0.10922339434702544,0.3437563830252537,0.24309884217984484,1.0639406540544023,0.5262314302653155,4.064347843458248,0.07178344039593652,0.10227976782171463,1.480592788546752
1087,0.05333743503910851,1.0489550611714156,0.14527570575001805,0.08666635028023595,0.4210330287679894,2.1015972722604395,0.039144667839152034,0.13888905362989803,1.6703296221361286
1088,0.8626199452496313,0.7908775721902612,0.564964186446052,0.0355412599245013,0.19315619834070413,1.381870145711121,0.073482463915305,0.060524770583182404,0.559637134760361
1089,0.28053654434461184,0.5897326680652548,0.02069240999894545,2.0912357785802382,0.5085143077450541,0.9143024908193679,0.06776462310581399,0.12598221994876302,0.16765815642293724
1090,1.908343851843228,0.5638901254133962,0.43878078219904226,1.0057162756103837,0.6116841753650959,0.9709779307341242,0.23704099893195735,0.1399411050769711,0.07237976077610131
1091,0.08971815981364115,0.10529071541343765,0.30606366259290135,0.17717859720612394,0.7003245229224916,0.5061574047871713,0.1384664811739766,0.10651970858763228,1.5881625439333789
1092,0.12177877328156964,0.10091874619166041,0.17988287926435748,1.3807937007227515,0.9112611530341623,1.8942641010718362,0.16515789631013805,0.08391390599894075,0.4821659907484886
1093,1.2944805623682571,0.7226901777089357,0.13337454748872699,1.5652435084487168,0.8417936980560197,1.464312188138065,0.11429372115642958,0.09427266736720252,0.011816178394275956
1094,1.3812726349046303,0.32816038418486265,0.4998756480282898,0.6632835751421395,0.5394971805616089,0.16393352784656368,0.14854185653421392,0.10492864842856756,0.7269788042466252
1095,0.18170885675894244,0.4070442727570187,0.07386405454721923,1.242467334155127,0.2594802596677155,1.9458953469539675,0.11677387254194159,0.0768204469208606,1.221082876482663
1096,0.6317555572969789,1.272556254147568,1.0967626064542262,0.26901256263917284,0.2886034249633147,0.40617779600515935,0.18532774273097574,0.07496419187000082,2.198362980511755
1097,0.9541677318231967,0.6024037610788396,0.3448010904710493,0.09536452810209983,0.5862878637764837,3.723942322617323,0.25375026251894334,0.06601532865549117,0.1780780773202143
1098,0.43123807141759335,0.5303056545239935,0.45138133956879445,1.218167247953636,0.5825842454145476,1.8174951984251757,0.13950421823918213,0.08400580780859175,1.6984771997944477
1099,0.21199523900862122,0.7917345494482189,0.234764816213552,1.2656743285475887,0.42599145642012415,1.9713987839009868,0.07570107767479958,0.08276543903555465,0.9614136970367011
1100,0.5155155988927126,0.6034479261536754,0.12596853196896524,0.7004154654862642,0.6839569488992584,2.037112926425702,0.0808751657337767,0.04610014384516285,0.5308375707316357
1101,0.44853577426734437,0.4868086158960971,0.47938325285112465,0.5619904253368364,0.22085261112902665,3.8348468793144628,0.16235617883466613,0.09566136898922956,0.327563072518688
1102,0.5856959155249037,0.6513319849321617,0.9394687525979335,1.5246376583468537,0.36339279676414854,1.9395710155161243,0.19705029770654364,0.07588596174177971,2.1592603964549575
1103,0.09875437520751412,0.8271516795636673,0.2026822861231894,1.6323664551608674,0.4535169921923019,0.45394895704102844,0.08110047954186822,0.09736359049521132,2.260377536240216
1104,0.006720913982844856,0.37577982575332947,0.172069610690334,2.03446462816647,0.8842978502250685,1.8896415788620033,0.07202983589943371,0.11414975435630287,0.7333841091275078
1105,0.7155599323273926,1.2164316229292702,0.18154557392161663,0.9234801142724415,0.6447158626154919,2.7959459819491497,0.10120219086777893,0.04386248464634737,0.389870229499265
1106,0.5291732323658462,1.443940915847536,0.004018437172844891,1.1645951853258096,0.8184497997893299,2.4629018447073245,0.07486575390889605,0.1376140830116126,0.6729406431653719
1107,0.10851156161758838,0.0007006824609838702,0.4678713409804321,1.719316720362189,0.6500365347812039,1.3600525899605174,0.021299826541799113,0.08057131049265184,0.9551871916680587
1108,0.8749931929261217,1.2524757359690566,0.49050970278124484,1.817772487043418,0.46496112352517605,2.9012906611010596,0.1312037295452665,0.08438708690977616,0.5837485115080787
1109,0.4136410474418225,0.0017483520671773833,0.28714822715650223,1.8504966130205869,0.12207563349045097,2.863465548387905,0.18529500870399412,0.1151379864388274,0.1275006340508703
1110,1.1475545776849625,0.44000554233008465,0.38518686629565724,1.9325094404552647,0.9455617219543871,0.7893457592450153,0.1465980859128458,0.029994456422096943,0.6414046195189206
1111,1.0633034485736448,0.03627378077749899,0.6923509667916374,0.9079093096284976,0.6481679602534699,2.5168646051447707,0.09327272850723849,0.04481535633554319,2.5845085788714415
1112,0.5306458909776081,0.8066009307843096,0.6497875507178176,0.8171816552460479,0.24286159233105287,0.274526541165796,0.08016259493267257,0.007957794598972806,1.052484544449032
1113,0.11439445196642925,0.7157546167232847,0.32270336912820985,0.8367454241120444,0.4389631751327097,0.9007921342780673,0.0801963849155564,0.04761124926736616,0.21620908821456197
1114,0.30373005690538474,0.09951310458388796,0.563725937025148,0.9629969589054409,0.28055296064239676,3.3320907243563163,0.06959613197669345,0.11421032449055554,1.0854094640059788
1115,1.3545752373296884,0.23418232261639077,0.8169413077649288,0.8397915333056823,0.5293520399176669,1.030759678382669,0.07151444032086535,0.1180562745975079,1.694659190581382
1116,0.5684694020460843,0.7552057594919612,0.3613819619518612,0.9925954625127459,0.4437002383153539,3.5002292806222846,0.2588720323258134,0.10914673434884817,0.8234839744780909
1117,0.5383386784628035,0.18681915466899715,0.005428166191074946,0.5148799537595325,0.589333800060031,1.431428430664302,0.07439843183490867,0.1371575544367652,0.2338578751680095
1118,0.7986972303019817,0.2061720300511859,0.4358559261754086,1.5750329364033524,0.23128792853100238,3.5764721930834646,0.032890150576743174,0.164885237313458,0.5362799934905507
1119,0.5418343885462685,0.08090385842597564,0.755445613260675,1.428092448176449,0.5446241197111671,2.414373134640563,0.11331477322068877,0.09042306756428527,0.8868648255680859
1120,1.037234814196309,0.7283206103079051,0.5341554736393246,1.2882105681861427,0.7741127609072718,2.126243923234642,0.04123147034302585,0.14670055062727755,1.4397911260760359
1121,0.05793716252906714,1.4063981924972264,0.5696513355706628,0.32214062223370854,0.43276646115842604,2.7237078359152544,0.19973013435436604,0.057725777488612136,1.287378365290257
1122,0.8643572491448399,0.25784802865387824,0.03864935922634888,0.5298383107126978,0.61330568450261,1.304359583150788,0.09703968624425299,0.05935852889717407,1.1972711906231115
1123,0.2101753413816057,0.4967269180838597,0.4077425106622824,1.6626953027573736,0.47835679552443006,4.101258607903426,0.13408509530424537,0.08405818268546886,1.0268934110072332
1124,0.9990792552329526,0.05738296416780203,0.9002345326560761,0.2588566731788394,0.7730952522968929,2.0992969355922266,0.0812240125785944,0.10267076813831469,0.16388924470502042
1125,1.3799318235928277,0.5352365535197084,0.8569468579028959,0.19978751134636652,0.5374670790267746,2.6782816423766396,0.2295295314952121,0.11251134333970193,1.0870080239008848
1126,0.2036632889549319,0.5694064574264996,0.06194273892964436,0.9472352973909235,0.5776581567061156,4.169801289695363,0.11763253974224543,0.11809664223053079,2.351901803215565
1127,0.6950570525753312,0.22629340492134903,0.18731424607366493,0.31732462842248355,0.2990519954767451,2.988077855463793,0.0753077417677759,0.07884280949094495,0.4622989169115614
1128,0.6829265452102482,0.41724565044579953,0.28391331921113816,1.3202508800874826,0.5200051664984823,1.7646333157937897,0.02449166089541302,0.029202579770125275,2.2802494608450106
1129,1.1507837973009951,0.44272912881350895,0.04761810754228746,0.37990851505872125,0.6215594553232505,1.2707149829828404,0.2612913428638333,0.1388888132254974,1.8933147558773258
1130,1.1473570303890963,0.8224358836815608,0.004158537572508225,0.949423782678358,0.5297537624556501,2.0197409512826505,0.20458835487945032,0.09114573875994952,0.6305963108934908
1131,0.11404569266560485,0.0037032146487331885,0.44126504286550505,0.9107993308766191,0.3606381790777873,1.9758847184627923,0.07347005722722585,0.06353527257195314,0.49182085519648977
1132,0.3268695487750872,0.12271515925326862,0.432712251298373,2.438068097577554,0.4327259962159209,3.7711497448119555,0.08520647927811968,0.1422668534294228,0.520771937697357
1133,1.4157655072194721,0.31694244874382904,0.4237917456618241,0.6762539723500014,0.6547565272749902,2.0981819530279395,0.1451187679717035,0.05710900327737983,2.056437093138944
1134,0.7031090330321141,0.2905907181672085,0.03312656989160867,2.0526206799852376,0.5549680590033003,0.8425301000332355,0.18741684219417157,0.10402268597669707,1.3987327410195616
1135,0.14556693384583116,1.3440628267854733,0.034722320824927655,0.03661564070277867,0.6830210745877332,3.124291569653888,0.16954591036291905,0.06820100313868517,1.8394684867136102
1136,0.4307646572055501,0.34847383673945104,0.17284229318833527,1.6055771036814828,0.42120893232217244,1.0762439229999594,0.13451178758292548,0.08183396178098505,1.5117780555560005
1137,0.26961924117851205,0.608254013571721,0.35208286909563563,1.1341600490154407,0.1290221491390912,0.9380139571902445,0.0629218590835906,0.15357174457621428,1.0546350511726956
1138,1.1860963647742253,0.6836865885970376,0.22869419755568654,0.2711749872326632,0.3369054360524528,1.0723953482139992,0.1842362088324469,0.10128874027096903,1.1263777717367032
1139,0.46538802450105543,0.30630358560901283,0.30456461594261586,1.4079216547661155,0.6013863134786186,2.3766958110663428,0.020727721512842606,0.07139943779439696,1.1556872719528108
1140,0.1410238432901959,0.049442038240658515,0.2581848210644972,1.086299286523456,0.673691890730412,1.9176216218006454,0.04448514711082473,0.09857533794962878,2.173975714149429
1141,0.47237427996080117,0.7141518623270815,0.16118052135254118,2.6384687060267016,0.28011500876422213,1.9369274241690284,0.314034910178967,0.1522104116798778,0.33909825558838713
1142,0.39496801038796714,0.6142148894360714,0.23336165017692614,2.4695011418848467,0.5290791822829802,1.1247543650653964,0.030450294061242583,0.12566080739402521,0.6637878076462148
1143,0.21611240698899675,0.39133937002227304,0.3472326470278129,0.9435019533254435,0.6315874011207177,0.3385407481616154,0.09153027580343831,0.10894503624479861,1.246310758132496
1144,0.38677556881211034,0.56547706867309,0.7022790552043141,0.5204394779928041,0.8149839275305653,3.336405501317423,0.1823596711670244,0.030738125402757985,1.4444040011047277
1145,0.9400545704569583,1.244928607873037,0.1187668499085194,2.1505213113146886,0.4860615294437733,2.51736235473105,0.07246985155400393,0.08854731380036111,0.6899489920942462
1146,1.3286003717560513,0.6238792729294301,0.3670458234071873,1.3220207780927888,0.7166875022583616,2.1718144821946845,0.07138410696373525,0.07422890265991469,0.7016644565730398
1147,0.11241803730050037,0.18749041248807355,0.4022046855136983,1.0039050865887458,0.31149053845145064,0.5166166909227718,0.02655567344446763,0.06202932232538412,0.6489888054495154
1148,0.6240221896230738,0.348138982910836,0.5286400290850873,0.8427474608092648,0.2669024218438159,2.498466458402006,0.18353619803041676,0.10022140334522933,0.287568747023065
1149,0.5391798048019953,0.07006267152383117,0.4106180002803227,0.289170994580493,0.5077584618848064,3.6309636718721086,0.01141736252022646,0.130388274996287,0.4933119415140553
1150,0.22980471944211905,0.149415923402178,0.3703709015692522,1.4953624739215639,0.5756188228548393,4.105938801477843,0.16435614087422531,0.06597729052005147,1.6350999029297417
1151,0.030452111232108503,0.456376263760406,0.5146977711325333,1.820315662234445,0.3362255294155167,2.24351311918598,0.037443733433926776,0.1282242774288533,2.2105147804096683
1152,0.8311479299552711,0.5652447663424937,0.021964106353107582,0.11460028558948021,0.6564444667130964,2.3518811345460757,0.04192326994741814,0.09681736003311371,1.6088186653849865
1153,0.20586284051332276,0.045051541196805156,0.13238070560990925,1.0191185050485208,0.38865920215656746,2.653539794297429,0.019415177448633275,0.10343187218907421,0.5555559488715271
1154,0.748207028835292,0.1879181201682084,0.17703161915684906,1.978370134779103,0.9065046820251297,2.2174877104424553,0.142913306559586,0.017091961995773855,1.8474874750571835
1155,0.9404539648422112,0.9117422299410598,0.23942636241721177,1.161064563097261,0.19762914852443042,2.4648626951736503,0.17181627236479968,0.08806302995451842,1.5269204231786406
1156,0.5250151884468385,1.3391032395326135,0.4626560878887582,0.898901638194821,0.43074880524473835,2.2390783374003354,0.07695451061594483,0.09234573838236886,1.6407063059487617
1157,1.0725761706987897,0.41254180376727645,0.5625086014296516,0.09476396977779089,0.36662833677694784,0.273501389339013,0.17120680121937476,0.056865777877274606,1.7157816051107615
1158,0.7529094084365311,1.0069868217490492,0.028836695364517217,0.888104554918902,0.7827192248546497,0.5364984577454668,0.19084485729751333,0.08298602370635391,0.4857504780523933
1159,1.2459398761995495,0.5112702282175595,0.7016981477113151,1.2331983606001686,0.6057033417145101,3.3626238644969475,0.1737870135949101,0.0742799734898342,1.642265618820473
1160,0.12583189393241728,0.09034467329994117,0.420946251753361,1.2548039617062938,0.3890331874646399,1.8334737902855571,0.06023194972710923,0.1055699656291721,0.47703645107489806
1161,0.5406435876167675,0.45278999456049246,0.5753764974354453,0.20067688483002877,0.46667604141450664,0.774477357946555,0.19692552064330945,0.13224140080923502,0.9954525763986206
1162,1.1847838499526913,0.1337943735339742,0.19139215784994942,0.9473415427103489,0.38678707367327736,1.015824726803456,0.15098940393219354,0.11724356997616131,0.8644013516497933
1163,0.156054308475781,1.0992663404110385,0.4572056335251481,0.708054179781999,0.6344346076639856,1.9888334923789763,0.0601167679620209,0.10237720024376275,0.022280271556669007
1164,0.0549536797567437,0.3406225755910819,1.1723916955694929,1.5939032576142194,0.47283473334399273,0.8270312112243147,0.15714965765031647,0.06827023730146431,1.1571389773939516
1165,0.29987365526070964,0.07145587145900811,0.20535609977454275,0.6651297211688036,1.1761525951445861,0.24648280081029816,0.08144783146122805,0.08987718257477495,0.6355017100879845
1166,0.48987091487319134,1.5404645849942775,0.3438129497119829,0.7281792534607165,1.0014236869284334,1.0547739836444716,0.10974368585963737,0.053212254155587814,2.496911707746146
1167,0.7166775185830179,0.3615227455771912,0.29662572116326724,1.495252461573197,0.614196846983586,2.8023622407948245,0.19812115361546878,0.11588338663427433,1.128813900339491
1168,1.3218221670752242,0.09907952412935198,0.2814866416571044,0.5185066863175171,0.14049604578712233,0.7771264176837175,0.047454430525414676,0.09619106248799264,1.2267878719861214
1169,0.5861749422587976,0.11937510250603,0.13107154198506246,1.374891585063429,0.5155952471430446,3.6325553977070477,0.0441240056583395,0.102921944562833,1.3831485805381085
1170,1.6350742377276108,0.31610892265243656,0.5063875040410559,1.7509869169428123,0.2938347328505898,1.364456322788514,0.14706968043981736,0.078342653791148,0.32142802980409346
1171,0.11579960046263565,0.32334192061789974,0.5179958695780233,0.02547779639689851,0.6286716494656105,2.529340113203852,0.2874701949153248,0.09505771970313864,0.7376000444333998
1172,0.06858806416125982,0.2983280458562669,0.5382263483673657,1.3371304133643127,0.3093513623841563,1.6687477046009056,0.0918265716585197,0.09087788075884427,0.11690043309510945
1173,0.005155671382521876,0.005692495241846118,0.02123794452326394,0.11282540572101729,0.4439302009794407,1.3858166497651807,0.08549837172007942,0.06723480571543394,0.5861638788893597
1174,1.0682487461947714,0.09817921882810013,0.08023051218468408,1.4822935741781156,0.19940768025681405,1.8259135572066572,0.09954322939215206,0.10281869191754726,0.812392236023452
1175,0.7831640652084135,0.5725382405379913,0.6442803750725346,0.9674938667362689,0.5583117765029324,2.220419883950177,0.057398478893058665,0.11284846658514823,1.3521669329475101
1176,0.771391681727581,0.14054109273178228,0.5379348947944103,2.4109134396487177,0.4960783259490941,0.5043305653893357,0.08407776964196237,0.08400470707833385,1.2747009706070709
1177,0.25921694636842224,0.5736309075634705,0.004364989127770003,1.2224599894458588,0.44181667363077576,1.7103600499589595,0.05826305676196193,0.08341281527600483,0.7175950381692521
1178,0.49809875330686404,0.2191389799901892,0.42130569451528943,0.13321986872349945,0.5155356661430393,3.254090317020486,0.15368243088988726,0.08401503275689758,0.8374192487151018
1179,0.3609511309900405,1.4492461207773206,0.2445948566369074,0.8217343734123774,0.7716340226354241,0.07856674673213138,0.20949820779103984,0.07063984495907855,0.5440186912673876
1180,0.5727168615524164,1.5202699546849845,0.14895885107552143,2.1857924978539023,0.6604797520668823,2.3897537178540382,0.2537467107913823,0.09896416569900016,1.242409556857822
1181,0.1182297279080308,1.0481573774923647,0.2696626708815441,1.4505832481429737,0.5068941409849983,0.9221100096581935,0.05975417799559531,0.0539949327163865,0.6502506966412284
1182,0.9775425901290757,0.9498598190404539,0.024600002440580193,0.687545639898425,0.6990201305975184,0.2036394659619878,0.15581531221952344,0.059736183246297286,1.2741304938477678
1183,0.5828384222601273,0.22689364030112924,0.3613833788172409,0.6975313974148658,0.1590745706715237,0.001211785543609345,0.12890325298936053,0.07218646983479199,2.7547811384886742
1184,0.9220817607767082,0.08636120497602245,0.984839953562685,1.6658419546051573,0.7499318661821669,0.7952969480135552,0.09874164088147959,0.08999493485191165,0.5262267703678978
1185,0.16011019987281427,0.30421532040908106,0.07786859110333288,0.912640774309901,0.4512877981007428,2.1508238856762136,0.2901264503758649,0.08494758258193266,1.0331911768838273
1186,0.6149728775889014,0.30470685683084997,0.11646136494108497,0.8932639727316237,0.9584650461497435,2.7003943701682216,0.08463590242313726,0.07580696821658234,0.3457883993577978
1187,0.7695904448575304,0.6057870045205183,0.2615410909319805,1.2165016794576902,0.4937520143332601,1.1808285058629997,0.23428459424799492,0.07848693446597738,0.10405726696907969
1188,0.21208463761727603,0.9918695518581024,0.16284571873656956,1.5086039721683655,0.47139659042896725,1.1034240328197775,0.10832332323161802,0.11630182033634519,1.6666334807870105
1189,0.3783983689453077,0.4026853842191,0.5029828253127929,1.3253789527213853,0.48035782844164804,1.4165595560634723,0.16897041955065234,0.025839909554547222,0.1489264167461758
1190,0.2804429442239129,0.049575669519911436,0.7503772359088847,1.1961046107755353,0.5861522620663304,0.8398429679901623,0.177645972690441,0.09283199048977961,0.3790670585745436
1191,0.2708991038799722,0.6791239144550166,0.2608825423002075,1.0169295495479649,0.5262905938734717,1.708487164144936,0.15590523270334886,0.10173219669521238,0.38748428580247835
1192,0.19709976977121632,1.020422054036322,0.9135854668596628,0.8301450429196633,0.5167460621971143,2.719106286284206,0.18886980069126352,0.07291434729448866,1.556225630357297
1193,0.27393576958594384,0.34191020464161104,0.3756613904024366,0.5133354614054032,0.4268339425751987,1.6909474755289877,0.035840057230966865,0.08018588824912273,1.793039207720422
1194,0.6850341785454952,0.5993188076147788,0.0936228225245212,1.0631308735902991,0.5487269475284238,1.6824122002889823,0.06482980791971962,0.10573974876852506,1.8762912812740549
1195,0.21319056942569073,0.34370116282736346,0.517166653087408,1.6610346931150621,0.6128163109589483,2.6560202224612457,0.10616944959248985,0.043756625981906196,1.83747744769888
1196,0.8237758290699542,0.5051478287488804,0.23698933729685007,0.04159623341155949,0.5695536756946815,2.570078213014715,0.0832880780935778,0.09724292967480035,1.6055016023400794
1197,0.04170370337296936,0.06901720734498262,0.7255689735959086,0.5538703544099551,0.15405235622987895,3.4598025293914123,0.07933132003438133,0.05891137691271978,0.7510982271193304
1198,0.6481607614529867,0.6519997696101337,0.5018891171359141,0.8139165061924224,0.36767927136055223,1.956259419987717,0.2199049518978245,0.05281204175192758,0.8534577153502793
1199,1.4680108740677995,0.7296595412360323,0.3337961929300152,1.0676541054759718,0.6646916825767397,2.588191729057539,0.28864968935113555,0.15639381643086353,0.9291860012113505
1200,0.01506519805504375,0.15634822385181826,0.5572031076689871,0.21306449538193972,0.3500621194104153,1.1961035565194535,0.20038217330921804,0.08106588533509662,0.4718005588787106
1201,0.2572007877046219,0.42020091802620446,0.5185588601273795,0.9257957328572571,0.9201335451374921,2.7612175843926847,0.03839519931439879,0.13088433529875212,1.7934925184287225
1202,0.6978244736335965,0.14491346591788565,0.2664003271748448,1.3530271690537423,0.2673090088628167,2.160950446695251,0.3562674552573361,0.08306775321118509,1.231062502982939
1203,1.1199569627281052,0.24185934224591032,0.4261946436828001,1.6205422905519438,0.27629770033912504,0.2102614595065011,0.2453366964649803,0.06948861987184632,0.5350065723358497
1204,1.0903080337864697,0.17216343676528034,0.9346257181969343,1.3044997523381556,0.13374399969478412,2.056005757649847,0.09602970647181526,0.13432970115220005,1.162434680399822
1205,0.490263184741453,0.19412315548822606,1.0430374941637943,1.5328707701984974,0.6148466945181318,2.6545971231744065,0.037147534103323956,0.10396154582833671,0.35267357017555356
1206,0.3787808500400351,0.32327780512399934,0.559882537844028,0.23639806719096812,0.5970708060093284,2.2910412024512468,0.00931189731459868,0.13323705918507145,1.8765489156902653
1207,0.27653269596617636,0.3157158986856825,0.20836462645081988,0.45602491661149913,0.5593200676135532,1.631055068467298,0.11148571382714188,0.15652273593243937,0.6808073090929614
1208,0.16949595085097408,0.1216316440747956,0.8301441644442555,0.668822376464425,0.39913357117243536,1.7925980227215093,0.30495390146765594,0.07987328976382153,0.8605052657561597
1209,0.9511801918796003,1.2396489348104653,0.6322922228057537,0.9848115287329197,0.658519423229936,1.3066514694340192,0.19311876808578077,0.10085212901549612,1.006545539045217
1210,0.9612683999478027,0.7809112361129673,0.6158341676153123,0.4111046279348337,0.5834168959320253,2.145498520116244,0.22562128268675236,0.08725532690735044,1.5481942515196514
1211,0.9522623210107186,0.34482233101290544,0.5141585532074193,1.047437765634882,0.2930516056871463,0.3329464604774397,0.09894596734465061,0.11337973320469746,0.9328035248799103
1212,0.6574034040410628,0.24624451442849252,0.44089690659183767,0.7592092144336581,0.3578185200722555,0.8724194080565421,0.14581123555376438,0.12238341564060182,2.104790307645036
1213,0.8176017797411474,0.41824433575869885,0.9412263164974976,0.6806290100246669,0.7960661322375469,2.305559905496206,0.24406749625574437,0.14661981480704334,0.8362872692875737
1214,0.0764979306897541,0.6809519501211752,0.3872473528568558,1.862415716175278,0.42753423807681484,0.8476485959383586,0.11852286175884227,0.12397845758709725,1.2224123057464658
1215,0.3059395121219635,0.3905292712198135,0.7203528855802457,0.5327001750965292,0.6541967026939902,1.3148359662831182,0.12734401734883521,0.1523378501833963,1.2977612636961546
1216,0.26378806310782243,1.0053294292932766,0.22210553030718894,0.40145867903570776,0.4198066085341714,2.20363102990835,0.28324540169479345,0.08335414922774553,0.23238306203931924
1217,0.7832749521213171,0.6298806739950746,0.6037327071525358,2.1565369993392403,0.4280916689561285,4.106654008247579,0.027300369750642428,0.055506737711124715,1.2502852431756066
1218,0.6858710819641718,1.3641178140409773,0.49395457284114397,1.0555730353778383,0.5145449724896055,1.4078421655583668,0.13918023596061632,0.033886517317466974,0.31947794192157075
1219,0.07854297114329542,0.11598507873132216,0.3612986946652943,0.3209475051426772,0.1990036176586789,1.6999825348216073,0.19745037598677334,0.08878051605545915,2.18531605457113
1220,0.3995834848751318,0.53802561511834,0.927701772767307,0.9661481650413607,0.7941417623818134,2.700444452132115,0.13516468490024286,0.0659368234878479,0.9591942806233655
1221,0.6237622008475159,0.723129858919374,0.4698213432449747,1.1542207682680996,0.5568655645681029,2.1801391235439445,0.028153247825595334,0.08115416894185673,0.0303715419089432
1222,0.021007996217221547,0.6560183373623218,0.5190609662176771,0.39068868791347633,0.4816872287913631,1.9955251826228126,0.24219100448844572,0.12111154930845372,0.6965454412914265
1223,1.2177252281401745,0.1559989924799627,0.0885162401535077,1.8455143484660645,0.47391600495811403,0.9501777253445002,0.04585274106496399,0.0812862881801903,0.5423692736901056
1224,0.12374370758580555,0.8840552675107147,0.5653044459870807,0.3693810397810664,0.2720001045174713,3.4313219405166535,0.09506943308127119,0.05692078327580281,0.9874110128774065
1225,0.18544593787771818,0.38683796394960657,0.18873820947985248,1.0461466460506743,1.101524564769534,1.9118060543135094,0.12682962383290283,0.045556700266334675,2.785795962284343
1226,0.38540132581876135,0.04934005405488112,0.2177248579806389,2.258339815957042,0.4087376048525168,2.3634079818062634,0.04199444587586905,0.0996859155037336,0.11970966366919189
1227,1.483253163740864,1.6719653930802603,0.035525050262453006,0.40970727488781644,0.25508931229562254,2.141469991135067,0.1605958020785326,0.10409864673696577,0.25482376053957245
1228,1.1093675042717863,0.8642122796170377,0.19733461937929644,1.588772782258889,0.6928701563258871,0.16346694816882756,0.12794852750410324,0.12466464299316318,1.396388992262739
1229,0.06668634368091783,0.30958432248691126,0.6926124585887197,1.8445268824420893,0.6310071333728615,2.822305804330666,0.10425130687453422,0.09867152530338472,1.3387885634971932
1230,0.42548729671355645,1.012970467236141,0.6861262254397201,0.6933326507164841,0.09467875326195363,3.745482606552593,0.20489907924874673,0.10144461478458484,0.6510179439001103
1231,0.6454697362494284,0.3781430372837935,0.5966915499714828,2.2312131543885823,0.7745802334724191,1.4316504715347569,0.17957320845893826,0.07132257271290356,1.926168430744387
1232,1.9416701216292425,0.38215948207335004,0.19295592763824213,1.342428627419904,0.8013114863721271,0.8844550128579834,0.026178945888306257,0.09487032614502933,0.4392122895815587
1233,0.1758447049225832,0.7527252372414017,0.7631238190146092,1.5406656918397919,0.6421229654834061,1.3765246920977716,0.16755009669283255,0.10316022712275509,0.8866784527197696
1234,0.246633986400479,0.07033000041983267,0.8827915914690339,0.2584327629634259,0.2813190540537057,0.9583428973040724,0.024969112818479716,0.10577086255740754,0.43683124402528467
1235,0.9275021058371005,0.617588203122151,0.20896415736474175,0.8425427898848061,0.4869451191069069,1.2805251938661342,0.10194955136067842,0.14799687643638015,0.4549878317021368
1236,0.16988640579441855,0.5525130068608535,0.4082769521922979,1.0092110138090078,0.1336994381522838,1.3887001409993789,0.11390955154089472,0.0660699459034541,0.8222900888615152
1237,0.6040958248846093,0.36749343327544903,0.20246755070885994,0.5275973285321016,0.7082373370950898,0.31873243926933337,0.23612823632981783,0.07529054083372554,0.44489544118027496
1238,0.11363985449686273,0.9639312619680052,0.1131831165209686,0.9670547344751944,0.31684691445589486,0.42838066019804466,0.03615487399743339,0.06200720150139201,0.390127027529655
1239,0.7378679601917666,0.22775003054260878,0.07644921500572294,0.5475460315426941,0.47633396097701297,2.326534262977899,0.09135574509514145,0.06377461785730978,1.50200829163475
1240,0.033758317763665335,0.871387205492304,0.5047171206729735,2.1948840170287336,0.6149155866552705,1.1742210548854013,0.014672741627908575,0.13989705957280033,1.0582512288884416
1241,0.1942856700514139,1.2930910607418449,0.32935493991461584,1.5962381616260628,0.3409717427639972,0.8278049505390235,0.11917339308490313,0.09154902845882916,0.5645522962208724
1242,0.8000171897205115,0.17663178691978115,0.6311671155828203,0.9028733040513427,0.22517652508939406,2.0214938377571228,0.2637650701354006,0.07426872142498427,0.7629371574473485
1243,0.32999836489023554,0.6281612437659002,0.1571487705444858,2.331530524821081,0.5289812150498562,1.0034980595798233,0.05598960435817935,0.060625552613032326,0.867022751888711
1244,0.016332977827564266,0.3643283052284831,0.4591349345145277,0.7343392242506932,0.4555784895852838,1.9412327645558218,0.01892693788125821,0.044934819534721934,1.5623998737394689
1245,0.09713865503122474,0.7308890911896373,0.3141843173973945,0.8635078233467642,0.5269706565519772,0.34347721226444117,0.18576512993660937,0.149319855548457,1.2441592325249933
1246,0.6032530157218587,0.6714721009843687,0.2974181086197504,1.1787910386703433,0.3470431469951548,1.5503386996985373,0.1696278044104868,0.06564158838515428,0.23047611741437202
1247,0.2479617603050432,0.8693567500692505,0.4414678485678531,2.5406209656846626,0.6867441130047343,1.503597071098259,0.17946164053087788,0.16458187414732228,1.4832325761440561
1248,0.37660712492998,0.7395903910199559,0.33166145903809413,1.4070763377468956,0.6694951118074663,2.044636555047415,0.09360261749812446,0.0750506913222807,0.9727043386209551
1249,0.2830333287131552,0.4660963811670978,0.3042744531289643,2.2512151537748797,0.7381906739890394,1.4785753675282653,0.130636459418872,0.05293144389500914,1.6723067297267138
1250,0.38725147480326094,0.7827581525203005,0.41085983172055746,0.45347229215510654,0.5854392912146295,1.6710564005740545,0.09394611282077375,0.03496129535070897,0.27940544846064064
1251,0.9788098447092466,0.26110468428176037,0.4059733490549515,0.6625784844125602,0.46653667833349083,1.460040918321998,0.17566050974412414,0.12119487037247537,1.1515716941046763
1252,0.9279517407507762,0.9769305283703607,0.7634741786547312,1.6079818873679446,0.3114923909875131,2.796019147265853,0.05177772623736756,0.10817739430866266,0.6190399311836219
1253,0.8873320536735292,0.9639193820595375,0.0015770300330069098,2.264213533592913,0.7329703016167814,1.677849047620395,0.15593314374161812,0.08292550941629226,0.8534439320167237
1254,1.2667100489917396,0.10197288292560538,0.1883809912245005,1.2746731844663222,0.4656533926576659,1.6919779005071849,0.1239282051731603,0.11712630034920687,0.062019443821842435
1255,1.059099916553619,0.36540952548209327,0.49651720797321486,0.7513381777667769,0.12413458985869652,1.5471760320031605,0.15913461179776406,0.1372972635298568,3.211457853175726
1256,0.14336179008794242,0.33439411638508515,0.223600212688031,0.5488266849218131,0.48752575500177064,0.9310305986841128,0.12269899837252696,0.16418328194115112,1.5336964401516975
1257,0.6082014643640888,0.4267114222618775,0.39088377938761404,0.7702340609916934,0.6242891547425904,1.3432223864341062,0.15481940634106323,0.08750565546579052,1.0696901393351737
1258,0.6008472166356884,0.9311754247440911,0.2596973231649031,0.1550601209592617,0.6862427280584761,0.8970699911063413,0.18200851939442003,0.08724860835164024,0.7848929357754845
1259,0.6295224623757427,0.5289403796420955,0.6271905772707551,0.5487935320219619,0.12316896847156455,0.9024983846446238,0.12375493862387406,0.11807586470263023,0.20847867762226202
1260,0.49670554656630594,0.7277920964931512,0.2819969284262792,0.2537078667604675,0.5529977691879486,2.0957345918757877,0.07478164259144775,0.06999167667523891,0.10119149451157672
1261,0.6094183331800676,0.4387777035109901,0.7622286391513403,1.2029478184383913,0.4465781567283998,1.4094667727224306,0.09608137535493923,0.12234305878028624,0.5873400659287976
1262,0.19374087194257267,0.2579867657904669,0.30939366748469016,0.12730440759237627,0.43879258107337116,2.675712759857268,0.18528223989504533,0.06896162940723971,1.0011974416938014
1263,0.3438675463196888,0.7594666126468503,0.6920534363295523,0.8668279388767379,0.8270832567258375,1.3526477372532875,0.06032599665476218,0.06631591427844821,0.33920214871417775
1264,1.4165032829526871,0.8081773786630067,0.003467887942140535,0.34104442412820113,0.3279936603346628,1.0107141782479814,0.15911427721033183,0.08781878146854813,0.06016090846726618
1265,1.2474542764646805,0.8029304476735859,0.6541667910037007,0.09892559258511191,0.034642737335033424,1.2488686282923454,0.1515697143002549,0.04528826196675676,1.0227811577177837
1266,0.9050901383190024,0.7800960952794614,0.24342737856392688,1.5644304636487223,0.2546337194616491,4.539572823777317,0.20388383147053996,0.026171024889707475,2.242346722966701
1267,0.2645575189045239,0.02933232268866015,0.6447487170448232,1.10870468539292,0.4321782401491697,1.499242856069171,0.03918186014880434,0.12702656452780997,0.73330260071593
1268,0.38966670172972884,0.3160250311481032,0.10865362974772744,0.1686073982379097,0.19241718686775755,2.121377509863843,0.13301301988926822,0.043325691655646384,0.20059190803911853
1269,0.6507508745636605,0.6923787231672692,0.0342250973000115,0.7221534874140059,0.5626221581663862,0.3974321773991947,0.3674553745981401,0.09415992450779853,1.139186214166497
1270,0.988979652144572,0.25434344663516684,0.6177021361388654,1.405286684130367,0.7024632571953044,2.2825271245272516,0.09312248710414046,0.13108030742254084,0.22247810440205573
1271,0.5044938214652507,0.3698761573892388,0.4536908684912353,1.469827701747695,0.3275266630085911,0.4482259580820225,0.022457256983558785,0.13350992803877856,0.8417618485411825
1272,0.606759420969461,0.37958802962446364,0.3005733546048606,1.5967420188536035,0.20098079431481625,3.165094279500156,0.07970659821491344,0.1165541158495722,0.7814662416430089
1273,0.9565709144403987,1.1340034449583534,0.12604422137375135,1.4980072105852713,0.2698791935256963,0.7223473107449873,0.19257451337019815,0.1597691282633501,0.1477432689860405
1274,0.5716401688688217,0.699510437630235,0.26678302490504663,0.5695617222802045,0.5378197888794748,1.7991350586504458,0.07338783283163328,0.12691723029889715,1.1296556127626491
1275,0.8870983308806277,0.43658084760332294,0.36988849439327687,0.6566773306248028,0.44745568699407595,1.029423530982253,0.009163845220062264,0.06724725311714819,1.9048301732457753
1276,0.2399342679863449,0.8765589276074159,0.32982963371431856,0.07308822465900544,0.35110949021272897,0.6672001608246592,0.017997708231501597,0.11611265837802434,0.6708856178736212
1277,1.3282288887844307,0.6528798336327248,0.21518262552091333,1.5316326068747752,0.9967270150790168,1.2244544686239105,0.09487539858729296,0.09508808903741203,0.14505811135661462
1278,0.948918234005685,0.4676173633691291,0.7088711249494566,2.0670760184253525,0.2584644614802616,1.8686214081979147,0.09356799942195572,0.15086816881015605,0.7775091749803204
1279,0.14137209176014706,0.6674164340905215,0.2972759196651704,0.4591107824277767,0.6722901650955314,0.7688198826265388,0.12623772499432523,0.08277788842377325,0.6303710819301256
1280,0.6261158900500462,0.646443246778645,0.31155438897303844,0.5829190464803499,0.4329630533754748,1.1233425220368456,0.3399395894397111,0.12868312106606825,0.49375401651965184
1281,0.11454418783944684,0.3509968717573689,0.4205986883386108,1.8072607309191646,0.45021280811372455,3.529273519242863,0.049928075034708294,0.07888164618373762,0.3588673459748122
1282,0.22011426375824972,0.6421645476795266,0.5681718018557966,1.2403601830385487,0.2762119150325852,1.1085034369606883,0.13298084176848368,0.05232731943421798,0.6197493699709589
1283,0.13648362441977754,0.3255557920594818,0.40019261214031543,0.7024802695520256,0.1183397815401826,1.0952032285909594,0.3431913900505996,0.07982651357321754,1.1820966060708138
1284,0.33368468193531126,0.41302193508804874,0.29539584044933515,2.6629793317203716,0.7452893451719927,1.0681281388868984,0.22926895772182349,0.11510511925964162,0.6544628937318009
1285,1.6529776097308408,0.486396783643517,1.0584547869755778,0.38456414048400034,0.6621121817451181,1.9932491048796388,0.11408230542452326,0.15467347195519782,0.01822147139948338
1286,0.3713318239695276,0.8473979700844063,0.2727724533634851,0.16679016431543092,0.9138297956007952,1.1478798171011428,0.20651350860959355,0.15204142775812146,0.10302253850249499
1287,0.5543034649614895,0.49737977861540006,0.5454214376725828,1.016577359227156,0.03988601014499038,3.3500888563509674,0.15051681488440488,0.10763497186613583,1.2814259056311141
1288,0.6265139935919831,0.34866348902201977,0.5079793372980493,1.3064154146907965,0.5350100768514369,1.1227096049039966,0.3273848366061307,0.005814906718977372,1.439249558548001
1289,1.0139679340489194,0.7667065883606023,0.7433568031623135,0.7396685771204847,0.3433457257122391,1.1335133558031911,0.10891996234887413,0.12255690341342063,1.5010897353811143
1290,0.1328915399854389,0.09060245117562488,0.5098647733211622,0.5582857691947074,0.443089458645706,0.044245361449616105,0.11987757908586026,0.17725544989521527,0.3356860446319886
1291,1.4017159395051995,0.2961151889137426,0.6963231910528178,0.7969779355407598,0.7983862000788033,1.8060040764338867,0.14311208562709243,0.08807054430855189,0.8009062017652846
1292,0.17612795450958063,0.9703377257366832,0.006858440506246122,0.8548045317400985,0.38579472968976897,1.7722078637893894,0.1607523560874588,0.057196318287471716,1.8317863591580963
1293,0.2351980062885793,0.38029708288265723,0.4570265425074295,1.221722565160267,0.3550920376257636,2.281193012357231,0.12924524960026454,0.12579639408409804,1.2956420870551852
1294,0.1573660563746752,0.09696000713464964,0.5754953495453596,2.397034096965547,0.6229383034508581,3.0283326846705014,0.06722065598799981,0.08415703378312081,1.0226948983935906
1295,0.7821541705156076,0.24637851957588436,0.2930428948513092,0.8484337573985892,0.5112807748967789,2.0390673923460927,0.14155483423008275,0.06774377145596938,2.298992311542741
1296,0.3721082710388033,0.1877021534774428,0.47027168344038556,1.6147617728092851,0.6208686123834883,1.8171103939019373,0.32528430734260644,0.14974768774256866,1.3534666893872602
1297,0.0314303554588414,0.7873635981553413,0.48652685514279354,1.654502259260159,0.7464563493211016,0.396564741740665,0.0005635346849794387,0.0742515826124982,1.363738259719363
1298,0.29923603209902216,0.3400737808459626,0.4114589467724989,2.3413666738167476,0.7051115132917228,1.8551994920309,0.05191989558121134,0.08823782126069954,1.5086346525268377
1299,0.9583065732582559,1.3163400419286362,0.27362274875892606,1.2906306640671563,0.1756542275541133,0.85697087353195,0.23987391840570632,0.06558290999737673,1.0483523167070499
1300,0.9746130181275634,0.024291195612373917,0.5361476174370257,1.1535997267215896,0.4483434865646822,1.657452234195286,0.03571817554320761,0.11008374699231155,0.868915171881276
1301,0.5857743646297799,0.594695574667857,0.34837488493026564,1.7292414855918405,0.5510956639318422,3.477192175524662,0.20278417207816907,0.09724563047115312,2.2514939157440925
1302,0.08311134465546235,0.1525151957292427,0.414871722142248,0.8359635566262176,0.41897879081857753,1.5636442730501265,0.248285368536647,0.11602909665651989,1.023806267762239
1303,0.47969987639749667,0.7196031025338492,0.8835031872835613,1.7993562194149009,0.43530640111878777,1.7226990031337652,0.008472652858546856,0.027876374552075228,1.8100087506411886
1304,0.2976060472894014,0.20069009826696071,0.35707091779303285,0.2459092914461506,0.43379597229004996,1.5629363446681117,0.15198478979861801,0.08226803255116197,1.0145552155735105
1305,0.4150273346961474,1.1493545935163705,0.03564176706741051,0.7950889794228927,0.1239668058840459,1.3530926077850483,0.11421211636160088,0.028921180459382273,0.6568623254723895
1306,1.3752419663927555,0.7699936669804465,0.6046348156442672,1.4906257773840297,0.8400391264487501,1.922951261097654,0.2378071896694146,0.08867275694788664,0.6533913385023229
1307,1.2426995746382743,0.6009785401279821,0.2720011932335844,1.5812909804768582,0.31430142433778546,1.7338574037670127,0.18378708507466412,0.16085263802541835,0.9260094393391738
1308,0.034569315991807514,0.6547776801846967,0.6367516591690712,0.7267780737811993,0.6804368961361011,2.401039642494897,0.11078787361745553,0.06295997007217022,1.6964418153535092
1309,0.5974280890837842,0.5023849112686455,0.3717283203117335,2.4079766600157155,0.5662929749472917,0.7590509666294645,0.12443667600804206,0.15310161807643355,0.2915429206360871
1310,2.0379475780381595,0.24368914848187803,0.3372739527295288,0.8265307132786728,0.4612606664536899,3.1356586608335757,0.06307528957354838,0.0881486735808001,0.7782305411433214
1311,0.7012254700975495,1.1329734118018324,0.738138905517644,1.713296312267227,0.26096233226290966,1.4885634895805513,0.15090075608624753,0.05973397671645002,0.2925404319703282
1312,0.7810317815728687,0.1747889294825839,0.21816979378984713,0.2968615621423447,0.5498313207943766,0.23028496173278468,0.2366382543301978,0.08661920390245458,2.2089965285329614
1313,0.5258503064478917,0.35743417759187945,1.0025334113872715,0.9145614533218024,0.40241020974311237,1.4461730389509544,0.14062329803293291,0.08588261159143849,0.6171417900969571
1314,0.32852891779456145,1.0735605913891688,0.06907689771169517,0.49941689312615256,0.24077120510502237,1.1180936899362433,0.18262327713490745,0.029894311937046072,0.4009451447803734
1315,0.7851965319908798,0.4093134484490749,0.6060740993038527,0.4202920029059092,0.5445175946657437,1.0524693743778883,0.15101774634669834,0.10425186471603198,0.1306001410018911
1316,0.6328390860403729,0.7854133658927319,0.40330073620586177,0.4509463834934049,0.4595852451742297,0.8118589419694687,0.0516467788519032,0.09707539293389825,0.11774831814530984
1317,0.0740192471589588,0.1872940657138787,0.0848079233415501,1.8223754623280015,1.0082573397828958,1.6757833664089103,0.26441852097298296,0.08887607343259381,1.2181252050219458
1318,0.4201438810819439,0.7807957167105426,0.4189440648476817,1.1629142853998042,0.4571416296052111,0.5853583538284755,0.044496792624700535,0.16940129122570644,0.6331286524566829
1319,0.10637169952130587,0.23946782083478785,0.21077705628523347,0.2084492779759195,0.4243412413718971,1.4243673643277996,0.01143182849503449,0.06949231927122879,0.8270623408369685
1320,0.23530104778143085,0.4290324384978522,0.6039103905071346,0.1429611242279828,0.3799864614196538,3.062571432212425,0.07295628009079255,0.12253891603932174,0.2574964671897336
1321,0.9431319790072503,0.24588937180422887,0.7244475750434334,0.6027416772009918,0.3336724470160669,0.5919548818251499,0.16495587782955287,0.07901581807500746,0.6148446833127561
1322,0.20080882425560703,0.6990880663439087,0.16726770521838397,0.9589008921958826,0.8902827657685763,2.5243873911167265,0.019417701615519298,0.08656502350579874,0.5992186656695835
1323,0.8243212043074444,0.6635263242743352,0.19159494664434762,1.4752905941669847,0.7065294017620847,0.8442210342228025,0.052109232476866135,0.10707049779559388,0.2101596416865147
1324,0.17201046011105434,0.0699593622461297,0.21643810207191155,1.0203465317123082,0.3378051628788318,4.474037167236559,0.1059632743840692,0.0888686099520018,2.0398815305662223
1325,0.5192247103617293,0.056955614876974536,0.40147635117357083,0.17980884262022778,0.2669172428068769,1.582721106046898,0.06070103420930435,0.13650093605958746,0.5982407962882146
1326,1.7916842956723273,0.3791632295690394,0.7775732540828791,0.45862504258436276,0.6075864495018055,2.7559167274165857,0.025469735638878804,0.12759531538157382,2.180770844274911
1327,0.8736198565027988,0.9254739981295683,0.463213629492568,0.046314320013766896,0.6498772373165468,1.3706720334498796,0.33985669404973284,0.10995690653933572,0.6281015728492453
1328,0.4818047281964573,0.5428737719057366,0.4010907731629747,0.25014049004338534,0.12525795788994004,0.41062332482285857,0.1881412939829904,0.147760309043868,1.8985325658925025
1329,0.11605702078242627,0.1829238122690032,0.4309561052856883,0.9371756528481929,0.8310117635557823,2.095926779368451,0.15987702887966618,0.06661557779312592,0.46816448360620194
1330,0.9700914771644984,0.6373007677520441,0.7882338624976535,1.5892118922586191,0.46885772022063343,0.9830031557057299,0.12632094742201244,0.14777866432076855,1.2812706769860625
1331,1.1476809190900037,0.7394503194812851,1.049322793522958,1.3384454757875959,0.4717298503552594,2.2986482427926793,0.0636127851863499,0.027496115207976915,0.6638638461673361
1332,2.216506010976442,0.6379576385471522,0.525334405626667,1.6769936659964042,0.6383597209460475,1.6863074798625424,0.11360490525725987,0.10609309558764023,0.4760263063591947
1333,0.06794056394229869,0.5872811308837014,0.30064409430729255,1.6015811980737273,0.29472452862146203,2.353132109045033,0.005420716060461864,0.11104072197672474,0.08938664169251742
1334,0.37361919527122484,0.008986597590440348,0.7641292705902987,1.7133904411989778,0.5687542138799807,2.9611812311889083,0.04213767629601803,0.06028104545793377,0.43176352271133256
1335,0.1451709967793698,0.011670402515454814,0.03291472639601045,1.2380012009121313,0.355450006531867,1.3334250231893683,0.18441335320721042,0.049901824032649755,1.6406065227575306
1336,0.0650090090985917,0.05476546016782463,0.45107384429320285,0.889087455990775,0.07766663830068915,1.1873595708703761,0.12612981857245598,0.10702742647713756,0.8746562821962113
1337,0.39368232442127493,0.7814824425431017,0.7098843022786088,0.10773929853817599,0.4701066799772589,1.4022972651569905,0.14243214187790906,0.09297456925970055,0.46575184900119837
1338,0.00388626227105493,0.3594599496620746,0.9714042847330051,0.44132219595190403,0.3790300895607782,2.4220002335317146,0.27702113492507996,0.02354264371308344,0.5070044477785263
1339,0.32643920001565885,0.3211893616227873,0.5002959615442596,0.7315864902758922,0.5505203307938009,1.937599112519893,0.06385066483080351,0.031056067521197578,1.9529842360756728
1340,0.5517758389505251,0.7091397942151025,0.06185872840582435,1.3157720090522602,0.29358384289209455,2.0672884346105915,0.12004283281732607,0.07934731056464649,0.2129866398565391
1341,0.2826171449507852,0.588071568004319,0.14717349531644386,1.3190030599438707,0.10869516851699967,2.1926850335472774,0.10065406178664046,0.0964233739904528,1.058857803819612
1342,1.458391754018897,1.2350333762147907,0.12367180775799977,1.416536086784253,0.6240628318139484,1.3764615970535619,0.14533614154063984,0.11077080092745176,1.128330926093454
1343,1.0709631862664328,1.1950093172532745,0.330852502867025,2.693052264200238,0.3085075274878027,0.9182729570187929,0.15798672148979082,0.1302656471364088,0.9494469674524215
1344,1.8842182168963153,0.45234279306292685,0.46784337984909874,0.4634038924564285,0.6332972752458306,0.58048819086459,0.09443572719142448,0.11840853881323998,0.8981308599906274
1345,0.6330836896797477,0.8523736953749426,0.7947667853120612,1.3885912907266478,0.5702265814206391,2.275766733488389,0.15900659454320765,0.07524719124184773,1.0003742819028425
1346,0.23717469180670847,0.7152931535498608,0.3928471958544585,0.10199073724664376,0.37267192541760763,2.5975785143151726,0.05739153825139967,0.05872023992677637,0.6890294852786936
1347,0.8626392842768378,0.7873215568984466,0.20512702268001945,1.0926721802522794,0.7276133622124747,2.7084009946054035,0.030209752575538984,0.13791946844422695,0.1992332581837959
1348,1.6573203766093818,0.33471933872352655,0.36276820721947023,1.1455458696848728,0.49885923051936343,3.2745078681934823,0.00617464868171845,0.1661563779878742,0.659368453131594
1349,0.3143257173782897,0.8015906592613629,0.58699693686592,1.0099049362651553,0.321117861859452,0.6126452527529709,0.11401243708954632,0.10621897699907114,1.732353600143047
1350,0.4258989251249963,0.11685854631530462,0.4433668952512444,0.5285887126797051,0.44792411464412846,1.8001818616227108,0.07126848619244863,0.0973482799310789,1.5482424745204302
1351,0.3676180903736096,0.2667702109517898,0.7408101244123528,0.32640218064673066,0.521518877432187,2.6229693327795616,0.2115267134056043,0.07833363716331139,0.9186489168926552
1352,1.273673438578682,0.3669398530980591,0.43616262036981424,1.9172040623031397,0.6119365896482817,3.7042755888689554,0.07219266858657464,0.09347207218449384,0.5588641351600148
1353,0.8545195533373522,0.23514081919385763,0.055953216271315886,0.5153360993335767,0.601407958932521,1.2629979511023661,0.22982086030666143,0.054447269006382575,1.1198013230382267
1354,0.4474567981809395,0.36553315199431746,0.25581215902056087,1.2457923653780887,0.7906208431852116,1.8365519413937628,0.11588954168898644,0.06262173169043828,1.035929292150317
1355,0.14247142555270778,1.0507511415491477,0.4302109353001335,1.7739049273056928,0.3279149741495566,1.1725149464858429,0.2854380203363243,0.1107327884323796,1.9363379901668447
1356,0.8431928035977498,0.5695251740089431,0.5827689951791609,1.0545518566251604,0.6498132436204895,3.419641809219589,0.02105077071195932,0.1052156803351208,1.818295646509858
1357,0.502133304391705,0.14709221812289147,0.7579923453863577,1.400199593450621,0.6647411028366161,1.643950722715523,0.09376494025154272,0.08719702073028704,0.1411166360402425
1358,0.6992384299292129,0.3040692118615926,0.47865237783112413,0.6894092125104526,0.7344811481407125,0.3511171000011284,0.18103093734840786,0.11218605684432426,0.0029436222416169278
1359,0.760899186026224,0.11080267310966477,0.6971864413065112,1.0630468768661194,0.8676048237213481,3.44472391581849,0.25619336485095573,0.1232941413177183,0.560806487712689
1360,0.8810001220664985,0.5876547192393996,0.47054165691520694,1.1008901258561856,0.3656167239592689,1.845140380063034,0.24402623185899164,0.04717650442565955,0.6883024013764703
1361,0.3188943797680577,0.7380698011379709,0.234000036184425,1.5431123064700802,0.45502006479559937,1.9768054739737153,0.15257044374072645,0.08005287199849793,0.8381107669694132
1362,0.8309726405590812,0.7198962166589622,0.5442907863101734,2.1167743537849737,0.5164130863955017,1.0543466053141959,0.1402015272084016,0.08130254784329248,0.689316475759823
1363,0.2625352703907876,0.5178002140679008,0.14075949367998425,2.3001531909318063,0.3044355447468546,0.9760633772117828,0.04020156215225573,0.07514310967995268,0.2065045151089585
1364,0.5001033278313771,0.4033208347062515,0.16890337515201784,0.15887420888393533,0.6214792177012911,2.939053415736219,0.09053172737981166,0.10667520513018364,1.1715058002698475
1365,1.0637740374246638,0.12999034790728572,0.06483369776397502,2.440557141813984,0.7316813817603275,1.817523321126851,0.1975536017090705,0.0971712452735152,0.2916372841936504
1366,0.8834726273852276,0.2569567367795757,0.15049215956204814,0.8705954389350413,0.31722033314073655,1.491518632386404,0.11405288987594307,0.06369592232102567,1.0866809687170618
1367,0.07743774664489092,0.6650918483111395,0.15802860384798423,1.826649851334245,0.3937133312035469,2.5006614474159656,0.11545148061897931,0.08095145489089547,0.8142380683729418
1368,0.35332816005642653,1.0056135726559403,0.1788749216265638,1.47396197346217,0.8340950627375509,1.7001508402921273,0.26269660464889305,0.09975238019687536,0.536898448225475
1369,1.3487566331928051,0.13578521449410882,0.06767069630629075,0.5126130444189643,0.46516613365920584,0.7617118852846537,0.10428331695177025,0.09259055084590612,0.6230035235463988
1370,0.26214963833891686,0.1295982315335625,0.050696485287134274,0.4061642742491979,0.2125745808952459,3.2368187257235976,0.19711267550707265,0.07753732295649411,1.278424336755343
1371,0.6347498511856898,0.9425247315294896,0.39173434233266147,1.2837573935533537,0.5625966472469756,2.270419688817938,0.12082306731590607,0.11570138657498784,0.7860011505974379
1372,0.11517383638855666,0.4430034822961179,0.05857848403627958,0.9086230434516992,0.2757544774954118,1.060240207022969,0.09510325302356061,0.05163776837796251,2.2926268071964238
1373,1.2995505062156287,0.5159324700415293,0.06825814280638143,1.3473047600408967,0.9310113925119139,2.7240348244271315,0.06275293027964547,0.0966668362557032,2.200605269135731
1374,0.07007069989344514,0.30753533235298114,0.9292185917765474,0.07415269884340037,0.4632874189845866,1.3891340760688307,0.22327431443545565,0.14392190772032543,1.3756607270135017
1375,0.11087301243516431,1.0867780576816604,0.5135547037180459,1.4703976892874335,1.075845813862958,1.7571452146440572,0.08073612612012324,0.08603848020950601,0.731773532032534
1376,0.4226474354869585,0.32676433988625575,0.35571827324851824,1.0861600804860212,0.3091345239459518,1.8331001753952691,0.17791397344854365,0.15791404791918479,0.4228442054169072
1377,0.6422371232379394,0.4184221544310596,0.35568884104971993,1.0364538910189194,0.6951731157853442,2.68727278716473,0.045378622979740185,0.06679786527265641,0.12917961913022524
1378,0.24650030492846467,0.11712313435658075,0.6681058602657723,1.3999473301399732,0.2792610605082725,1.699918764776155,0.09398334204633521,0.1068246074596411,1.5855016191840972
1379,0.23365864432431246,0.46045614561420567,0.4544505812472963,2.019265406939722,0.367079303916355,0.5849486120285701,0.1669203601167492,0.10518573648255962,1.166167329685067
1380,0.23024770714962944,0.28967457415234094,0.6803101340726444,1.4826810090314868,0.737578693635278,1.1600336951658847,0.11683784347641789,0.04007483107196283,0.26165583355441624
1381,0.6352905983148471,0.2870914201977934,0.21455445270669526,1.2860544729152477,0.5107137294488918,1.5076404046355762,0.043600459032900066,0.07966574208428044,0.9772713986894266
1382,0.3775649146933537,0.4461478475221009,0.13029607899184115,1.0038101904448715,0.7367165506055119,2.1749537250320614,0.06362425590108972,0.06685411886946452,0.7286540031227324
1383,0.7019916106598095,0.4896372688549734,0.6419413936358955,0.7279579407098594,0.6218147605123041,1.2284687559623555,0.0335776773744802,0.0749819448320405,1.164551825726337
1384,0.4894918825124147,0.09309256192819065,0.8693480279450533,1.1373600382754514,0.5211459835572446,2.2794289027908774,0.12241936629878382,0.1178879649276417,1.1101850201249643
1385,0.7097899239122386,0.5355246687178647,0.08404000678040832,1.4753397253878067,0.7758785021421314,2.959922119337622,0.04582126020735227,0.06399607203491595,0.40825986601417197
1386,0.3919815628373388,0.6367028273862114,0.07043595462404273,0.2527020819272833,0.5081374061718814,0.755148712486576,0.20024303577341324,0.08582854259461678,0.6320786288387162
1387,1.3929458287241177,0.28491987221878945,0.524066660442165,1.3458491018632768,0.44880374338509715,1.9334898062340624,0.09614612114250001,0.07721244030025277,1.7214035087016695
1388,0.7948187342010797,0.28612958116971327,0.40590443272845655,0.7429234043119268,0.8421954668893459,1.5017801549586556,0.009817021397454634,0.07543021143672077,2.1044315005087926
1389,1.8563994291565862,0.1986182035846976,0.4403427403535226,1.782235546072687,0.6079398165790236,2.1221181103521625,0.2663954527473963,0.1002249538918125,0.5618317604774321
1390,0.009802112859497503,0.09513624848947816,0.26097062435802887,1.120344932275848,0.012227688731683839,2.7985574315937707,0.01216888797171578,0.1183817716590646,0.09530977561751963
1391,0.8828655812796475,0.17028113778502701,0.40634605785956207,0.7871976016139856,0.4957534900900801,1.3382370983293095,0.12702563856899296,0.15980816158300765,1.145252204314657
1392,1.3230073678155214,0.7438651475501162,0.3186527571210897,0.18596980972264832,0.8095044417870667,3.7117873894780145,0.2126597788801312,0.10516020013107419,0.22091658283183313
1393,0.008126003767076118,0.7998500159670228,0.5777700542490469,1.3746694428975041,0.6294952452320801,2.3804255509922614,0.20982929174416998,0.051516541773887266,1.3560780320967745
1394,0.2990384276443397,0.4373587795310431,0.280689573018546,0.48142473650495954,0.8428029670413284,2.115376819870736,0.2321403206044187,0.08799864915920916,1.7295276378351905
1395,0.583531662144092,0.012705422068297889,0.6380198523535554,1.1135963654189662,0.5041501507575724,1.1041770808874523,0.04064895861117006,0.18463942499589503,0.677115127917343
1396,1.484611906357901,0.026453116265699017,0.6183545433969062,0.7175047391397958,0.641793304392765,1.6891941601202163,0.039351758641557044,0.09893558796166121,0.7583751809095456
1397,0.1118983800988422,0.3340070887073419,0.5658097916259581,0.16198430909849648,0.5819667210870839,2.740295091986355,0.16611441505459806,0.09642604624566138,0.6440394977647774
1398,1.011554745689296,0.3418705567978729,0.27473408665024845,0.975931488597742,0.504339613289256,2.5445076518450818,0.04587266594386547,0.12553779337916235,0.7777752392975898
1399,0.5077914537447528,0.3758484113448223,0.3474393017347661,1.3660187476958534,0.3859824845599938,1.8449285232033403,0.12180473130774536,0.11844615352179885,0.2619058305129003
1400,0.7798476437673119,0.4775164428465233,0.2717006656128096,1.2348730145488718,0.5085491201395553,3.5036090989142763,0.036129383626159084,0.0895941067198486,2.0991180936230087
1401,1.1942662345612491,0.693693719584048,0.26283465820142626,1.5530141212895305,0.6362482342779127,0.654172573511715,0.23969676596825046,0.0734948972240072,0.35066356012229205
1402,0.11009930918633484,0.36657394647254826,0.735181848867569,1.117274195126797,0.33439870376396874,0.7623744242329447,0.020030050024818308,0.07085406804558306,0.480328017602041
1403,0.4517590363045637,0.0340243631277351,0.02076761295509444,2.352692726407712,0.4770903467672335,0.951769820563566,0.02732662813118586,0.1250835150303233,1.3256542463628194
1404,1.1507045833537624,0.4544468200009003,0.32201992115139116,0.28510567036643164,0.3210391428777662,1.1814235520432343,0.1217466647145872,0.14783666042556023,0.21385402023234745
1405,0.10199196068183528,0.2250933250878404,0.44308036693685104,1.8455862313906923,0.7619877839558631,1.3705676480126028,0.0049710539631013795,0.1555074192356159,0.7780260993770225
1406,0.7070026181349105,1.1183794737226433,0.07590098254583377,1.3949427837385602,0.28606109811931746,1.7757340074896,0.1337350332543572,0.10251471912767525,0.0004328705096555696
1407,1.807606545059484,0.5869573860243793,0.2753374268181963,1.3748210327872854,0.6297056755079876,1.1106435701425743,0.14728368290940008,0.06904841440697096,1.230327710902448
1408,1.4537358906122164,0.38160394085187443,0.12277205185701673,0.8422937773976815,0.3835490194546454,2.820354520075539,0.12436567592926678,0.08247015235608929,1.3788781269537809
1409,0.5790564009642495,0.6995539886735613,0.17886874117102602,0.8726381986187407,0.3802437538315375,2.634970823599375,0.18948958572216557,0.11023143449185557,0.2656063605337635
1410,0.37534209593931933,0.7518451192306344,0.6746721018991848,0.5237138842452584,0.6369983555430212,2.7207046242624173,0.01296758583555456,0.15741081121017608,0.4159574969252886
1411,0.8238576115967853,0.36037219821476923,0.6720264051097027,1.384258357508481,0.2741356609977076,2.60599794471311,0.1526770150795111,0.07930743270447349,2.418973290463776
1412,0.31954089213427733,0.5290068870454301,0.669460149248342,0.37160406545768154,0.7367944384056411,1.0911103849976485,0.06584965627783977,0.11265752718439764,1.2981207873137022
1413,0.45298808590810197,0.4004681375484549,0.22068107084852318,0.8022813371048108,0.8188371057615447,2.3367085498116005,0.17911893173484908,0.08948476046705395,0.7508494888586343
1414,0.09751135648228065,0.23278318219133595,0.9393493855368408,1.1268145099190583,0.5573079160390262,2.3734132753650377,0.11611866784083522,0.04508408660662114,0.8684791690742703
1415,0.06980949370020964,0.24391945568847714,0.5452940985009985,1.2647819091736867,0.5174532050999626,3.175599424138378,0.045298149075131466,0.1429919497289476,1.9517790803333621
1416,0.3140245415534198,0.2719393871065987,0.43047727132963587,0.9265985304144367,0.6426547098734394,0.2827408986803952,0.06435060444290658,0.1119977366772609,1.3603791238370044
1417,0.031069373113756682,0.37431773608775837,0.5429552982858815,1.1844398235756493,0.21427299718053577,2.716740521549837,0.048423524682151005,0.09364428297141099,0.26124141723997574
1418,2.6863245927383446,0.39624072807357497,0.6594860195670493,0.4906218936158643,0.3750979890154878,2.261135142056877,0.06370807701402031,0.08488010460102573,0.05389448826796961
1419,1.8215711110135437,0.3324796111703305,1.1534404346145202,0.977165739703855,0.642694968626899,3.946315797186699,0.044157682917076335,0.08933345025517173,0.8114546070717825
1420,1.2284117964747208,0.8472543024587449,0.5905349219525813,0.9271471610514691,0.4843980027107289,1.0185060701106312,0.2017048924992383,0.016215186093819445,0.5820848290269632
1421,0.6065733370121178,0.8021443910880891,0.46693551104729425,0.45645954206143013,0.21141542029473487,0.5741042999483341,0.06474821321115243,0.08232465739641888,0.8621781599392578
1422,0.091613203210756,0.9366581723082095,0.5398640665493426,1.5349125167187105,0.5215895049244536,0.631130476246619,0.20123083000183203,0.06746844666828908,1.4914104142833047
1423,0.49320528274440645,0.8058095811091053,0.5084935547807562,0.8279340445135107,0.5132197606489848,0.47680681963993954,0.34848600091337256,0.08731255344761818,0.7771894506688302
1424,0.5899840784890706,0.5438777233451908,0.36472869957288023,0.5847822617203213,0.23480781805016687,1.4067221401323116,0.04948951791641579,0.10722122810459422,0.9478452988113129
1425,0.6211428671520429,0.2118001393978491,0.2608524846543959,0.9721863975474463,0.10881269545286715,0.11095667679231203,0.1060226452141143,0.18466909992932934,2.0727972753307453
1426,0.183289435421615,0.12941867261324919,0.24836745999162202,1.6229889785654263,0.37777370598328813,1.3048140783849551,0.05392520096082946,0.06457201820372085,0.22819620597393697
1427,0.5562366894983237,0.23468835510326416,0.34230822866440647,1.973255944472772,0.24427775522418915,2.7461932925922925,0.17169255860800287,0.12861329191747536,0.16946230194657397
1428,0.8588700245801997,0.03376140250847348,0.8336748759819333,0.6027506567943838,0.6219565727274687,0.8917114298798163,0.11104727994517671,0.07729589549586158,0.8788004551867318
1429,0.6570756160847032,0.022210000994379975,0.10735014497647014,0.9999547481367533,0.4802785672536945,1.2555668848815271,0.1406430269694679,0.05537313724731962,0.6508313716082633
1430,0.23458341678936612,1.028642756199076,0.29322711623491804,1.7925939391172931,0.51359404263586,1.6824999398265452,0.04999007507219037,0.12430121474362477,1.119173922271895
1431,0.1414442090480935,0.04054905276716192,0.27023146020369904,1.9344063902329027,0.8450092283135147,2.347602127481832,0.11562833081045572,0.1328902235449553,1.0381563104295206
1432,1.125732889588798,0.9052523344133239,0.24576462857236955,1.4874914640361276,0.736400146247419,1.1918819093224897,0.05806043774216652,0.025209812315275776,1.1221806615168848
1433,0.810824641145812,0.8465734903568918,0.41333267182538946,2.0256885501602775,0.34193865480151986,1.2929609568973022,0.05854480590100835,0.15358975777724027,1.6684770139109557
1434,0.012159552678533803,0.678603669803747,0.42126041898439515,1.6088772053540685,0.6795148755985423,2.1563177046603226,0.11534340803577572,0.09368270879680848,1.5670910225581656
1435,1.4162118864219253,0.6440424577169297,0.8130581147254217,1.2904479613244426,0.8241200992016435,2.923266840296325,0.049712931297970976,0.09449660013646694,0.21348109878784816
1436,0.39420462823188007,0.3517165412701562,0.31211780244301845,1.592178731453238,0.6169879759082472,0.8662060510150902,0.12456685639996548,0.12955473052165267,1.8968763854230613
1437,0.07910011711489692,0.0009555779975029544,0.9673280468832892,1.3239038291386072,0.6472008041301094,0.09999079374112463,0.10199703471158904,0.05118675435561731,2.491737033497416
1438,0.35326744578498703,0.1873333755732658,0.4846717417407316,0.4698355237940027,0.3630082970161188,2.4812793420321135,0.09096717659072594,0.1406957659335298,1.5253570740845168
1439,0.9367532579081523,0.4935303807619072,0.04282664715870699,1.4063434022938437,0.2970590334875538,1.9669557288606763,0.21426450540152137,0.07060636556829507,1.4592175031211645
1440,1.5525995832377286,0.21656031724215438,0.49900510358734596,0.5045558198350675,0.27873275879437137,2.98620534878439,0.22762300082231895,0.08891851495168293,0.0783062374673743
1441,0.6465821026442791,0.2030051273292151,1.27743834253321,0.7068546743992827,0.3317449879512655,1.9029894061909614,0.10955660317012728,0.07069375662903656,0.4599827446116429
1442,0.3672941363329409,0.7531504280530614,0.4258787502386048,0.4608696966041136,0.6441422155986014,3.178891645321058,0.22996529214419187,0.0927020629632762,0.3543726310683132
1443,0.001142365577415927,0.15853086369702765,0.23332479611020665,0.9635238586905254,0.3108768966027468,1.1746525649293793,0.15349739889218258,0.05251087110052922,1.3229172744888158
1444,0.8129565155811791,0.5359048020440964,0.34030238602885204,0.6171048241556829,0.8533914934455886,1.0042897880794588,0.12100518900382976,0.06596211494385013,0.9467196509483036
1445,0.324258209645371,0.3750882616068165,0.021281778342914892,1.944994312409714,0.5555848742182786,2.8662291456353977,0.05003078908276591,0.08000031649710582,1.5141582875439308
1446,0.8549412107954675,0.20626834913755523,0.10690354472112557,1.7229154703916656,0.523950540889036,1.7109550683114034,0.15456025954848485,0.043463899211183606,0.32242271363993336
1447,1.4432700209791043,0.4321786164744221,0.7032298423493264,1.465884880779938,0.547797097904743,1.9867115089623186,0.14039907491432174,0.044958136126461754,1.5536040473721757
1448,1.7321862352082258,0.43718081218572086,0.2743609789513585,2.6196533560515505,0.41646989575076176,0.5390949331682433,0.03993926978213287,0.08357511658382719,2.4211222665728096
1449,1.166908721244335,0.011651420376675325,0.5699344614715716,1.017851422989557,0.1577530276254675,1.9437600917432474,0.1449112699346227,0.0901686221636261,1.9785386196350112
1450,1.7235886769603566,0.1324903376850683,0.5393479084469001,1.8065747175140343,0.2965080469241043,4.775314446325724,0.1317706181705191,0.05215926039975285,1.6553380388946177
1451,1.4066835164837257,1.0394759024035582,0.19315907437516838,1.4406238460088692,0.333722909690199,0.4809964567947693,0.05098725915566754,0.0806488923965173,1.0423935922394962
1452,0.1343208061856143,0.6301330420195239,0.5422944820155373,0.609407633255233,0.5578830441128968,0.19250978136321284,0.1564165826729812,0.14308124394325272,1.97916795171715
1453,0.7012023477290068,0.9566458381002092,0.04448778716162005,1.4615278515476324,0.7086085368817501,2.7873010348693072,0.16030079638995676,0.049907951907097715,1.0341358894013182
1454,1.219421032176469,0.5829874998211664,0.6364302793728009,0.6443394824628894,0.5671223231124918,1.5922519745146273,0.24122169069480853,0.12204709417305884,1.7673555934701137
1455,0.648220262578949,0.2022340776870581,0.4404349437276568,1.2875429275599082,0.20468912741296996,2.2453768708941984,0.017387974257005917,0.08245712585462506,1.5294624507282566
1456,0.25176725740085437,0.6006502746241114,0.15575067808953239,1.7839292893863476,0.40347821173361076,3.3788050450201954,0.10330977670642613,0.10742295956050463,0.023794048232357756
1457,0.3576902382069266,0.495704741091217,0.011123831836778009,2.27964607333714,0.6723796882303525,0.783083139270988,0.17562136303053139,0.0899034447907195,0.4989403545387892
1458,0.22515765676316132,0.6389803155463112,1.228823957869566,1.7019252497763424,0.6997066740400874,3.177929839829103,0.07363462798403239,0.12599678134991021,0.8339393263777741
1459,0.5076462690444126,0.2950271404641929,0.38276314285173546,1.2257574341608932,0.483900537545936,1.1958240081459777,0.10096280057522132,0.10162361697839063,0.8995515558483145
1460,0.6654816517038432,0.3386551677068613,1.0109318957421363,0.7158068952704612,0.7650604880220793,0.3266780265389202,0.16668183840090728,0.06609916115660919,1.7892061512784485
1461,0.664738156163045,0.2874054027793017,0.013477743597982095,1.7812389272428761,0.31077856473848603,1.7406454998385283,0.17807904127997187,0.06703599729103857,0.5333791074170904
1462,0.7690615856081988,0.22061627454991145,0.5168042315904355,1.0945796720273708,0.6784842080619462,1.8375887808155975,0.018129031865919784,0.08449485225442224,0.5562662343438174
1463,1.2370523968490392,0.12952729652531011,0.3043021565802052,0.49775880814738543,0.9888915687654761,2.7879254082847194,0.07210578846837785,0.08880270783627942,1.2739101250281235
1464,1.2799318902219878,0.2941579715858361,0.751202818101667,0.9147319542878548,0.32881542742739245,0.7526703281887899,0.24210213900820254,0.05331720137669863,0.9272662070120989
1465,0.651764074179326,1.1090745488984175,0.25152877881392965,0.2284568060261798,0.32687020427915664,1.8176971987498889,0.04660605026086056,0.10434356708525563,0.9208431975032744
1466,0.6341619198917998,0.47167651019417245,0.298556943560139,1.2320353769025478,0.6808246994853066,2.7646319626874742,0.25331254423647487,0.11110560050785921,0.9693470252679035
1467,0.9988662183040962,0.07523235007113427,0.4352023180237152,1.540799023436678,0.9044468965825643,1.81927427056761,0.17401363568497563,0.0650807633958724,1.3203846518595377
1468,0.6881552377537833,0.10993090622830481,0.11284216330341457,1.3280318846888246,0.774829593671785,1.2723404741414344,0.03501999888808906,0.04189518600194987,0.9552455398569386
1469,0.028896239262131862,0.31022215761839556,0.5496828885171701,0.6664229367838506,0.47341604440686996,2.914543430301201,0.0987204967757909,0.10974268901591516,0.8832863109382327
1470,0.7323966889910125,0.5344716386534824,0.11008823215218574,1.375674201955131,0.5988510924932818,4.036408822843639,0.1594522471684089,0.11921630061552196,0.6994553301517565
1471,0.976758415236247,0.5990083720000088,0.613915879509213,1.0885675050603818,0.6247258088304476,1.5873775618986663,0.1435378199630753,0.0633282023570777,0.6225775070355932
1472,0.12287362235192667,0.0957041117381468,0.13666588932363802,0.6343872594247296,0.6216210077106379,2.2205409462683976,0.011725732021831761,0.1468854925610553,1.3139379804984708
1473,0.4323815726493073,0.06391755300452867,0.3171824560873889,1.3501657937201625,0.7231822797376033,3.8898313536078577,0.13067474379602612,0.11536145343680353,0.3089181155003998
1474,0.32533389311333216,0.41715954489384033,0.2774748209770252,1.641526678553162,0.3917417209807347,0.750566201302745,0.18705838253172277,0.13226527227876575,1.2070539615466611
1475,0.40603522246016965,0.056157513817828186,0.48211518792949587,0.5045154267911793,0.45068426690553454,2.442863288760672,0.11343000654120486,0.13187489742013328,1.0747328606748097
1476,0.5851361220716187,0.23881729041490357,0.5137122154061715,0.16738460023411028,0.1033691951130643,1.572532175785078,0.16728405456255374,0.09105361167462546,0.5418878347664873
1477,0.7385167772713117,0.5999571901520314,0.29630287982472014,1.1218711994351573,0.5006819105169045,3.633982732601814,0.029964275842990426,0.07210416084096108,0.45095151154597424
1478,0.21441558415497558,0.605373944587452,0.08790476677933312,0.6053078171698931,0.697209619451192,1.5726800357718314,0.1883771274665651,0.052252233651000415,1.113281864759726
1479,0.44410720139071025,0.5007841969125348,0.49952926953251087,0.5226744100796679,0.6663532456310309,3.8216885997704173,0.08974548735603836,0.0694349209525415,1.2688749926288831
1480,0.667572175076128,1.042419730951229,0.05154351021990644,0.8022274047254543,0.4443308632044239,0.3543570781260741,0.027131511141465683,0.07657349197057453,1.1586069161615093
1481,0.8153407754105408,0.5716100316508107,0.3039355904828186,1.1304933277417657,0.3606434321365699,1.8114713919599197,0.07519275161969477,0.052927616938428096,1.6997247741080797
1482,0.6350565939889963,0.16248208839019407,0.06255966311809674,1.662676152414784,0.39916378334875235,3.3830270412050916,0.2674392786461628,0.1299480214259764,0.048506958018583624
1483,0.28546541350419496,0.2632544044658691,0.6243883449449434,0.9222036624918611,0.523448071550353,2.5559712124778775,0.14382275380273057,0.018266540703775994,0.5623563882947982
1484,0.49007494440869553,0.5565618183063471,0.17561249674174528,0.27268473332388776,0.3942646232666597,2.6571793628297247,0.1808471756598075,0.12941831882547902,0.6594245116651811
1485,0.820009923457701,0.5066260617331255,0.024443013124195945,0.5889651384984075,0.36644536628136937,1.9664371628063684,0.13177694420721361,0.0863935110243378,0.48743351535517704
1486,0.301858138652168,0.4910032339116362,0.22812863097000036,1.2366721268680967,0.8345846039054541,1.8489977624384824,0.023764393009932744,0.11185305682358912,1.6286874377818192
1487,0.11522645814040569,1.2651533984567598,0.5439938231748879,1.4173764272543345,0.5159388020258848,0.7359632686912562,0.0585764873175646,0.09817161135758302,0.6515644614862143
1488,0.6078067273878314,0.7193504487800495,0.18850232706875808,1.4927206369600234,0.7880344515851962,1.4982189098029677,0.10453518260588843,0.0688402496194992,0.37355752907801754
1489,0.054291074394466426,0.3385599108955971,0.43510529281347354,2.456899856489948,0.44465275164552687,0.8015682162368588,0.08595901424156077,0.12049350656769747,1.0141169460474757
1490,0.1776256541915781,0.09136013067816695,0.21497524138423024,0.6827326064583907,0.2897614107426908,2.5760715732468986,0.1022900396655898,0.12469184708064145,2.198063703382596
1491,0.17887317613173415,0.6131708438409846,0.38817466303951403,0.5358599347572016,0.4381373582789708,0.15832624912285298,0.09182818844011376,0.10427338977695612,0.07219892254039784
1492,0.031373981913788845,0.2425169772235901,0.2935880042945216,0.6954586467476764,0.5863110143009624,1.4366081529938846,0.1489804738468393,0.0705816455220381,0.976628418387991
1493,0.46730205270029124,0.5267754228668473,0.6613756158864744,1.6935061039616617,0.3382282576528203,2.477411222585336,0.07010650606959905,0.09060613857400977,1.5454870560944531
1494,0.9592023027074255,0.2974839724096093,0.05348599897988093,2.301102437869721,0.46702450777043186,2.3479570365422004,0.27918422540847965,0.06966597096608972,1.2775060227507398
1495,0.5546466144453146,0.7213284529986038,0.24018455584254478,1.6014483444166019,0.7200515711322536,1.9142549968498488,0.04432553706543055,0.06186074170740877,1.9248679396297717
1496,1.7228109799918854,0.45193431327895417,0.016830274957385205,1.9485380750118626,0.5571834028699092,2.4672386739449026,0.20639764634440855,0.11751766334628079,0.798046391484176
1497,0.5855272406711258,0.19223159793798855,0.25043215204394154,2.3029393592441747,0.4995647157729725,1.1418728885520606,0.02602152956688554,0.08278415679980575,0.9174705290594848
1498,0.05344209336285413,1.178359194162184,0.3127419142519676,1.3245098736391059,0.8104334670218931,1.420506631291118,0.04520399195378065,0.07734673014908476,1.0137645455535953
1499,0.7969275724607874,0.73894364894847,0.2600172146701655,0.993592570730261,0.6471826915412976,1.8963730476086684,0.17782585213802626,0.0706633471653456,1.8966401073142471
1500,0.0704906689284229,0.2869663177477787,0.5533053488056557,1.5587949563142804,0.16314698819385598,2.23367931780108,0.1574137232130989,0.07101336590119318,1.1210506138851588
1501,1.2925678072915974,1.0115939930791988,0.027481482498002252,1.5124758568648944,0.33044375415250077,2.191597297517018,0.0348940547153032,0.16169609909578767,0.3516665169766018
1502,0.7110886157748404,0.40697183606103515,0.48520727872765684,1.2755381104951689,0.5344734492644456,0.9098753713364159,0.039864393410367904,0.08754346272164623,0.9713335699405081
1503,1.3202920000004763,0.5083145581176184,0.032351950967112186,0.4074673445176443,0.2876297329862358,1.9701836472381293,0.16822985886715142,0.05890403172360284,1.0783497360258338
1504,1.2317335920046302,0.7127752461638044,0.3683607372127758,0.9321582298967241,0.37570512159257063,0.5338225246633996,0.11993420083223316,0.10292030744243108,0.9293305270557249
1505,0.4388336722906937,0.030190834268660482,0.7454154700485995,0.4866268220106596,0.4993254388120909,1.9724909437770093,0.22314025805416565,0.10764524174281036,0.33082227220946525
1506,0.1236126543638004,1.0700552608974532,0.13734838325366838,0.8245067325728064,0.45467397253454234,1.4203725904394688,0.28933428407512773,0.08732333903530845,0.7103021504833356
1507,1.047777482342007,1.224830196253796,0.9219697780957583,0.39454678032408974,0.4722558924263942,1.1854692046211577,0.1352661855885064,0.08183642631099854,2.3318397107858644
1508,0.437170513334602,0.22829042369360053,0.22081859144251853,1.4076151467213158,0.26853525392356514,1.1543172245532995,0.15044567511316004,0.06998929996100814,0.3452733738287772
1509,0.9149269072969017,0.3229761372315665,0.5850011567101092,1.5770446628829844,0.6004779060078337,1.7655506309136075,0.17051625429226563,0.1531385031198143,0.8793843425547894
1510,0.8664279216704445,0.3489027283890441,0.021759832889746034,1.3236963015836158,0.14163395030720932,3.7708188545892414,0.21593126411309244,0.09625144372596676,1.2356933225070619
1511,0.4427354781560854,0.6164359764878673,0.5620052583566681,1.1884868615339872,0.6842246840522312,0.7942716259698563,0.027698966276597195,0.09026895470694246,0.9335147424646446
1512,0.6289221877384974,0.3917771824554165,0.3531201138682503,1.3642096017956158,0.3265310642650824,1.007755501808218,0.1320653765352158,0.05217592675406742,0.5699538199589562
1513,0.35135476584123115,0.05601082389521128,0.2865509029984714,0.7111976456907096,0.29866935011346707,2.1569387740381165,0.22836880186947411,0.15040817242629778,0.5778176596969244
1514,1.6348890941638856,0.453244985768995,0.24716969064252492,2.05554759373123,1.0474721952074182,1.1667145234705762,0.20411158806925872,0.11237000117877394,0.5749104622436141
1515,1.4086883046786378,0.7372013328637852,0.5553155381743885,0.07982263711181237,0.22132907662082507,3.0764671865083044,0.13054738371590818,0.10116224308119637,1.9185706426675548
1516,0.5879567650380192,0.9244656729449108,0.595978055846552,1.1745977319789,0.17405178000852184,0.5566021516650297,0.13141701828066993,0.09560756878298146,0.9658933396769481
1517,0.5136233057144335,0.2816835494156338,0.479706672919918,1.6217489990739755,0.5108968206730845,2.352065684093027,0.10621549517059918,0.10557841987597437,0.09827215121987887
1518,0.00860627781994805,0.6675439116791613,0.11384886398337588,1.737606190577647,0.8228886996490428,2.6096172728687383,0.12668699892474883,0.04091142756991555,1.2614756788403627
1519,0.9919277845520764,0.22105871717232242,0.1696788632942519,1.1079885288795015,0.43437799537983346,0.9407280708989502,0.13789382428350044,0.0637556696992692,1.8434545978506574
1520,0.20619442179905345,0.351088238523702,0.028712924922211613,1.5713669783112412,0.5733057576123467,2.242890076875493,0.1459120366297338,0.11694307984443716,0.7846330003673654
1521,2.0871513492842215,0.03827131695947161,0.5375383256761678,0.39931526360327063,0.5418276750661124,3.6719772494719756,0.21549069004690605,0.08315151668390838,1.2072166000328066
1522,1.253516913161701,0.5114420076325837,0.735039897814477,0.5456088084562034,0.7510901543616171,0.137297054076015,0.130721994861645,0.026994947135647915,0.76753438665949
1523,0.11805629183676447,0.4164140685143626,0.7147803064798173,0.03435202829234951,0.22051190615102184,1.7343793636973,0.1540360745579607,0.13279402779643878,0.3085105499333253
1524,1.4423896403455674,0.26634331182708054,0.7729339671418407,0.4989986531300166,0.3643754436839902,2.1458553827669187,0.01718966986583137,0.0876207845570613,2.568886750036701
1525,1.220449178434613,0.3237452230344452,0.21179178636733176,1.5766323102832884,0.37485892941427157,0.7050028725089101,0.06355715740850136,0.14345914555171965,2.139648822373453
1526,1.3533239928443648,0.38390792469794244,0.5497578666168123,0.28468947456614224,0.45557534654174886,3.464496271391287,0.19680227631383929,0.17779320770429125,0.36382639824771745
1527,0.695776479531069,0.7026559994642628,0.5000038892773391,0.21542639630703664,0.3927245502195622,1.1909147572285965,0.06505941207808047,0.04794127285355812,1.7619600494345116
1528,0.22966467235078414,1.3729433206941222,0.9695997307343147,0.4953457827684425,0.5408477246752224,1.3344487942391945,0.13204488703045586,0.10008538970929476,0.2139158480354777
1529,0.8955466072624292,0.35975070757769556,1.063237083459807,1.2996958334790043,0.4297323708142833,0.6395716935441447,0.044843616574487905,0.10149202682088442,1.8933684572696787
1530,0.6312791611714202,0.3878315277655979,0.6658926241594058,3.6136364280131,0.6316087644379134,1.376180568789295,0.18607796677176902,0.11801507989424229,0.4481779715418414
1531,0.372331189200715,0.3619068555609997,0.3976763874526644,0.9988100666853635,0.5183928539973107,0.4373940835094303,0.15535663065988725,0.10170678425447557,1.904785175217108
1532,0.75893174425522,0.10877260796481694,0.18903706699236097,2.7104712549369956,0.5292620145699032,1.579902635354774,0.17636813825862052,0.017374286939167496,0.9230293036051396
1533,0.9708622309040293,0.9293340737561189,0.315351151832095,0.3515986348450376,0.793836483252419,1.2055764706011425,0.09050496652956291,0.07908895197484811,0.47441925069613394
1534,0.6103625369569587,0.41665120286142454,0.5592446890279258,0.05142627470632133,0.5193625093794974,0.2301262919537832,0.026672464506358518,0.09424241438787,1.4135727255755368
1535,0.10782613310557382,0.3477868949624151,0.6054809512049631,0.9778382154599119,0.31567467575086217,2.3215507439305667,0.12788830085102393,0.06454483642683416,0.8265881138856481
1536,1.8041475465164478,0.9548647735940374,0.2182471729612297,0.22827746847514208,0.3535203364866716,1.2266463472220126,0.04907114521498413,0.10247010163829956,0.3399341191322366
1537,0.8277517711510882,0.18903274108117984,0.5388335911097022,0.7085557609364868,0.22127669854254395,2.2634170784600576,0.15677129554594735,0.08574391756365463,1.1250666716465336
1538,0.06289209899079576,0.9121847052656371,0.49589813559401424,1.577863483341896,0.6456374938663114,1.0664642334785226,0.009682505306036024,0.04633129800214597,0.49026128619189124
1539,0.8117575041137373,0.570541436932233,0.5014769068399195,2.6315610848400945,0.323051476240894,0.4700013294143417,0.13674978318354264,0.07727836116684057,1.348507494160033
1540,0.2711197578093575,0.32689946198141073,0.4624190586068723,1.7275516426033946,0.6173086123637845,1.119082942737374,0.16206179776187354,0.08053816453032876,0.657908658506154
1541,0.15527379504923527,0.5000907199730291,0.1345217464902001,1.2999682356032127,0.676637280820169,3.5867429428168798,0.12655652173783288,0.13066342464668107,0.47542723133668685
1542,0.925076386260486,0.33286866731260767,0.9875754518665222,2.1310937484299113,0.5360060789438553,1.740025046287353,0.1366941953827763,0.13638380637749237,0.6279657848620042
1543,0.03485082591943647,0.6008843688356156,0.09141146500242578,1.91456431793786,0.4515459996703392,1.7165783099941454,0.13780137049538244,0.04672726069457764,1.0394797210557245
1544,0.3321599946933505,0.12174234675385759,0.11221656382621503,3.137694629630427,0.46165641578072514,0.3902237576093388,0.18384927712138607,0.12979698439002316,0.5218018894354646
1545,0.19922429486198034,0.6347983936527382,0.20090923859404802,1.150980833635105,0.6517823906336453,2.3981053995332737,0.019565101173988464,0.04398243789068125,0.874371560669074
1546,1.357605397917825,0.19911873786700393,0.4293256246719038,1.3927698186000121,0.8960281911321096,1.772658362921027,0.17487990969552453,0.06040624942560641,0.8524808001473032
1547,0.9986206657040706,0.5614641145413117,0.5152706915262042,1.50561036492774,0.5567506211968933,0.2717847135017466,0.054864537447856,0.14592503100371418,1.7957371738432282
1548,0.23824322579687385,1.4108032953270495,0.41301634484572064,0.8100788455979216,0.5258929184024275,2.9598016999642036,0.147716598505788,0.07573888029315222,0.2566033451002073
1549,0.9542372994976083,0.5135906242497921,0.26446885247163887,0.5059306524215144,0.5825438812642014,1.7330508878554391,0.05366132106180064,0.07569829971218689,1.487184493016328
1550,0.4476971028541778,0.46215102343029696,0.1365316118281975,0.7308974643656377,0.34860682213715855,2.332436306601142,0.16935221856693272,0.030391613293724952,1.204486833391305
1551,0.9059584396544993,0.5984594962729521,0.519503077116518,0.3082922312459341,0.6065985678502956,0.5521809656603882,0.1431167171967558,0.06541833065909497,0.6162650430598726
1552,0.10015478507565534,0.7040526339026726,0.24101696224668223,0.8937854510517396,0.7501671037389533,2.833388624096124,0.13650581991328062,0.11481198480037245,0.8312522666780358
1553,0.2930788809576206,0.20597863399066,0.3908824944276658,1.6811513463832601,0.7113244020139464,3.602090046606758,0.23748388103953788,0.054635771767650054,0.7515338639603946
1554,0.9033734095283703,0.21647211720735923,0.6046797038442469,1.3583164210808403,0.3974212736303186,2.076943602564484,0.11024013482756315,0.10551755358786975,0.6204535498836328
1555,0.47423535897600844,0.5252387918200926,0.40852764950543674,1.7020202448443995,0.12277594807570397,2.4962207751449927,0.309500025887031,0.0694694804965493,2.586108461448462
1556,1.180911198897674,0.3755606930416162,0.3403492662531751,2.3112741621771735,0.6826247102557491,1.7792506781232547,0.1080210617965116,0.12915641490274493,0.9036958267442272
1557,0.11478587090012038,0.06512770749087315,0.2830782176606559,1.0421544436205796,0.22859348313500172,2.7516339223713286,0.1161301558010246,0.11905247580693548,1.0198008532857932
1558,0.26047460799702016,0.2829645155265621,0.1765515032817683,1.8839059016842046,0.7105017520886368,1.44160085188186,0.1336378746428985,0.08417700016045158,0.07442733188454975
1559,0.8225550719035011,0.07198096442930912,0.5205736450795713,0.1515436530326849,0.41185766586608263,0.7325781511706569,0.16254562659816602,0.008582525082713108,0.9590373292901165
1560,0.62203471030204,0.7275504438969501,0.5422725584565629,0.09157707161379525,0.5473524603277508,2.0546130499184696,0.07248660229680443,0.07634860413380379,1.1076266198262978
1561,1.1137234638537103,0.3433230833923529,0.8238977797742213,0.7995769746302626,0.4117025510475939,1.3962894087442805,0.15643070079876814,0.11316838942735313,0.18076109669407536
1562,0.3343483825998903,0.6232103703135503,0.20619520455683046,1.222030289864744,0.562252214402587,2.3076057890461716,0.1186086966368339,0.08452106333793688,2.1292992118845873
1563,0.6248510352565537,0.042534901346060916,0.8472375910830331,1.4743143200316682,0.6708956233242319,1.331582024614029,0.03270036328761998,0.11050009933940678,0.9940042917111782
1564,0.39201729069380153,0.4886527033487948,0.10445886374521116,0.24886991381526313,0.4689747022221784,1.5393864356693359,0.13599592509774108,0.147276502974963,1.9422567120210816
1565,0.04148433617357267,0.26293424921837055,0.34939668831850396,1.0395067792941446,0.6264787935628848,2.5681620455229246,0.184667367533151,0.14746858862096363,2.306349814803087
1566,1.1863824970628358,0.314555987855677,0.4570575424371463,1.0440348868686276,0.5209086791716069,0.486747875603633,0.07885956843172548,0.14007895273659982,0.32594153925458225
1567,0.8371787561209807,0.8112428147042698,0.6597251479705819,1.3201882974326926,0.7181583813108378,1.778503481467484,0.2104326026309204,0.10229753015436259,0.2186842147824123
1568,0.3966193238498208,0.9494738207705828,0.07070464869966753,1.5613370393065553,0.5835030400179166,0.7982680540980732,0.22337194152104992,0.08095820582057736,1.3581029254534722
1569,0.6464920461093798,0.13178380447521765,0.5956382162889309,1.1970266335362147,0.8358383207352604,1.832031830137025,0.1507219043023567,0.047007777056985035,0.05930975613209033
1570,0.37171004775277006,0.3311678133277663,0.6403278505167892,0.8487482435405576,0.5792244025622502,0.8965925531378424,0.011592933565138477,0.11678397237705702,0.034877055795062506
1571,0.5162996628606965,0.8440688658937074,0.202524381200282,1.701199496402814,0.2191870868683541,0.9371592505116021,0.15778031813071397,0.07577764775434646,2.822400743459759
1572,0.5485131736982983,0.7200296075491484,0.4108878125586366,0.24243136731652348,0.654212370219988,1.7691769214763486,0.2505075462272273,0.09799880688607648,1.6802762256709443
1573,0.2507158741205074,0.7710668647930561,0.6402116007541929,0.5998125846324065,0.5646662393049047,3.0659336000886066,0.14526751667715943,0.07385869719568328,1.7251311874577706
1574,0.8542536578162583,1.0112990959707007,0.8288891478508101,2.095597427957531,0.6913974448612417,1.1033824273566508,0.11918416902781279,0.09139465816119151,1.7175605782379015
1575,0.00316660739557989,0.3932572279586548,0.2867505096184522,1.5761340602288527,0.6839925262414408,1.3785083516016023,0.07912898265930696,0.11409885897351006,0.4311154638662845
1576,0.3064691283571328,0.6792488004766877,0.6571285080320539,1.5999998442146788,0.3972702546289711,1.1461757996830506,0.15901620514505505,0.07496699407316776,0.5330200774164116
1577,0.6078696755448608,1.2247375870946404,0.32746836898741694,0.6608549350534677,0.6863548703749123,1.583278122475561,0.07091617402535402,0.08289087202604144,0.4276903989735694
1578,0.7973889864725996,0.12306432207201054,0.26567369395869933,1.5591729514474344,0.6264564620818649,0.290115314498151,0.09336277996851587,0.08274165562557095,1.1466983768069918
1579,0.8572012413564842,0.30347519326934885,0.26696128527690693,0.028570592590916988,0.3289884837872437,1.3289021069770528,0.04577877163261588,0.10397663089467268,0.8059296857272409
1580,0.420005948935144,0.9332936631423323,0.4299631781595294,1.3133420310136983,0.41151455710522533,1.9940500025913155,0.35556922031689986,0.04596476184279268,0.7559546806019861
1581,0.93451349156491,0.9598843588861183,0.20874830968061475,3.339848329106224,0.26626530640256657,2.4581535820082046,0.1616736426709255,0.11542805753217333,0.6334487055329946
1582,0.024790493492369947,0.8188556002439753,0.35222417935994504,1.3181879058308585,0.8399088496595185,2.1912491146603985,0.1139671280810491,0.06659075649381199,0.6542739722166245
1583,0.9046654357253558,0.8208524570654254,0.41404528150735304,2.478417840618391,0.8160734161114886,1.1181322414641062,0.068732925062924,0.12374276317175946,2.258810617938594
1584,1.0586038490467746,0.8861313392712746,0.26233800814712227,1.9295946200696446,0.2506948258039309,0.622624520288388,0.006070431838344062,0.11991116482661408,0.8386740435241168
1585,0.2975493970420404,0.024244016324021567,0.6312394639410153,2.0213130844756515,0.49970250839222374,2.3638418123114855,0.09211606450662631,0.1160019832162705,0.12433463406042544
1586,1.0378747757850024,0.6903429624633867,0.30295524740056406,1.5703703684594466,0.5770706661830904,2.840859143919944,0.15254007753177315,0.11484407707090721,1.6652624857108393
1587,1.0952813354243007,0.36816371064477443,0.6233845140480876,1.35126094272701,0.29576643339184977,2.7010971361713407,0.08610326375457943,0.083453319159713,1.5810066323873522
1588,0.2131754936639394,0.5751745265024848,0.014559343666743108,1.3330518103441378,0.47305604803407403,1.7733434425967751,0.1865853858600191,0.11887047589954433,0.43095319096913226
1589,2.0101885468895553,0.3425829144944628,0.12079955240610155,1.225379556752101,0.44063363496669294,2.687981609571456,0.07424213104114674,0.1081512398986215,0.8469930218457905
1590,1.030591048353679,0.07685055796789586,0.11871926307341607,0.8755705378326877,0.7234060545138463,1.8541762120046956,0.03475554582940353,0.14614881462631396,1.207061419932461
1591,0.5995880045180355,1.0175159356101808,0.9786136706291263,1.4718167355426783,0.09210557943956904,1.4835624097383777,0.018779790849451194,0.08071128474635325,1.3742653265593132
1592,0.08801604507754557,0.9217367355807329,0.12820368675806365,0.8223583195733388,0.8157224847250841,1.3883513487119128,0.15648430246376854,0.08403342663103737,1.9663470927388473
1593,0.4285153372788019,0.17505194406663854,0.10635905981900753,2.0367293356490097,0.44200743341985665,3.3883492971363154,0.14746623676313347,0.08521385109966641,1.528327234446119
1594,0.191129419715386,0.2689096192922362,0.26732021639344844,1.0967867269592815,0.07475527915877145,3.2727758577757116,0.23002596482137821,0.11322257342820519,0.6694135233951805
1595,0.13877641801805168,0.6042495204352094,0.44000345446466527,0.9293515943979895,0.645797651112957,0.650234137390266,0.17973465146504974,0.08884101229740052,1.2839238837569826
1596,0.687343957655733,0.8273547611016345,0.7346235046222878,0.9851998656160169,0.3532245850490987,2.546212253498671,0.20002084875272852,0.131141478715589,1.0214955831423949
1597,0.2580857042075085,0.19127060345815,0.613379013955078,1.3579293923765654,0.7691861590176193,1.4364994174493952,0.06496329888755623,0.10683568949588333,1.7051294704877606
1598,1.0902557335020202,0.14276522546122036,0.3847646125621605,1.3416148938708559,0.37360896388646536,2.1193419853413173,0.1220215272433535,0.0892035233704592,0.4902062967350006
1599,1.0870531356030666,0.1536731747123137,0.5280955159756398,1.4838965515522196,0.8932834375726684,1.0413421591157301,0.12749147271541403,0.08288260486897685,1.7382202893511507
1600,1.4474633683423035,0.6146852016233066,0.7301954912744016,0.1972981706220368,0.19565103752570173,2.419540172067423,0.08039630626324662,0.1161575361609529,0.09634978969886365
1601,0.5118278597849827,0.670103865508737,0.14902694477851755,0.4625120862568213,0.6263119668918183,3.301769812730405,0.2531599992338289,0.04550738352606541,2.3872205845487184
1602,0.9860200904780343,0.9619486509129529,0.15335743227355023,2.2865708280183,0.3855148307511119,2.675752322712278,0.33485143036642273,0.03132253255789827,0.6771505199069052
1603,0.39315026991938706,0.30276303817149486,0.09108793089113701,0.24435833058947953,0.3987082175880143,2.9268057243186583,0.1938779181161051,0.07017845079830289,0.44854023474442306
1604,1.0379778587297623,0.02200649298741464,0.39916125374256856,1.4775622959732648,0.4923246833884385,1.0427249583134794,0.08471027862688135,0.14181773899929537,0.9454642901180923
1605,1.071196713269645,0.9076461942166341,0.5466807578653383,2.215941818715736,0.26785646083934467,1.4614548908111475,0.1560741411108673,0.09164970732959511,1.6295900210528131
1606,1.5014577841539793,0.564992461851322,0.4906254627466061,1.4321933132654918,0.9747048915825698,3.4460608925836658,0.20696549466060332,0.08431519551364954,0.45612863790685015
1607,1.061410401080695,0.26688186088227733,0.8240355498616789,1.037789962618139,0.7145437726128447,1.905543964706488,0.15982238856022465,0.09468422732168487,1.1832729942790965
1608,0.5729633166800127,0.7480009453452486,0.5892773844649628,1.2619086448947294,0.2924929680210435,1.30242352965029,0.2419075302808622,0.0969467807168431,2.1544704411303037
1609,0.11318331701168644,0.3795920780135674,0.47439354100526543,1.034204256967273,0.19647658606351193,2.142148502375537,0.15536641701808646,0.07065432561393759,0.8718178138651229
1610,0.3784715887398858,0.8390964563293264,0.3888343899439882,0.8828547798625983,0.3637951765094617,2.607697251086,0.055920730276660974,0.10414473274104256,0.2730309761360781
1611,0.9169698520886993,0.888173923249443,0.38795573882752965,0.4466314021246668,0.5241534925472657,2.6228940569201704,0.057478279460674096,0.05411806504989566,0.4200856095382711
1612,0.6807249457411866,0.29873940076034255,0.379138945697227,0.49634672401650365,0.4558065839740291,1.3473747042472468,0.2137303234897852,0.1137790909679457,0.8614053363534926
1613,0.7729339151801489,0.3862888799730341,0.17366592014335291,1.7281348999007906,0.42019302545832476,1.5894665327190047,0.16066477155222042,0.08496010372730306,1.2328086242839658
1614,0.7510268600494006,0.1004025362853117,0.5091422408551527,2.7072754011425153,1.0540474080681133,1.02682084575188,0.14183218008302725,0.09474546033632524,1.5757623115855428
1615,0.25517368313298083,0.24374402445345844,0.0767512151307998,1.4438157773892635,0.5284637642551111,0.3851816357226949,0.1602259060173558,0.06950205183977748,0.6755756944533324
1616,0.7114292396934611,0.4001854697497324,0.4108297605873924,0.766160569937903,0.08927018672674852,1.798551073638542,0.13304258618808698,0.05308356145497809,1.7570574119850357
1617,1.1406986185685528,0.20199741078160835,0.2889289022535847,1.2399874984637969,0.49964977696271085,4.894699832282382,0.17854604393937576,0.10202410902424867,1.6047366386456736
1618,0.39472242879640934,0.5642744370981958,0.5006700272197808,0.6526037296162809,0.8815849200016379,1.8743990929241987,0.09784725097739938,0.1324813564083699,1.2027063733576648
1619,0.5643833785590016,0.8414535804200454,0.028673097348703658,0.0385053740193837,0.5481400262828569,1.9432245518669544,0.10540752001751691,0.1306177597994886,1.769008002957508
1620,0.6831983631987022,1.0421319211795628,0.5093847173963784,0.34270002436310176,0.7133892055692543,2.8081864359142337,0.14194078656652057,0.05238851704589155,1.0793453532866941
1621,0.002462786871338718,0.10146541598860506,0.5478681597708345,1.0669926265617253,0.1148566581670436,0.7830251695075532,0.06624349599833848,0.10804405115689562,1.747044261907495
1622,1.2567817404898787,0.04213716379857596,0.42191787957710364,0.4515202378593961,0.4712615301598434,2.003672878859645,0.2266468869421701,0.11435161940155457,1.5586284846572362
1623,0.2403214598358938,0.649593211269302,0.7155888010073831,0.5672964938393539,0.42741955953519345,2.152489452237692,0.22086160805700908,0.15092928851450824,0.5094698326282039
1624,0.40399482412469134,0.2651178835350916,0.313013207085873,1.0743999222077767,0.4593198094576712,1.9780959814282204,0.10689014538437562,0.08472548889956204,0.4137133112421259
1625,0.7995048327284646,0.3307339565253461,0.4605870322528933,1.5863916918403902,0.5496156141143748,0.32623660687471334,0.1649578620989075,0.09453777484819133,1.8871388090172256
1626,0.06227002327946485,0.26360233093959806,0.6997705796501201,2.3505806321981066,0.09752760650543607,2.5430720044578816,0.09991253949430223,0.11308578306029338,1.706591602442116
1627,0.7462874090979855,0.7362491580704484,0.38494331507813134,0.7176043953246227,0.6281820924971293,2.08511019557689,0.06687266103354074,0.10265517689039491,0.681441651688079
1628,0.2531938065914098,0.3259389796958466,0.7724654119723925,0.27862824142709963,0.6373446399305893,1.0014554271707605,0.1686934250740532,0.09696116020356355,0.019977734356234178
1629,0.5701726092829231,0.6516136473514698,0.515800737813275,1.2701935181569377,0.6785344772783521,1.3876368143847682,0.02923300330689134,0.10367121437534957,1.6163194103478222
1630,0.06711310959912759,0.29540837826155636,0.19710255458543618,1.8760186440362483,0.6810537274538675,3.474865118146298,0.09911298681032263,0.13336201445251958,1.7891606409286964
1631,0.743185012716784,1.0424874863288112,0.46460475301261006,1.573664366377196,0.6319428820808588,1.615174068036495,0.25297814564062676,0.08740331102352267,0.8837661067616168
1632,0.17914369220931248,0.05241478595720889,0.36737605501382786,0.2079367144012333,0.40110737299818633,1.5579956464662097,0.051868612964771695,0.13551732402394778,0.7831730538202992
1633,0.294483586493696,0.7991029735767673,0.10580669592316003,1.2375420746060466,0.7421975388846673,1.3026178061900198,0.12531403006224043,0.054649153735278316,1.2050558157131286
1634,1.574434418178569,0.5471794665843122,0.25559284100090207,0.8662546806320005,0.6844866431790865,1.6768974005464872,0.23870828918917913,0.09134623920353413,1.8752000664508952
1635,1.3094820318664562,0.4434242407254723,0.7378838860877295,2.4295817601326073,0.2966298315773662,1.961552538550538,0.05925485686488066,0.141449209631774,2.0934090450864753
1636,0.9124232123404301,0.47863954408086884,0.44629599677960274,1.7336287350275148,0.611601575893447,2.3126030547676644,0.00875355514179589,0.03359835169707431,2.355276126751898
1637,0.40978712570023124,0.8683530494196359,0.04676236954103086,0.19756001564879921,0.03811708315284712,1.9323084323373463,0.07961520609930602,0.10465850112595819,0.9347346000274296
1638,1.0847368709993284,0.4721709012508828,0.28314387651586,0.5627023040874253,0.63809161792657,1.5556770035558838,0.017725055246797697,0.0705417134235215,0.13137962693414107
1639,1.4692564032820994,0.12609290027064912,0.24998443647247326,1.6855289094680352,0.1220308957732007,1.4881709720954865,0.3391042366314549,0.03624346293882113,1.3106762317145741
1640,0.731394681596238,0.5832622642890609,0.304659442005137,0.7218166174547129,0.7450992676797658,2.9681305814988823,0.173199596540269,0.06047653968602617,1.4782640525363897
1641,0.5701721374898068,0.8815666080237337,0.43658683730846654,1.2343124962905616,0.5149998337641556,1.6721117448800462,0.04539395874749731,0.14353542472516773,1.7464435723579599
1642,0.6617977940466824,0.35228691536531026,0.4032959434558073,1.5400022460896872,0.2646621337673212,2.8701549124233887,0.2180924122864932,0.1632928473320565,1.1313248095568387
1643,0.47888276746726827,0.24518611641315127,0.6448355146083683,0.6437899677881573,0.7587799157755949,0.5361897400275615,0.013993914513959427,0.06532934757748837,1.3203897233490642
1644,0.5572433265270386,1.107469709094205,0.179521090028876,0.07681774552391574,0.3082488362533471,0.6702784587854584,0.1364072573301678,0.12841667321555783,0.9180700116008396
1645,0.053697712950674464,0.3284924657197748,0.24579551593022836,0.9124270215867069,0.5553386884186952,0.7556328090743406,0.12581956495079874,0.10545294682127818,0.4083281741717315
1646,1.345598763930685,0.06984819568929329,0.625654060300583,0.5419947098648545,0.23890458919362467,2.398507880775512,0.16198158190189582,0.0884748543612136,1.359949131711207
1647,0.9532554448515369,0.2306471369051148,0.15419523387875686,1.1364411425205267,0.6694837546670727,4.1609945770134384,0.10549480020175227,0.027188152346274502,0.6573885896165292
1648,0.5050569162793286,0.6516432849155784,0.31930592846565514,1.08119499534522,0.6556637050156273,2.4389043510792208,0.07864945396841144,0.09932889844293159,0.6031456405002961
1649,0.4505632228538603,1.5204624521573673,0.6636899782139496,1.1132592044188108,0.5400584893666455,2.6537298378887164,0.09105405505706278,0.0759428608159374,1.7891389568290441
1650,0.033640941606008,0.042342945635347184,0.04512316274842776,1.7245318594930505,0.5888427465566257,0.09784111027687437,0.1337484582038975,0.12301833782581167,1.4368830600778257
1651,0.7654780159404935,0.37057294584904377,0.10121147288640822,1.6349354758932402,0.6956106210483148,0.20912652928535214,0.1940979428431846,0.12472073764687315,0.9297509308380169
1652,0.33632645171601877,0.08002967617086615,0.4829632701684335,0.6004167764455735,0.4302131787520414,0.6624307038933273,0.265252812886848,0.1119116475958218,0.9210909518656536
1653,0.231851155958983,1.5827135184169365,0.28254252342572733,0.22962077599519337,0.8364501338127059,2.931513570666268,0.1599560778566303,0.09363542975526898,1.0346054011084014
1654,0.5436550845168053,1.0187128116079436,0.8236535556764378,0.6431010990905606,0.6578784939005244,2.3496294942445477,0.0636709524132085,0.10654999203537899,1.7169879350110828
1655,0.905099141130326,0.688912040318468,0.6991709746383544,1.1850891599080562,0.24172979228808134,0.5105053681825722,0.005703897374127687,0.08014771826581615,1.04474118107321
1656,0.0852811366540629,0.8448586634556361,0.14506524581833796,2.1231267981660076,0.7988761136345833,2.750478376314505,0.14883391767210355,0.11620701584735599,1.3880701720782311
1657,1.718758995497259,0.2821355796319766,0.3242735492064905,0.7061642232514154,0.5761031878123483,3.7257922370281147,0.28254310668975335,0.10425743347583419,0.7870234969536187
1658,0.08658330769662606,0.21458894376726828,0.6880452517579878,0.9696847948212923,0.7951944554263853,1.0542827319194417,0.14956043372225813,0.05256291878908496,0.7078526517655668
1659,1.17823235330864,0.5708416086047652,0.524163375924132,1.4363046434203808,0.5694247842226318,2.5502828651024236,0.04381314986220643,0.06119234011147151,0.03555588005932753
1660,0.6418429072378253,0.6635109475712028,0.1577292826788078,0.427555958614672,0.2848488955143581,0.7458719978500259,0.08386111779264808,0.1712677512476106,2.0763549429489334
1661,0.6049151968410074,0.942414999939448,0.5427632915133368,1.3563808804477322,0.5102579969958101,0.7930310321450206,0.06620877757213985,0.02906351290971873,0.8240587326486974
1662,1.0211675623052967,0.43925555939185734,0.6526351141580145,1.5044535404149437,0.2483224203912046,1.5364473631593492,0.17903202688895603,0.11343678126143705,0.41272262929511877
1663,0.020214010050395415,0.784829321579968,0.6202040992951792,1.509262627269368,0.579612177104319,3.410658375991776,0.10306691888788645,0.040314983621059376,1.1304093479447013
1664,1.5515054383009816,0.11145087628624598,0.3944448243713543,0.6899453150269991,0.49495274914600473,1.7410913809245774,0.10858091527002736,0.02320435020891655,1.3584857754283435
1665,1.560906906330542,0.7887524969840668,0.503610145217413,0.8954441268501909,0.5920399903568458,1.1697647414914434,0.1924341702707515,0.08085404288943684,0.7867606966450424
1666,0.8952056412190805,0.19070500444197563,0.1222190499483671,1.662717804148808,0.2723071166867292,2.760124421319072,0.06141692749563928,0.14363783359881083,0.44965184313811996
1667,0.8981872168258211,0.6834076823205983,0.6574290589630782,1.4085742647553747,0.7392033170131697,1.310040096704474,0.05161184476510382,0.09580148992316008,1.0381033251135432
1668,0.8036532218515593,0.26741400069926446,0.5074456879078925,1.7628743250183705,0.13822226228209533,1.0322117408417655,0.062256924393465536,0.08225921523056949,0.7398790562661517
1669,0.7169689146652958,0.4659319650986745,0.1301331769933504,0.20818863238893193,0.6069366712725542,1.8530108515833559,0.1299153921178455,0.10006415554218313,0.8781077842476567
1670,0.41966427856934185,0.4867623372775549,0.15802410366693248,0.8983941633229011,0.4403762607014353,4.072146824521549,0.18990614013944207,0.08207053680168899,1.3658156969244355
1671,0.21973791295268555,0.0650605208554978,0.7616227145405381,1.0377511527517542,0.1446616577186957,2.161864670321832,0.1389528138800534,0.11183805456319511,0.16042465895895064
1672,0.6800780222353973,1.1311179008222159,0.42212743811568987,0.5778553983056629,0.3015505786080275,3.1841076198783567,0.1217749826032741,0.10735895832085017,1.4979658061680778
1673,1.2296379262128254,0.3428770711311861,0.1835907573342392,0.34927996660440663,0.3946185318652523,1.2536037176310992,0.02235836142367109,0.08656102243555466,1.0327850497712405
1674,1.691852836259245,1.593869261484968,0.25976861703409726,0.1794273422888235,0.5261340470821271,2.9471564468871017,0.031345024410881175,0.08935006750557416,1.0723350257677224
1675,1.1179660254763872,0.7381781075759254,0.613758282909282,1.6377056755190091,0.5851860621471239,1.0817278264566892,0.24588271848434323,0.10507289227443266,0.9529493751772324
1676,0.9102850452786841,0.005227598088289376,0.5864869759269593,0.4499459588669271,0.2972669659029748,2.1311186580641186,0.1272308518230575,0.12573931566100893,1.2687781669697584
1677,1.05097729110628,0.019565536445786846,0.19202861204178545,1.2541549631511084,1.1959517856710549,1.4503379507628023,0.002170705404143436,0.09239110810373319,1.2599086223800462
1678,0.012687830271571943,0.008214812090897972,0.6231390961007852,1.4805728882144251,0.20035273473293913,3.8837224278607874,0.0680353960938147,0.09507524579294921,1.3818281503162
1679,0.24887500383751288,1.0510348257330555,0.35909166237488915,0.5100848561867195,0.3087940049138065,1.3181677995468757,0.05645496875035278,0.1158352252286913,2.0401099658673023
1680,0.4378092443418411,0.2021923303140566,0.8153283773859313,1.397931617676053,0.5431304058335686,0.7661088084206188,0.06569430356507952,0.12647519020829306,2.487605250071976
1681,0.21530729891580155,0.5844495114681845,0.23190887685325778,1.2320720234634126,0.43699784614875026,2.7446160164166122,0.1077604174373181,0.08579285873466484,0.5099228319004732
1682,0.44398657798834784,0.3790064385782783,0.04914402827918102,0.5583233483523357,0.36408827280173306,1.9917414896889862,0.19398651584377472,0.12160687253677178,0.5389363520145146
1683,0.1022957755124049,0.8243731367643183,0.3076920006468808,1.0751765199090797,0.5705937718763179,2.4045227391425414,0.06186817802433152,0.05525911500552964,1.4482474361916224
1684,0.7824878739633321,0.6295111725255803,0.6806606294683091,1.2835776617038552,0.6730783630996362,2.473608408457883,0.03282576106378318,0.0928703518396233,1.503746881470931
1685,0.2753564965118149,0.49866294676658307,0.3750988680363277,1.1547445960427194,0.8415521115050759,1.7397454939996655,0.021362653788266434,0.08103887702974397,0.7522325895073567
1686,0.3438525365723282,0.45191440988851533,0.20684418771475793,1.429344908380262,0.5125387578666576,0.927057840371332,0.01577672688233811,0.054378589384879036,1.0730826999800291
1687,0.3526238909472657,0.13636491308601323,0.21714969101617865,1.215791218970612,0.295335298218097,2.9508886630514892,0.11894577877395582,0.03291228599803237,0.6046096634129856
1688,1.4376441889929594,1.1931350443050213,0.1210762177616487,1.2260659955393198,0.4547437286122179,1.9903075485317916,0.19178925859039214,0.01619005318670297,0.026122885198006984
1689,0.38916625118331344,0.5163429660211519,0.10254597843568536,0.7138986444081797,0.7268373088262967,1.7062988555091778,0.061096064656104725,0.06436456812188121,1.7971670188484454
1690,0.21382738941267107,0.38693774399848563,0.02477632515839573,0.9132909881614866,0.28476849618193556,3.417422645189369,0.10655895437065938,0.06500250369491445,1.8261005230305831
1691,0.32997021722126685,0.8349710063347772,0.015399908084914649,1.8147267837642338,0.5763340203130964,2.0279619707191494,0.12474817976677544,0.07737065115682372,0.20055386262213737
1692,0.5281680263469848,0.2463806173558668,0.8910492241876725,0.29701370548929396,0.5127178071068276,2.1959010069630356,0.14350188050815868,0.09852951324352634,0.16333647195114165
1693,0.8132668811067743,0.41516004419663255,0.5337709787273108,0.6927817540953456,0.3611736061047999,1.399815067765068,0.12997066984274355,0.080296365386605,1.8374318389364783
1694,0.18494733197705113,0.6734916791039777,0.10888731731442935,2.1772223404871496,0.5841463076033598,1.3299471965200198,0.15441998370297363,0.09291171540859654,0.45698058916076045
1695,0.7947884526195104,0.3676720754441929,0.2501798685596968,1.5092104808156026,0.38388948792100486,2.222756015367246,0.11025312462025973,0.13368584785921184,0.7716604839482447
1696,0.9156968730161197,0.2076510629777774,0.3158238829051866,1.0288023743431145,0.5523209010484533,1.1084024763395943,0.14378535608507406,0.10720720788870619,0.9695811304362517
1697,0.8660916321114673,0.6089759197706093,0.3737231969738438,1.2019336585438922,0.9123887898016549,0.9784937261158608,0.15126553735914916,0.04912824175488998,0.12899481629340337
1698,1.060732404563102,0.21056176164425291,0.6072842638431938,0.43563759669638946,0.47687695185641693,2.582770650894793,0.054229631775283296,0.10206047245261285,1.1986629541646738
1699,0.5747477598579082,0.26142295198820265,0.32990089234326886,0.14538581728691868,0.29125444784365473,2.678150906210457,0.10385003898883324,0.11634823767526387,0.9385577229883414
1700,0.3572971302160358,0.014595347962648553,0.05887632899985823,2.0048354099848344,0.5003061606717435,4.545279713298344,0.13121707583316494,0.1005292236656924,0.5368745437078785
1701,0.2372337766614628,0.23545460427818343,0.45699497806048145,0.37647398894547535,0.5722476052147332,2.631466631021438,0.08044032912319135,0.10346502103109986,1.2480301958863729
1702,1.076129122978123,0.569646558678261,0.938881827686082,1.4929226227599557,0.665231444897294,2.317989418632808,0.04957882925349175,0.13630489267665,1.025938752022117
1703,0.0045044523280566295,0.6088947119271415,0.38665156546949275,0.8011264170744139,0.3639344696615443,2.974276957555884,0.03716517199191188,0.08613049265960004,1.0791391809179334
1704,0.48908662834571853,0.53679525357884,0.4983445745849714,0.12156119287047973,0.6120042518171506,2.732546647491948,0.16129863814957962,0.08905322628813594,0.5955183121086446
1705,0.45691096703586453,0.696200200552086,0.6761156180140617,1.5953420793981605,0.38872756953924736,0.6797722432593207,0.08586057222192525,0.13637253236252864,0.20954120367367013
1706,0.9871467843305965,0.6030134711836188,0.014033474019479353,2.1756775939378556,0.6638888474596325,1.1633879886607112,0.04623979812457795,0.11061425813510763,0.6200064568731786
1707,1.0181137384006274,0.48150772518276297,0.4965396078803066,0.46112939237407824,0.5331738378420849,4.108181851439833,0.09703817996626621,0.05381862175321781,1.0510778842045851
1708,0.775272985175852,0.14211299070315042,0.7926505124460537,0.9255130017676411,0.4304818224187361,1.7649351267721611,0.20818976352458624,0.08498422130225965,0.43830710495651604
1709,1.2593843463114596,0.3568839072021022,0.44208817526918576,0.6518933880012275,0.3303125723514284,2.1936393833065964,0.07786265911474718,0.1458299608336857,1.6884701575247085
1710,0.34545436155342024,0.5113852348192409,0.43879768046881973,2.176958453642527,0.4200661887529047,0.08274379872536275,0.16812049647318408,0.10279021879637222,0.49194724510083065
1711,0.32828430232334666,0.1025740454890241,0.18339334236920832,0.5475091772665273,0.7480381985500365,3.506731670736297,0.30380895728795737,0.04131669405916556,0.791729658575721
1712,0.19904931264702394,0.7298044235613543,0.31572040800096174,0.515444854724832,0.5174819157388144,2.0801915585061495,0.19392525020867532,0.0951052967565925,1.057261161120736
1713,1.0604888047975065,0.3862855906113675,0.24787042214308821,0.7429078768525198,0.4002930803012002,2.415178982335872,0.07176093697833164,0.10106121791933378,1.355255576159923
1714,0.16492355015743457,0.4157286457000936,0.15846753626221133,0.47200645770194744,0.5653139300212816,2.1373021084221895,0.16198791346248667,0.10713023047548888,0.5721110875733363
1715,0.47318496846452557,0.5979900441287032,0.45315672678550406,1.1546401213985882,0.4843819767860398,0.6102006154028021,0.22247609678659666,0.06565639198034155,0.23128538752133576
1716,0.7367037213223258,0.13293470690179243,0.3644731272713752,1.4695969621862748,0.39265733883393167,1.3740117316549747,0.013201405142606065,0.10549636289973915,0.6765718646773351
1717,0.49914610807646886,0.09624402574432522,0.27225828040512035,0.22214057950279376,0.6134578849935977,2.8259355975626956,0.17465114387697322,0.07489566612661334,1.943858360995717
1718,0.5494665339450764,0.2645702123840534,0.3550181359706436,1.4719650760652354,0.6368841391706721,1.829030176354476,0.13195539955449112,0.10360146771889714,1.6955549473842226
1719,2.6667790939961726,0.1825585488642653,0.056506482991018625,0.2813610687621637,0.7169526298396814,2.1274005694953253,0.08961713329241289,0.09048358039723838,0.4991216786809378
1720,0.2691584839690747,0.7101202908208145,0.6451036641480768,0.8481875423227605,0.6100676099492627,1.39269273090884,0.2131948243920137,0.10596661409954347,0.5118618000991731
1721,0.9230654233408679,0.0969593215241164,0.22131949848455829,0.9032702758596532,0.8036746274524327,1.401313480378942,0.04169162726845871,0.10985468137223355,0.7717179296517711
1722,0.29518469582508294,1.2031693403964105,0.756701483234111,0.3812240369006461,0.8646380438871533,1.5642352334351675,0.1578314377776329,0.11335744560835913,0.19984398105583812
1723,0.43746628514098296,0.5952882037800025,0.5063100974942154,0.5834843781204277,0.4951681912452588,0.6455627823143866,0.0660404319495327,0.045362012205361395,0.4673631648671173
1724,0.2727836269965371,0.33773643189412705,0.4901438229705723,1.0981762312849481,0.171024355298816,2.810204194098422,0.15290581925925273,0.09828388108611932,1.7696734400968168
1725,0.6489948054647916,0.060510574597105404,0.19974049965877955,1.119902088239921,0.8438026840883242,0.5639382493366718,0.1677456796048276,0.08102058545411862,2.979995137227351
1726,0.7349191961434987,0.8016266873406102,0.48976928112983753,0.1548313058217483,0.3312945597268921,1.9012462616933372,0.14317660791454698,0.07862050377446184,3.0024746167751295
1727,0.9635777862139789,0.08573663112002722,0.4413857357979012,2.6012724985181284,0.4472559340965943,2.1434674959830033,0.01492062321124367,0.1330891317865257,0.6069614091443769
1728,2.4410678002122626,0.7893585031299832,0.6392761382297174,2.214049000965403,0.46852308794775854,2.2580742580471354,0.0859128525743943,0.11062753259638067,0.5546455962623713
1729,0.8139377960858478,0.673006631499081,0.180742065316616,0.3164545977487224,0.6570038390587869,2.2745410880346624,0.0720947918040638,0.1608875450400319,2.3113925056808178
1730,1.6509478784010303,1.1075999728066246,0.22843850008689315,0.09308219980359467,0.7882517338870005,0.4637063997647666,0.03571071077639962,0.10040093181467064,0.7627623769792202
1731,0.3493087473277401,0.035200813694026,0.7307221867525031,1.4883981259754637,0.37906680378608554,1.1009387063165073,0.15325348309875908,0.1347026827209415,0.561759334017639
1732,0.07385587382508108,0.9793159686265267,0.02395704156628342,1.0907518381357464,0.44802420104545326,0.3867044509002193,0.07077649991169926,0.09288937970188535,0.4794518865168151
1733,0.6343963579729315,0.6860827040561035,0.4979874743239119,0.9500204534471944,0.35190163968041677,1.7791549866837706,0.17800909231560608,0.12048513300758747,1.9147158917949214
1734,0.37087832811012383,0.5450228073267316,0.1576717180578812,0.8877323347873897,0.46544735170612,2.360597440593059,0.22702158556624924,0.1366035818698521,0.25076523958361807
1735,0.019650417188290525,0.9445967039999967,0.026415136277679052,1.2568536528406906,0.1268004952471543,2.06515931673246,0.10211967145513742,0.10505539674206872,1.3743128221906833
1736,0.41791867224725776,0.09636319330823567,0.5649501260514738,1.0181258424725144,0.7455247265196998,3.553388056730938,0.1261751096396696,0.09871714770003821,0.02920168396484457
1737,0.24206935226358797,0.41102567948717084,0.5278754659152824,0.040809424493990165,0.48940716855324434,2.0271817083921535,0.1933756862602512,0.08401227520497331,0.0818533272766816
1738,0.7430833884146988,0.25172786670486574,0.5612068547805273,0.896993285681593,0.6137809070806045,1.4364931503367862,0.10160897187990403,0.02315608995137393,2.231015940442637
1739,0.12870577234100192,0.6213195238235529,0.5879918058253367,1.0257278721134813,0.5316019861308967,0.6895222847433087,0.0468689783499988,0.09022445214688203,0.33534743921183274
1740,1.016465636228116,0.5564109526547224,0.8304540545516405,0.6722468628034551,0.4404195047709572,1.68636143436276,0.17725856042848714,0.08103093144503352,1.485470549465242
1741,0.053206639751660234,0.9898976330956724,0.7493958241441212,0.7194457374371023,0.6785016665766841,1.766697519654004,0.10087683160671981,0.06667770820006669,1.9510037492136727
1742,0.245657011609503,1.2956464195782422,0.6874992690091597,2.389196980958286,0.28370131594665504,2.7647586694839426,0.1503994218517286,0.06896101998149648,0.09506339196204949
1743,1.3472290443804356,0.35976863060085773,0.2068592674712636,0.7752026972451658,0.25345011862285033,2.024027505485198,0.12058027149579682,0.09586228088834481,0.19170809340889194
1744,0.15006029497303308,0.22522079021907318,0.7976413362891868,1.5769759282768412,0.2983539306557401,3.2958016731216544,0.04984435983082855,0.0804461808969133,0.1890821947236857
1745,0.7061237122126471,0.3792255580440016,0.2630210581243215,0.13987095377034797,0.6527236500700421,3.397821075677826,0.158987008371854,0.03275350372844231,1.6244897375190255
1746,1.1085104799093317,0.497931683629991,0.28288869874441414,0.8360416051480402,0.5708031389937998,3.103598194777911,0.07765175173664492,0.08028817936801934,0.43409365299828134
1747,0.9373714249669911,0.049092908586053086,0.28542335489423204,1.8538150373492035,0.3072628212714199,1.6823821374104475,0.21128988278488203,0.14151515722604693,1.1832886964056677
1748,2.0113189043817763,0.9780334337258572,0.6174952794464987,0.4532065849892408,0.5272847972947827,1.1673517227939052,0.20066255304778804,0.05830211647439439,0.5182343609337565
1749,0.10815688845740615,0.317109429989746,0.5896028914116138,1.7978208389793588,0.5639594633499057,2.1666995058697562,0.18647322423043272,0.056358463949436124,2.1160581513867838
1750,0.6528552567947379,0.2703228531128661,0.20383221810193564,0.836315998366136,0.655174211348907,1.850977720714443,0.3041413420889642,0.08139662420939041,0.9372084536988583
1751,0.17498680452489623,1.1980697082381346,0.45317400966637544,0.5656760515585227,0.3880203480365637,1.4816017007880011,0.07809549365562886,0.10270454095053508,0.6903557211671771
1752,1.160968148012581,0.2381523216164756,0.27748097267915306,0.9130570460161833,0.6956288091330514,3.1506373161887202,0.11944473448300387,0.1241438800270159,1.00238039049697
1753,1.5614830798622477,0.8787735863790149,0.19189496182365143,0.4308451906704951,0.04422719746044601,1.3267993887646796,0.12663439480701505,0.001174595873219872,1.549384846448893
1754,0.07497999481025888,0.5780466585467494,0.5099924978803856,1.006222980800308,0.4867640134052032,0.8565161272422678,0.18744706976371228,0.08936206184106472,0.7959891139672002
1755,0.3739413242183517,0.46669328574006874,0.17867598678228175,0.7964741992015664,0.4458160680984312,0.5951092353870715,0.14209098441814422,0.11497137933986813,1.9693724009742435
1756,0.17973513762291998,0.8711102857650865,0.23140006891943643,0.41090637453713275,0.6794378342962724,2.3948118216386574,0.052434879748924725,0.08496540233250252,0.8429611344992208
1757,1.1980485693414256,0.18477787993052597,0.7981969788210668,1.4631644843075606,0.34249121869667887,0.6644686855709827,0.0723650187879823,0.09395564496894929,1.7063359927561106
1758,0.32079814582370725,0.7207324245959187,0.4891428675704125,1.5081833308643988,0.5737315376293233,2.224972965458025,0.14786030565613978,0.04311733296933959,1.4452812083120352
1759,0.6994758910765829,0.47561360665573227,0.1667051162509618,0.577334323955054,0.21058359033217783,2.405045762970667,0.2595089992933781,0.07200498355777656,0.5182444664140164
1760,0.45379842692105765,1.543364399715995,0.6305006585028129,1.6492565893442803,0.16785132726982227,2.8783726385257262,0.23109731517758408,0.07292470201869844,0.8286641762459848
1761,0.3562682253780045,0.0804598761019304,0.7117688665090782,0.8908036255030648,0.16664412853502092,1.350898431856753,0.1866332192615691,0.07074133390278682,1.5872760044673864
1762,0.1798454126996703,0.4341751198575979,0.12778773231781695,0.19407528171288846,0.8791225699332043,4.173846348016755,0.10979398467968361,0.07912477482745917,1.2721249716511038
1763,0.8539327267429098,0.818326899533744,0.6163999941027102,0.4199543201608815,0.5935714749146438,1.5214030125045606,0.09751314327607834,0.08997242890842685,0.6780466141209784
1764,0.23898078143248025,0.10722717251988312,0.48341184379274715,1.111852802750212,0.3867396506488127,0.351206855181299,0.008304527426769848,0.10740321896590564,1.826213231578926
1765,0.8411968750659466,0.5603639995159394,0.32038126623357205,0.4489639809600412,0.4011952852218576,3.5542625378999997,0.1694030399975504,0.1784136409153489,1.0406169691691456
1766,0.06599808339536678,0.11476382032764984,0.5001292060474517,0.7540038062043711,0.24169737613625253,1.8781429743327533,0.04227166500571543,0.10938750021036112,0.9538447535211165
1767,0.9273420417398153,1.385134802036706,0.3462702973012263,1.8351829069354624,0.4892459339645772,0.2526265829065446,0.18657187035842232,0.12579294755047868,0.7014365263372202
1768,0.14840210738900164,0.5308578792339501,0.5368150162745755,1.1053549606229391,0.3316551749906267,1.575632477063357,0.15763551756319516,0.04967722410965455,0.2872944078261983
1769,0.010459231311073347,0.3658028517370168,0.9984001883029396,0.9122954297604707,0.4675627810651077,2.79509335842516,0.08720465982408206,0.12438471899451342,1.191439931866234
1770,0.4495972557844219,0.29245283165174724,0.1684107972296364,1.9149197132335358,0.6910441779203074,0.6859002576242494,0.12175284705165287,0.02502853611126432,0.14949369143771452
1771,0.7279110604468764,0.15792410753423644,0.30807457375417463,0.39752639715258054,0.6848826244397,1.4021207235564273,0.1274540817229504,0.11582817006703872,0.36348099916314525
1772,0.35030840877176417,0.232996953733157,0.3269848609161497,2.331136225482106,0.6019037753374006,3.4770909822825793,0.037700283729081935,0.15697157530734773,1.420151276316028
1773,1.1707854302669278,0.040091525088177704,0.2691797322656497,1.1533239564102877,0.6265868136198908,4.062207148650086,0.0041732031999852925,0.09057769906881324,0.251385367386712
1774,1.0998325034211716,0.4992422354493785,0.851567462905301,0.3889058812914181,0.5859530553920973,2.2948401426916245,0.06012948191994932,0.09795160351748969,0.5453455036907158
1775,1.0330572696364795,0.07146818263735355,0.6474003473024255,0.8274310064576378,0.4304764992631303,2.2298583400171537,0.08090671207945684,0.09001118094005937,1.8068328705335421
1776,0.39015085202539823,0.07905546081780956,0.8209313889398511,1.6800163210372974,0.8660053529671147,2.604412136874568,0.016029184466485907,0.147021271366705,1.0051052596504706
1777,0.14518321469617,0.3454543696230539,0.5731452697999749,1.127076954804669,0.5003293570589687,0.9136462482072575,0.14473331010302123,0.1458917843778103,1.0228479281960374
1778,0.7206994078430653,0.44458156107864844,1.200462296588782,0.07691898903888106,0.6199455509087487,3.279361671956551,0.07100484997321883,0.11219827065586882,0.4348129421463124
1779,0.099997846483248,0.23537932748276927,0.27359419774613813,1.2249138126922547,0.43056314134258933,1.7276183407761487,0.1516366472256071,0.11192211554736321,1.702234213399778
1780,0.26764892662679823,0.27686157284631596,0.20501435301264628,0.8471844088681775,0.7733148647202631,2.6127325711664096,0.044653368807740956,0.1009001291654116,1.8942121895351196
1781,0.14885761671979592,0.4065339624055134,0.21404566809651823,0.9861148380491619,0.46357770334134096,1.7825134263957831,0.20440247937015577,0.10102920132833014,2.1223780874461387
1782,0.13194409909266228,0.21189077119890015,0.5073206986900438,0.18558087707559456,0.28890415626830435,2.3435339084976308,0.2507374427430402,0.1337912702280247,1.0814475285797673
1783,0.16878862404410278,0.5952641139675786,0.24430535457493013,0.46787850703743444,0.5157548177740673,1.724072307774489,0.06401495475731216,0.039141629819751854,1.0384354429696676
1784,1.4558071079485952,0.372139419588311,0.35870649385906045,0.8760764003705988,0.4554221301024146,2.0586665160111624,0.09152007045846988,0.050775985215667924,1.742235875152683
1785,0.6830850063329368,0.030860836785913892,0.9311689373918505,0.5069886049166412,0.8315046441051069,2.8252632583169763,0.17820722825408153,0.09661055884467336,2.0365889367405394
1786,1.1827568802431239,0.2027962500759732,0.13999711384886612,2.1260293249455717,0.5180503165640304,1.3061474598367486,0.2163393666892161,0.04973853347630946,1.397159182439324
1787,0.8188994067639279,0.6636394877824696,0.4153316070860498,0.3659689484012355,0.715305560244213,1.4796258438133003,0.022908288202054816,0.10298183110123643,2.748898603863033
1788,1.619505227556385,1.228347453388251,0.39449154786545043,1.0327575583963295,0.44531448482151903,1.3509868062093875,0.12798962124745233,0.08368127424853179,1.2763208288878962
1789,1.5079538453224057,0.8763920912253016,0.5531561015178124,1.0702800644576176,0.20491390719444647,0.461143050139192,0.11239415903563638,0.06757826180935224,0.7887501298970082
1790,0.9094951281513979,0.02741310832596855,0.3047346364123131,1.0877928321743213,0.050191275183658846,0.4308253492449572,0.23555183765723525,0.1419327651903723,1.2551535943167238
1791,0.9088235026278062,0.41011280452020193,0.7777920787359204,0.1433859644505846,0.2188722421670834,1.43196276305076,0.09035242099773541,0.11794438513247742,0.09900946038952463
1792,1.0057127547012503,1.0633120507114322,0.4073563720254033,2.205490142061541,0.23737506920167895,0.07726845091740131,0.13703610910247235,0.06400252785440866,2.501736234422851
1793,0.5470768354803733,0.8236694436176195,0.80770617632637,0.30969543848738146,0.42029663463040917,1.642930451613511,0.07879054554944392,0.1302240577297501,2.26094656458636
1794,0.3145264985487555,0.11848746705049606,0.1738216304419518,1.7636295336967196,0.8237354538326853,1.3031381753168656,0.10835714314647951,0.14216757697648982,1.1923507011856376
1795,0.3487732038300497,0.35941812923489924,0.7115070593844489,1.5259128597455018,0.8382741710335093,3.147702096644609,0.12678710149850636,0.09453172359382493,0.3395838251378219
1796,0.27784334759977325,0.2098408069686766,0.7245551694989472,0.9446650195621719,0.2530961481128273,2.759917142437628,0.11910902101113205,0.1052730372811336,0.7547839405692031
1797,0.2134951143328462,0.19103375330384134,0.5309096335440745,1.313907718462197,0.554161122820881,3.7422978508581,0.0451168915084843,0.07332006338082864,0.5156786032637535
1798,0.8320033734413921,0.5027783946401027,0.18618504319000195,0.3022029165736454,0.5177573910597495,1.3801995819513146,0.21213954409610503,0.07493575813833236,1.7465439006170855
1799,2.2416699400051145,0.24211095689508932,0.0734482038822506,1.4211155498075634,0.6348373632543278,0.9547808574701911,0.09663399308094031,0.06845920418301722,1.0806348973225306
1800,1.0284680552956313,0.8181687525837102,0.45470680369635524,0.04861737274208755,0.6536807963476865,0.5409494679499018,0.2088838780118204,0.062487916327165584,0.6941960836080492
1801,0.6185762469842961,0.7715150856290887,0.29193752302007697,1.0939767141268955,0.41789612733739057,3.352554302875517,0.03411202518704859,0.14306385804362723,1.0965451967298951
1802,1.3314931028142947,0.3165867321754201,0.4490750088405492,0.47193944906989926,0.1802064021094985,1.3735884351437375,0.20805947915369954,0.08882247705668002,0.3711425986865974
1803,0.16781167371577216,0.25273801374568516,0.1461040645993467,0.878969080256857,0.3147662792860655,1.5780577450888233,0.1935973698305019,0.04464722620197952,0.9805445606829987
1804,0.2975418437548436,1.5213471699863872,0.5338041456009055,0.6087628201619482,0.3370486862284905,0.7355930499930515,0.051002368092991565,0.09465375724307216,0.929287165118194
1805,1.181060613514935,0.9968532981183023,0.6172817065297165,1.1580538573036416,0.565250667770041,2.3726504014710637,0.18479639660674307,0.09158104652043202,1.3310692533161137
1806,0.5615438665629162,0.25681556354743024,0.09555728485953427,1.7437260542038229,0.5984946499464627,1.2308721511733693,0.12133266237067293,0.13293113562886014,1.1009427670045013
1807,1.3742959843301035,0.4507724835518407,0.5105548255769317,0.8693024092390577,0.47085830145488033,2.8104110073946194,0.1268297567108465,0.09247211663377237,1.4454937943922768
1808,0.21513673860770482,0.33628695540992337,0.4203033288989504,1.1824639681817952,0.6086896021245148,1.57133216365953,0.14724642008009076,0.1366522569620891,1.0005710922610043
1809,0.6764573155288556,0.15760218637044812,0.3541157200737842,1.8794227552653133,0.8154249327935751,1.6551725882721837,0.2772533863371388,0.1513793190273118,2.5804533683623854
1810,1.2177935025802251,1.4981224589747102,0.23541311404046955,2.1711316370469813,0.5969096528673137,2.7476104303108073,0.03819693597277998,0.043752985513894074,0.05546569626891751
1811,0.42401822169156445,0.7901293183390765,0.25609662005659606,0.19193953644703643,0.5234670774438974,4.049268249001847,0.05852159906957679,0.09743947160464383,0.2993218989553592
1812,0.44218074860337964,0.22752027769049393,0.2603521286202823,1.8429720346679823,0.5487456966167635,1.7236152919875385,0.2657006147618215,0.13975670585400232,0.4406735341410914
1813,0.10465545509085408,1.0189903214255203,0.6510773721166295,1.5272301209915171,0.6912223188986375,0.6945609128228835,0.14311329798709738,0.09955491466045471,1.073267029906962
1814,0.7168379625678689,0.5202524397424302,0.799949481398437,1.0283919757729332,0.43320619183347037,1.6336550261161,0.17363594809956762,0.11977623946523364,0.8420088787304804
1815,1.7757986903340783,0.6677101593930939,0.11189616675531924,0.6765074841374505,0.5527735532767999,2.5294792464246827,0.2336184110986947,0.0940753853571909,1.0868525878791113
1816,1.3169996481218569,0.1151345275243964,0.4508383406372821,0.19896745391936554,0.32167511469939775,0.6837610714428077,0.18164929378014524,0.07759905587360878,0.6971609709593244
1817,0.2310731515249444,0.8671560847281172,0.3590813248071499,0.6221517547289956,0.7819038326620937,4.700264683722972,0.1756553926256084,0.12647458143277743,0.45576474143631446
1818,0.5282006080058328,1.075363575216097,0.4086262268437623,0.6564093995279903,0.3815128111077798,0.6908236112703554,0.12354981566924805,0.1026135982322583,0.5730795871447264
1819,0.10971181045866749,0.707900717151964,0.28767615442808125,1.1414560564621992,0.863105028435806,1.430038362106724,0.049994010201907337,0.0755506138662451,0.4449400317461149
1820,1.2268021978302752,1.4861287624714474,0.2656878240681662,1.30097196522166,0.13746099911740267,2.5502460383696506,0.08340635032758306,0.1424907786767712,1.8120435369334005
1821,0.27970829903546707,1.0304646008765797,0.8366024292971918,0.10173485874572563,0.31669703200036714,1.3933441998968197,0.04257246889855941,0.10551577886458563,0.21192974689333177
1822,1.3761439529420134,0.20567170579702843,0.7144912718912744,1.019292593338522,0.4226023286617532,1.9884606868244754,0.11088824677404076,0.13206219086435175,0.9910208386570639
1823,0.43922004963297057,0.3115741216321417,0.2651579517017344,1.9051201144930432,0.4152427598036824,2.356494104486505,0.03694802428287078,0.08082851912292353,1.3204018735953695
1824,1.0602233887854249,0.8314595265351397,0.4443062908961487,0.6276843790186882,0.37260014448245027,0.9305472220958911,0.051908585962560205,0.06688956592943794,0.03242241393829992
1825,0.40306521008667334,0.29901120374821416,0.33123982423286746,0.79764806721708,0.30850567179793265,3.1569237910404704,0.18341943292565507,0.12143042328031105,1.6227076365284645
1826,0.6425844368349811,0.7928535336086826,0.7146565267937791,0.6505210313837818,0.9069931991270556,0.9653434727382236,0.054631332192315994,0.07710975156094318,0.47947096669059774
1827,0.13183274095645403,0.5290234551313265,1.300367160726605,0.5121915890347626,0.4376647257534091,0.12649168653329612,0.0957185709234214,0.07181184366920378,2.57605704728278
1828,1.3597458297918947,1.318970352256676,0.3441849005428935,1.719870059832178,0.47893075968507354,1.8909381391014077,0.021970598922461143,0.12094558044720852,0.5674671719558242
1829,0.9653894022628866,0.1762185550256286,0.453138042270526,0.6095334155062229,0.09246108567586936,3.622154406033504,0.27236151732407715,0.12279835913368078,0.9925503335290508
1830,2.1711587768692824,1.1516537999765424,0.6256974431738057,1.987831567648878,0.6209196069145201,3.2735276224471614,0.09310632826226968,0.1393689339842536,1.529029615095828
1831,0.42226321148650714,0.11987680771070955,0.6882252526326025,1.858528076256464,0.41838313863509935,2.1024522297892725,0.01261414123591545,0.11855180523275145,1.3706658472906468
1832,0.05072582767300271,0.6061275317650524,0.676168263217876,0.5419321742469478,0.5995888676788437,1.9058529286614534,0.3512542646475354,0.08343378306923188,0.8598319219540778
1833,0.2693572013698404,0.9538504771607443,0.23781799324313269,0.9585676509409388,0.5234644807403385,0.05598306358440186,0.10907959052347385,0.1353720453901002,1.7034701979386857
1834,0.6223522601844687,0.11831295474890674,0.42716764578842453,0.598306194584018,0.4674148285606099,0.14324185052388438,0.23655157298764118,0.11718144846535156,1.5891486753615953
1835,0.2969261532451456,0.08418539211765075,0.357355479257761,1.7924022619828088,0.8406659102683337,1.166006966201203,0.18508659945771497,0.07414837859859526,0.3398733462348179
1836,0.29776951568322513,0.14799631060433896,0.4390801607468456,1.890412164030465,0.7157108090267843,3.5025442485207496,0.13214745393236338,0.08539512645201049,0.23228657819945653
1837,0.15545694291803308,0.24885498048954627,0.21821912692202833,1.4095279285219364,0.4607867486685167,3.295964752650741,0.04350366426439402,0.11848440929922821,0.5023581924448055
1838,0.9340374450747018,0.7554051174115872,0.12440215425547577,0.1698325040080545,0.6392878282293595,2.5719958878512172,0.1381100258251701,0.07075215064994905,0.27027316328175555
1839,0.12434363368631765,0.558262531725259,0.3340926569233608,1.7670999649935741,0.8616025803893098,1.807534473591505,0.19055102873852076,0.06825947762962255,2.4352117218275904
1840,0.39673832095775974,0.8361635771876383,0.33927768367226824,1.7063688454743233,0.9475391563104896,2.338405335378717,0.1955890754122672,0.13375247868918472,1.38611533871985
1841,0.05805266740256837,0.4227306841397832,0.21182050993315832,1.3415301922282414,0.5114402083663034,2.1880264499538473,0.05010587773083551,0.09373293363944248,0.9029220513941026
1842,0.41736089952082234,0.4215093625010091,0.4541951613535916,0.6422371471123132,0.3924871495016541,0.06425972898522692,0.2559249724872025,0.11469295837878804,1.1453643148163772
1843,0.4569559658231867,0.03600156095904694,0.43046988532764774,1.779618325615234,0.8052705923992491,0.8887955832447803,0.30176242130784103,0.152043173127609,1.5990156862183453
1844,0.6594115405292034,0.47527938062075326,0.2017435853111988,0.8372865908443731,0.1647956150689564,1.5201133947750518,0.02228151126392383,0.1010885170009645,1.552922923883295
1845,0.979125433675665,0.09399471402485898,0.4191036454048049,0.9281396148485856,0.34022232039026706,2.4780777162097256,0.20048204168191475,0.10399315114889505,2.2165575514582585
1846,0.30321862087496476,1.0214745161919887,0.26092135965572366,1.78354764959363,0.20550893792732394,1.831562833027547,0.1616013546556906,0.0712139060504553,0.5194659898870455
1847,0.15690336587136344,0.1963752988564815,0.2772607261303153,1.4188398304027126,0.46390341583042083,1.534666851299371,0.11437425122327755,0.13589062685602732,0.5585957726169468
1848,0.9399459910888264,0.27355710920152077,0.24847024015811206,1.5531445721514785,0.3101246891504533,2.0479500919758338,0.15502581730331672,0.014722142824988238,0.19597838010551305
1849,0.05683159250019562,0.5207669682390415,0.6798067802127014,0.8111633617561713,0.5057389364696208,1.7229128749999043,0.15543253781486133,0.07488398552533738,0.8667273163139675
1850,0.8773950019462877,0.7692995073438891,0.055980300880102585,2.047178467850201,0.44978739115939226,3.0127223853316205,0.0891287184536403,0.1270669020481195,1.374257196861302
1851,0.36855286597568826,0.2448279441255281,0.05607356600965524,0.8261548903378867,0.8600281923514228,0.5033295300937572,0.15747994067412524,0.11938024350373985,0.2807338324528287
1852,1.2183386920514214,0.18714024985005245,0.3678470961158836,0.14712537974297435,0.628489152691979,0.5077462099313297,0.08879319196147809,0.0881036346967011,0.10805134395201821
1853,0.37878474960944386,0.388653876833488,0.7665831894113662,1.9826031440924927,0.41983441998277177,1.174619459078925,0.17086416456823653,0.14033949306086516,1.61717204825425
1854,0.12969872993170636,0.8810896552711958,0.2007624150359912,1.4371564202663196,0.9578682124423159,0.25516801890454577,0.16440441450498144,0.06214379951502588,0.8711175906156301
1855,0.013540023670241041,1.1455024291735905,0.24328577201821938,0.8836687671972949,0.7252528151972262,0.9153633429566527,0.13155370121536164,0.04820458698340094,1.3564912858488558
1856,0.20939188310568735,0.46826983535478933,0.5469680913137568,1.4887377516774263,0.5034201792420077,2.6839811884836453,0.09941880552088798,0.09138491929854897,1.337492533210979
1857,1.1252843594331807,0.06802045215718067,0.48724297793872123,1.4804940811735483,0.9158746308733855,0.33599936491416393,0.1854022011882426,0.061792141349044295,0.42498862425607975
1858,0.41799476685629733,1.043743781690082,0.5211837029291627,0.7181642594672366,0.5964347661776602,2.613527454809296,0.11743551976868376,0.06262572620464889,1.4775628494215232
1859,0.7998311188858247,0.43877245386663694,0.03680019963005926,1.396194940353041,0.5299627569759857,0.3305233864365613,0.09146845939414125,0.130234834087183,0.9978547522513294
1860,0.042609159167674826,0.521921644332202,0.6000384321932211,2.0340745767542057,0.1688951402607059,1.4544856206940238,0.13157566265956383,0.036532984148119,0.5135949778506981
1861,0.14231938914436515,0.43514767232412593,0.5985992509277287,0.45058538632097334,0.3235809608363921,1.9162737002451398,0.02528016286841199,0.10680584875064031,1.385269603310595
1862,1.1104513427835174,0.23829476188857485,0.5196133882701214,0.8892915790301739,0.4200093145616467,1.0437417375883657,0.033288256426536766,0.06335667036089146,0.8269799462492411
1863,0.08322312958563488,0.0414838599868092,0.021242402349622325,0.7944708273382017,0.7639965147330348,1.032451145612459,0.3237106901170602,0.1169968510280644,1.3571305058657805
1864,1.047464581057038,0.01984761631056242,0.5734956403321687,1.6325940496323157,0.7149910557647007,2.6437909251464866,0.012237105024276898,0.08651519378362815,1.5053368067480075
1865,0.14635667034071065,0.061377793558589966,0.6818983919163148,0.23161527661671544,0.4484115399896412,1.812143756316706,0.17511744639042828,0.08813283527630578,0.5235184182706891
1866,1.1230043144705462,1.2600051956845892,0.933372162378291,0.5784270337413084,0.8733494048044785,2.6454595670712204,0.15630889956686264,0.08012378386999155,0.943950445632352
1867,0.0931367940476859,0.6391829078490034,0.31842500415467667,1.164319213763898,0.33708805647541507,2.0135316878111436,0.1846007468639319,0.11552365581372381,0.8316065263405713
1868,1.0414188307122374,0.4500340582627761,0.25370282322215165,1.2991870706924127,0.49916302049382916,0.023668780183699445,0.19974939241260908,0.09284726541898516,1.1680888918719823
1869,0.012055653618471718,0.8477014418378921,0.4303190096873186,0.4637632195874461,0.46293640364366506,3.366187147941112,0.15276703283442067,0.015570158358962333,0.2667914118589565
1870,0.46693119294635477,0.2616904941669057,1.3165174992077913,0.39330607572179355,0.09534876254512459,2.0374537764340253,0.06212141372290788,0.10685198814244803,0.8823443543100006
1871,1.2862398844719614,0.8580524362097719,0.25276934085677844,2.074952313695504,0.3661314762472282,1.7404540753240791,0.1140559212355528,0.12902752835937875,0.15973938876670357
1872,1.872914149383863,0.8590108795697455,0.632414663939171,0.31071924917134774,0.8398638286380432,0.3900123763199943,0.12443235366200764,0.13782014345257756,0.9447370794878742
1873,0.9417390320825292,0.23319989151073778,0.11195843268137082,0.707411483069502,0.6095400161403054,1.8537772396190402,0.048292161775673574,0.12350590636527903,0.513625849833117
1874,0.7245330491309596,0.9823364373640744,0.14869890713538397,2.3548870835422053,0.42381861887501016,1.1633795872395998,0.12531741795615442,0.09397194510246575,1.0014474783717777
1875,0.8694092375046925,0.19359268870210186,0.043774463616713666,1.6882579152388555,0.4959065358250975,1.3485597106047598,0.08424730299886075,0.013219588712736208,0.9080286810687842
1876,1.7043041603061584,0.27659764015249544,0.14825677398929515,0.6593261321150965,0.3831310784853932,1.9108234736766307,0.1511825298211504,0.07526303234013933,0.612045114574558
1877,0.48746460096510097,0.5972025165193915,0.9655733321133585,2.245530065960324,0.4479272967819359,2.4231171352852003,0.0804788002257057,0.1404802348112415,0.3362843489075297
1878,0.9329510857783907,0.07800530179050308,0.2584507654605604,0.0042996235907669655,0.43326238725967425,2.3316363844521444,0.21912151904865232,0.07719975338464616,1.0323247655118963
1879,1.0269425429748795,0.5341540281258552,0.7385462668405592,1.4318366680068806,0.8569290775091494,1.5871191303048489,0.21264647297704792,0.044296764135676674,1.9863956245999825
1880,0.8869306707329194,0.24031630399298448,0.48277839545918294,0.3975058087713643,0.9466316623768116,2.4299828699952126,0.20609602904955662,0.05751335469432202,0.5577448536505325
1881,0.27726849483377425,0.35969974727999815,0.12511054877833944,1.531900587700218,0.7634901700518907,1.0637214874433663,0.13494024372733113,0.13164590568020684,0.5404241763692961
1882,1.4875135696155086,0.24834847156460504,0.05242820372284013,0.7510983522644499,0.914771756741505,2.553644069247149,0.16608167540475283,0.07945539474257748,0.5560722047199596
1883,1.1602708615612127,0.3520563977090003,0.37836479865863026,2.4713826082848076,0.48084071782957305,1.695430581626239,0.03297996703072471,0.08945001901208596,0.5075225479260417
1884,1.2649472667172732,0.15280581897583345,0.3478795663576519,0.015014181717672881,0.11078323470561713,2.702776550095388,0.15258879788562843,0.017298458465095964,0.22987726334859893
1885,0.388561454491418,0.6191701250692183,0.3895321422175356,1.3308376646946485,0.28842466913322345,1.3309032513629782,0.1820565035614437,0.0428617207165488,0.255979842333247
1886,0.22395732690775252,0.36295489047353635,0.5747304753489777,0.9143104341162401,0.7099841283982753,1.9867551370746879,0.18317556383750344,0.1323396951783174,0.9479623181613633
1887,0.4683818203997591,0.31076826950880443,0.22747865657258534,2.416369222536073,0.6937620058211713,0.7682832779539657,0.032132751019618946,0.12826011785012933,1.741544590235495
1888,1.8403826795964644,0.09099916097057537,0.7009975165368065,1.0313436069489441,0.647568656212089,2.0860010313181077,0.22879771060541904,0.11535822383683104,2.146244796085119
1889,0.11842909287263936,0.8669120390889462,0.41977838422990593,0.4014762258397324,0.6943959828932631,0.8402152746890053,0.13106838550232663,0.1398164068734013,0.8326547240030386
1890,0.6755812993345058,0.43086039330792614,0.2526884607573019,2.084810347154492,0.2135151685875497,1.7005802771455696,0.10967264784708712,0.05368627799035017,0.32943150351667216
1891,0.5902007533265778,1.0971050011054875,0.38304427045102757,0.7256323144540007,0.4158843806578193,1.9094690557993812,0.1287452811776145,0.10793785028399913,1.554049018835075
1892,1.278955483002806,0.41135620422645836,0.7617112121122076,0.3091097260309654,0.5513297765054913,1.974396836040814,0.16752724687023218,0.09051218430570804,1.3799112363445525
1893,0.24424226314391398,0.3120182178952107,0.09482526504655864,0.8886501767050758,0.2526778236682043,1.2927584424134195,0.17660362841669092,0.12676618287156188,0.19097235044070482
1894,0.14885851883738027,0.2664176686190771,0.31919050738213667,1.4462456098499443,0.7061601395830465,0.5701976208133113,0.07249785707472754,0.10017102670025782,1.555320660583515
1895,0.9381040530338662,1.2770153966742077,0.3070849912097698,1.7131602611101848,0.9070794418589887,2.509808531003603,0.2255465465059932,0.10428906777290162,0.3250526907731136
1896,0.528802032492945,0.33901404331592566,0.37578501977397155,1.3428780959033026,0.5089357931992661,1.7973787858477392,0.27565177070457814,0.11694264465047381,1.2795185286244328
1897,0.16670251661519248,0.1300060779288468,0.36544890103550487,0.7269522570912561,0.6202419890492246,0.14334099317240256,0.19283711591873215,0.06640717541648533,1.9009920193126406
1898,0.7663178363401062,0.6462750081596759,0.7041098517791657,0.6081797272577354,0.622577831159915,3.3097443932723594,0.24155315421900492,0.06495763006377012,1.6537341883507843
1899,0.2704468093031146,1.0723527016628738,0.9687822671550476,0.9263773958902858,0.44730565047198156,2.4703534539073924,0.134226181664778,0.07515337611201515,1.6606283663101984
1900,0.017719171400862266,0.07714630405790218,0.04892432530827834,0.5180037255895074,0.277476525346832,1.5007502666621633,0.11844299530046701,0.04441481290948384,0.0793928412528746
1901,0.5311884966855227,0.7957389226527989,0.80899007139504,0.5335122007384716,0.306041054250092,2.510633574460423,0.2087981430299563,0.09654933005822298,0.8662556717588471
1902,1.5746904242510726,0.8219683987661812,0.49920435030118704,0.3273766267125635,0.6567808140634688,1.7502012641650582,0.0584410771781071,0.10840204108464402,0.8011788884379224
1903,1.0135732348983866,0.07650655889877417,0.5924358473049496,0.9183991730536119,0.5836058485391884,2.4235065185488693,0.09571792529527401,0.07914340862976008,1.5610962393230683
1904,0.9048319792238941,0.7090718579297357,0.16824899353719144,0.172492469777749,0.3929465459192403,1.441835259253841,0.17216773919702796,0.09649657307167725,1.078890384032711
1905,0.39012148672440666,0.6693025235521302,0.7804755963144479,1.682167878254512,0.625707523559909,1.8934395407103846,0.16917607424302192,0.06520292609882775,0.7959212715574783
1906,0.5163554453106315,0.9502697384533556,0.12593955380641517,0.15543248268707666,0.7353775160434586,1.0653753362538465,0.049195480789924015,0.02800157625158628,0.4752151579330073
1907,1.2232703808463092,0.33478538311990547,0.999961023135472,1.8094070545795191,0.6647687918723232,1.1426148046018936,0.21329456421744444,0.05137733327667915,0.5259566821151632
1908,0.17954086850978412,0.8057098162252225,0.5678871892740128,1.050639393520017,0.5249174501089315,3.0288613795144412,0.12254999852032139,0.1871021536003104,0.562655567149644
1909,0.18561449942816738,0.8928092474946516,0.10125174150275132,1.4054980266852528,0.42098626234154424,1.4299909366521566,0.20035284283560262,0.1139439989189078,0.9529035790089436
1910,0.35044632774280626,0.34679491889939745,0.13076185438461765,1.1534874612009551,0.7127141676899169,2.5044950641137405,0.046025203009479015,0.11223714734886962,1.1541590234137784
1911,0.7945890381473399,0.11753568914043,0.21473079599177003,1.3031516264967564,0.3503611640963831,2.250175907143042,0.0460802544763933,0.10326671760767803,0.8060167436444887
1912,0.2794761862900555,0.587110487799966,0.3729409556449184,1.3413100045854742,0.179782156833161,1.085553740912713,0.10106389628699901,0.12589760183437326,0.671118216919353
1913,2.111331615136719,0.04776032919526407,0.24912141878720834,1.929097518007688,0.784137885150201,1.4255072698235014,0.16753218895228866,0.12378999411658556,1.8120729275505187
1914,0.8148955377366158,0.38820333578948574,0.4031857980940228,0.8676528758031216,0.39260042962439146,2.3528677168268017,0.04781962235548284,0.14242616072634617,0.693935265321369
1915,1.5537094344979934,0.20531631239484607,0.3958012254146084,0.8535954785298219,0.5961965269790221,1.4868946639773402,0.20012575982337757,0.06350062738904265,0.7049332264793633
1916,0.8990361217896812,0.1505219796175388,0.1437514517394355,1.4553010081133553,0.5980947757703851,2.2529303795231606,0.14445795517786242,0.0843139770884311,0.8227134890637534
1917,0.34134338600846065,0.9652911033413654,0.04107508736475274,1.4779755374625685,0.5044700468167472,2.5534094604861703,0.14229470044854697,0.0743099246226048,2.157135854888007
1918,0.47916254135297015,0.5011982941531604,0.21508323148094066,2.143294402505956,0.6896761472808958,2.884259819971239,0.10397715753570869,0.09716141513164042,1.373268119174528
1919,0.44210263520686216,0.07446593780250987,0.3726557606615245,1.5418727800158458,0.2662696847679048,0.381843012957378,0.22906563511567474,0.05826776569038653,1.7057195045009332
1920,0.6531457840334556,0.36690742369622553,0.6130428380275357,0.7152073574951529,0.7017422185344935,0.6853258052259661,0.209383780283907,0.011382897844409351,0.5494884704751156
1921,0.08663789798735078,0.1263270482295131,0.08730523664809853,0.07744186359208649,0.5111760641615456,2.011657835429349,0.22518240404389245,0.05012912949771303,1.6997342371471607
1922,0.35156775235519216,0.24834209615860345,0.588258716428995,1.268150904943262,0.5339029548238886,1.0483424614488381,0.031068394049323253,0.08462798839263982,1.240934150767302
1923,0.18397268923143006,0.25619602963017307,0.6675943786094772,0.38722159006696066,0.6237425318311172,1.26259421780111,0.17818339781599357,0.07319109083834643,0.23735123024483396
1924,0.30873805884459843,0.22336454001993966,0.7624235282309366,1.416713698744763,0.4774124722097375,1.637567771685466,0.13642343198622903,0.057327687646976246,1.1474630762619185
1925,0.49872263281311957,0.46882678086167096,0.0011347795614857215,1.7044677734557376,0.7420174809689366,1.4978787131525455,0.20979700599936654,0.09674256314135223,1.0438086819802312
1926,0.6382439718891791,0.5734624243437637,0.008341095061319137,0.7833467897140811,0.5603706564293842,2.1665466415113563,0.2968145873887892,0.08380588047144535,0.8644047654227623
1927,0.46512944239902226,0.143924599817314,0.7235325320556479,1.6752088092781467,0.7436383527608537,0.7821102046681448,0.07153367812808714,0.08049144794356877,0.8840529567998787
1928,0.36530029147527227,0.08234383156559022,0.6603964041516277,0.8389262497129695,0.45312426288765006,2.950504815571514,0.22269861656515477,0.10212567680334522,1.0780936166380992
1929,1.5104509960137276,0.6653499349176393,0.07390115943460418,0.13308326312662666,0.8446136252137517,2.0226440120322815,0.1655382372723116,0.07167419559051189,1.0667903018201526
1930,0.7398384474449176,0.09611976833360608,0.19828099288999768,0.7194751295727175,0.3517543793287422,1.7291820786308083,0.11385813303960725,0.10350644869614309,0.8926712451978598
1931,0.9331981774419695,1.0472044446687334,0.1364469040688517,0.783679132956905,0.4832149620551587,1.1070933352642167,0.06423874666629922,0.0962448551080893,1.8811843188906743
1932,0.5465395803907998,0.07867530315653265,0.09229476552330323,1.991313378270179,0.13428306491371061,2.7927560694691245,0.17616557745021338,0.0640850073020271,0.6428005503500686
1933,1.1276363246877756,0.17758095695352083,0.062402531024725816,0.5800839101325403,0.6602097549610617,0.8867896636380311,0.21904023387026111,0.10584433584900975,0.5287130875102225
1934,0.8493611566579191,0.13874785948305615,0.49587862944907884,0.8862290471026903,0.4420102421775376,0.6691550051934199,0.18720335149692985,0.1460815537151291,0.996733842503049
1935,1.0527932286614952,0.3077512756735338,0.5624217960750192,1.2519374326755588,0.44216246260361886,1.3179379623484633,0.12003610502070955,0.028303587189345905,1.0772380688831429
1936,0.441067770249757,0.625421960622722,0.33999961769824655,0.11749761308537643,0.21023131515808574,1.0275178738730033,0.06954447397908092,0.10502277786271583,2.5831489226855906
1937,1.1494382643684624,0.0969589032952547,0.22742795511191183,1.3041895882412387,0.7715294268531561,0.018321349139724274,0.13247997651589954,0.1416719709959624,0.2504343568186176
1938,0.5148434560473986,0.1880328958578546,0.2525362155587928,2.2462067008721585,0.5163892692592085,1.604420275860251,0.20630206754586192,0.04499111025819838,0.1472990506862335
1939,0.006188681347274183,0.1425683813018709,0.27430408464401373,0.6190512303132557,0.45683825435992764,1.060385881272956,0.10658536732782972,0.08936252199570423,1.0017417021374468
1940,0.01220576683834318,0.0657581005405583,0.5247101302579941,0.39453695073325457,0.3567356457001734,3.2348467086969515,0.03593485237590073,0.13216935188163842,1.0383309777269514
1941,0.15283351265156717,1.1848213491113189,0.23347278618249187,0.9631021369327045,0.8924318242928612,3.2463214694517086,0.06543659754386397,0.11035635947591876,0.5447767689757597
1942,0.18946470325554265,1.1285996036782138,0.4607883628221769,1.1687794476029663,0.44593783847418306,1.414972192494242,0.1281506732733614,0.0862942577260121,2.076513650049065
1943,0.09884622235422083,1.5381925296471335,0.5407258467912668,1.4116317537611578,0.26202219056864906,0.23335091864376278,0.3465456108783995,0.11408013538211353,0.8860567064623676
1944,0.9151384033184164,0.6208696580291897,0.26753610725172355,2.3770642675516664,0.43927889880206106,2.3256461621877715,0.15313138342318894,0.04601860655775212,0.9233623554547512
1945,0.7007857965834898,0.7376292757480873,0.07272453674755147,1.0262019117116774,0.81552300691378,2.6699145334437806,0.04743979003171674,0.1117142505689285,0.7493453209711592
1946,0.5689973931583888,0.7303330290666086,0.6009822970462098,1.180435488516471,0.5374015535726111,3.3270053075465125,0.08272977496216165,0.09081001961867932,1.1530297024149525
1947,0.8256036936249633,0.9194532632625421,0.4682900421338267,1.0199637897245526,0.858009248098953,0.49727123852567723,0.005580588555416058,0.0441160362930431,2.0824732220081685
1948,0.25136103471308485,0.639699619300373,0.8995575140312497,0.41506367525381127,0.37187966184642873,0.08786707415998918,0.06841159440064953,0.01363274190459536,0.7252515596069267
1949,0.1393717715716508,0.034675867990352716,0.09203997863204028,1.9704938149702795,0.5299153667173303,1.4676190106702474,0.046043309650374245,0.0679554333633597,2.301444514497655
1950,0.8480542753941871,0.021800162939125234,0.079171333338101,2.3642970889825548,0.5108435283825384,2.4720746745715747,0.12523092574566067,0.11547399868232618,0.5927115544752466
1951,0.7134977277589686,0.3774130035712595,0.427641895104497,1.4136918390663704,0.8400150626902922,1.95671630489147,0.2302784382411637,0.06576685538308122,0.7243917725744105
1952,0.25912674496567406,0.785640823082749,0.24649371659476993,0.49538058489591197,0.36150171541309184,1.3110546686191236,0.14288282045651934,0.05852393172450516,0.3401161993523176
1953,0.022529472303522424,0.1435397718483115,1.1774439447796927,0.4161755176681682,0.9220319157072905,2.2673906834148756,0.0953064265542192,0.08299194249410245,0.8773252087618365
1954,0.31204088867947327,0.8268249170794282,0.7467132689139093,1.305658845910484,0.483082641330019,1.1785982199084475,0.15646988764986905,0.10022114612555176,1.1799805778044687
1955,0.2653276575555625,0.020351504402511822,0.4719921192722288,0.5663822102725635,0.005799994323586577,1.1545803756145863,0.0732498688397403,0.12699798170293042,0.9540022569558786
1956,0.371360798555992,1.119684285000748,0.13353860739183715,0.18571756199678724,0.5136736658980899,3.434951154036958,0.04819670524954499,0.12388152889639824,2.0661841639984204
1957,0.13962109321569205,0.19187495900052481,0.5922302513050619,1.2770528011873776,0.29231328943189105,1.9326242837629377,0.12408588937695056,0.07642339562920654,0.17413060444472794
1958,0.6674544367312318,0.5277984727074743,0.5102539862591593,1.2138180518511157,0.6328290621758925,1.6539942493914586,0.06189699830417207,0.06305315061455227,2.4076172266347915
1959,0.4588145936741327,0.2088600144752769,0.7399593942779931,1.16673843801324,0.5526898100014003,3.228197014948738,0.12423770803240014,0.09633124530111511,2.155520573675261
1960,0.8085788363062592,0.2537786551250286,0.29421087764955894,0.14894963304934206,0.5464169136218261,2.8534166775759164,0.12307930507920095,0.13227822510282275,0.9829269247937519
1961,0.6572427838586096,0.8314256301355549,0.48402379308633137,0.4538110963338269,0.44785206993225957,2.5769438901909196,0.07197756563892178,0.08043572678580445,1.419517555185639
1962,0.5537587615727739,0.8815852259030295,0.13264798830902935,0.3057077580427692,0.7527623923885656,1.730982501539081,0.12391354766804663,0.0563191338390305,0.2909526629151231
1963,1.4589171008041273,0.09634254852533686,0.33246167130778065,0.3866256840794906,0.840800030214685,1.002121828633889,0.08003284097774438,0.025231764602338558,2.0033767353276515
1964,1.232274192230898,0.27112473940114995,0.2998808655844951,0.2705658596109607,0.0978118203622711,2.867963741565169,0.26779249349435796,0.09025190728359986,1.5237435239287453
1965,1.57200539157544,0.5800952977884887,0.14622357915961362,0.7501567863017085,0.555263863356378,1.856681251514677,0.26830963588803997,0.1115482258169467,0.24980081655895026
1966,0.6081156707215472,0.5344664260493927,0.2906258228453781,1.043739690258627,0.3872393241323152,1.7132149967238743,0.1861868507092807,0.0989648878438128,2.0116300085422014
1967,0.5267950251187364,0.50768361357323,0.6822363037256529,0.6615887014168778,0.6714378629321158,1.9940946772640833,0.11718667358065474,0.05185577236554665,0.46982185598281445
1968,0.3503907274181759,0.35218579860913557,0.6717657470282975,0.814540415136332,0.5825321904724989,1.098288264617323,0.08755830653604421,0.03143727267261921,0.967251582492964
1969,0.29963449077285875,1.0010509180669036,0.21441491535742402,1.1610064828446383,0.618098925748906,2.3172137203983523,0.009277613198156287,0.10097882971386794,0.8175400467699777
1970,0.4907587998741612,0.7183867032511891,0.9144075943551607,0.5826139841688169,0.49481912698243297,1.8908107407735286,0.10208842381806077,0.12269569679024961,1.5143752434520241
1971,0.17789003063448683,0.8311432428371053,0.09567677624807805,1.5159436396388413,0.3000577171285447,0.4913849328918998,0.004585757016739925,0.03931224470920376,1.2390682148002707
1972,1.089162139962922,0.4641637491524848,0.33055366328912344,0.967385132004531,0.6906831578281191,2.1840674823800255,0.0008190189058255581,0.05218070407986231,0.0025714750717611423
1973,1.3946341750487359,1.2184352654286652,0.04490963869162318,0.7895884855010751,0.37265989865262056,1.955517573410993,0.017467317031232568,0.08590073217574153,0.5874086758885992
1974,0.31527488434569934,0.25134940296202773,0.1575183083646355,0.900782111500827,0.4652656334285086,0.8825715765383251,0.14135697136246056,0.10462268884198919,1.3523213638019593
1975,0.6491676381079601,0.07594605887232331,0.14594276728499903,0.995057231018654,0.5629813570834781,1.8965446684515865,0.0371596702297433,0.07035399710485674,0.6256162695261085
1976,0.04214617963365022,1.0478478919303837,0.5683736458994402,1.4625773596117397,0.6536205904310253,2.232241582564446,0.20397062088818185,0.09635018571735206,0.5546717150483871
1977,0.33306095434521216,0.19011724003889202,0.6963932303208386,0.3920537970403284,0.5829996048906961,0.38030153309819115,0.18268514185904675,0.0706674265563619,2.123736309522168
1978,0.44413410627345745,0.15562687268890635,0.43123566649594475,0.21885534268090978,0.5853875066741436,0.9469355860639238,0.10541423744475294,0.09184374331476401,0.0787262293653943
1979,0.19707397224171103,1.0890848261873578,0.4983624892808968,1.1483575575943805,0.7138920414400114,2.1610279033514828,0.07118344952714803,0.10100100966429643,1.2553778888098297
1980,0.12699919962712727,0.5162602724472707,0.3321612772802505,0.57132252041568,0.661293881191607,1.6627931732659857,0.024814930707450986,0.06601116796581996,1.4613658415956956
1981,1.8281174427534324,0.07462534701911355,0.0961816861668113,1.8864948624799762,0.5843977968304995,1.4719060714940801,0.10963570588553874,0.11043726829815875,1.02788215426434
1982,0.2519460663678515,0.11354577211687827,0.9422008921559524,1.074876531872555,0.27394092915574697,0.30478394911174633,0.12882876851261196,0.030963063170390485,1.0397401553874852
1983,0.6580470368713813,1.085806620806515,0.3322534740372983,0.7830763786139772,0.3902059071777477,0.5649698845595696,0.1653043886144308,0.13345022818224153,0.901219179070269
1984,0.2741702701079598,1.0831224268270119,0.24897026729084093,0.923991500966575,0.24607036639812535,1.7659971305458835,0.0500520814523037,0.10191615045422217,0.1464324487562273
1985,2.6625454075949837,0.1698065037494176,0.3614855363670251,0.971102038681543,0.6669212402121537,2.660565262490615,0.035587155650048954,0.059834997587131636,1.4030761991484737
1986,1.5178063706815892,0.4715558468595288,0.5037612079104711,0.41346286896310613,0.7266157989993731,0.1767680460782617,0.1707094302235961,0.09372190530000135,0.45471179881769835
1987,0.5844183147846436,0.9117278298491995,0.3841001960264333,1.8583531682623113,0.5133827696751889,2.5527250035020153,0.14491608098528277,0.10915094384888689,2.1515248745908986
1988,0.3657562612382805,0.14263692133911515,0.2062816906405271,0.4517528110106359,0.2196745291072313,0.3064839487076263,0.08669359289918015,0.09444098027238607,1.382672105504323
1989,1.3047132237655816,0.3837068571301243,0.4190917785853891,0.3068475582168263,0.6409105995485275,2.7334075114887764,0.11310272320237211,0.05774220317990057,0.2513240814942551
1990,1.1001648061360698,0.8027650805885762,0.29813518296190966,1.514940826600937,0.43742018689983225,2.1508729843751677,0.004885342033829357,0.06324843816033825,1.4832722194871288
1991,0.03961722466321879,0.5473328115426038,0.7402024302925738,1.1391759647336759,0.9033207588457368,1.1153710304178812,0.15393414554017912,0.06340733611511118,1.571244842528014
1992,0.9013269233547971,0.08377039543802639,0.5326778872591471,0.16247579980491778,0.39513381218508437,2.4730514671741477,0.20608384794796603,0.12957593944367912,0.6957126227181825
1993,1.5740543158994802,0.11881691553295637,0.4600519848790625,0.5263571969552719,0.21143360435089853,2.148798984817356,0.11136410157160918,0.0856254371807693,1.2167504205146096
1994,0.3805443437256913,0.6922615066614075,0.4740100863089951,0.8970335424838678,0.4086095437835752,1.549472098541573,0.17589423797643383,0.10329363108009702,1.2361361520925862
1995,0.7486745110769231,0.5030025135156662,0.35556539322253505,2.1884817844289732,0.5944275994599673,3.1161436798969455,0.13991658189470643,0.10047162827179006,1.217168081002568
1996,0.648097502089525,0.08701952297535853,0.3319458901416899,1.4878443316764978,0.20211310211683942,2.240234046188069,0.003017682507354985,0.14170316970464966,0.0652383365207021
1997,0.5996034636297458,0.5934576084452463,0.12488418954287067,1.8254647722802928,0.896991587438384,1.5686440028188022,0.12325589063558226,0.0557408460654079,0.03197000583767262
1998,1.0584712993422496,0.84677619388606,0.10467089357052317,0.39085949953785415,0.3233263116640407,1.88900292012987,0.06132098464489165,0.07592599336431774,0.5660269943249345
1999,0.9007044165104199,0.1912745906791613,0.20745095656911616,0.8555780087222282,0.4903078138514627,1.7764016103258835,0.09246468723379207,0.11742541493204342,1.5190736713402673
2000,0.24660857196634928,0.6189038960814991,0.2984137223425779,0.6151869211177587,0.7555284084881665,2.4964054697873124,0.0011102678936951577,0.06797496426475029,1.829955790823604
2001,0.09363724335376142,0.19493321262780708,0.033893731523767845,0.0683778226648929,0.5103228161603124,1.547407829407665,0.14166775597400852,0.08423794766027273,1.4750325106350444
2002,1.4551637972573066,0.1411368973689388,0.22672237766310213,0.5740243105663398,0.22591187721226286,0.7177706802534649,0.08328603923264513,0.13769608005864997,1.0048339515898934
2003,0.4564664090889943,0.4786676876134913,0.592633659761044,0.3410036324041944,0.7746736667168479,4.00347011577996,0.059699507127446184,0.051064264944951074,2.660081985836205
2004,0.3774554764924604,0.40232465071367174,0.025792425915160788,1.4065147872563397,0.9266667685468362,2.0698714951467494,0.05227993696760351,0.0610606518769695,1.206561477016072
2005,1.5124756387879166,0.20503472590478608,0.1968087497243076,0.4691738015940214,0.4919137043537802,0.2953909612276928,0.1546825979540412,0.05187799403781928,2.0540688061987264
2006,1.031799029269451,1.4728922912805666,0.24513267942168598,1.3207731828021592,0.21377875690208836,3.2613688606059803,0.1708062550396065,0.07753490541045414,0.3515990023745824
2007,0.8082779486339062,1.1545584178994852,0.43990571577233845,0.35671608077131034,0.261938380079126,2.1345206012781426,0.23130295038411294,0.08485994936892272,0.23739964545842573
2008,0.11060825558033086,0.39011838597470294,0.10113664213441151,1.2954592241084033,0.3815688455174864,1.4756391560809765,0.1432664012526033,0.12245719390171791,1.6147532732192957
2009,0.593090548719365,0.4750468379998352,0.25081923987242805,1.4866753007700875,0.5324237325471617,0.6948123589228045,0.15718572434000502,0.13717386094483147,1.6289950296211892
2010,0.22128269167049164,0.6163283313886996,0.12839351766018456,1.1017867495746432,0.4336744100326766,1.8670056531462806,0.015663095757837794,0.08770539272513882,0.46842626328449233
2011,0.3562595851118098,0.2580270850220336,0.16833535048245288,0.8953841882226009,0.3812204544886363,2.6721422556390344,0.14657963016084355,0.0790027332558239,0.7938907936197763
2012,0.45802968446738457,0.6410975041555846,0.426486861016735,0.8834446269590196,0.6400010836633754,1.6273529052102118,0.0817780196614669,0.11153623784958147,2.5924219417902625
2013,0.04587302790718592,0.04029135304735976,0.4463158146648301,0.8523058779876618,0.5986063293723062,2.8543288770244333,0.1808673093890354,0.0942655810448044,0.4439113559449097
2014,0.1941462409519523,0.45847846993595215,0.8744187767700429,1.5506449826059785,0.8079541878163321,0.4299538435963355,0.039688411170745105,0.056231563072240344,1.6020033228220063
2015,1.2596085706036548,0.4756380401279047,0.21604916367229754,1.5320014646827635,0.49590661998483565,1.673254787855753,0.11415608080220359,0.06635444889651779,1.4881547832380217
2016,1.0003356485377306,0.4385458142290151,0.03657608303674631,1.596479906878032,0.547037967992056,3.018965107371975,0.132859223241787,0.08636283881046884,1.7170743324422355
2017,0.9509889925609503,0.2774111056960812,0.7936466280395746,0.46492948208576723,0.2567317119114816,0.6828867975068273,0.04283341903131427,0.14453704535472583,0.6396735134365441
2018,1.3287117302480649,0.03544184167042064,0.8009228802715762,0.9654044812739074,0.6724031826304965,0.645710179708346,0.025664838188531755,0.0986915214572046,0.9956357920317803
2019,0.022765430570633904,0.6988344311763732,0.30202112787994706,0.19646335376482382,0.579764470950263,1.986351920463381,0.06024498988512197,0.10850935539886507,0.3520049828523857
2020,1.1437773874102206,0.9387559485270489,0.42569448169778756,2.569429946836806,0.22783314495728957,1.82635814056935,0.13303103149214696,0.12972716711348573,0.4623604099973373
2021,0.06770672481870105,0.41241213648313807,0.1492218868897848,1.1758945994719634,0.5416739779497028,1.2844504350743402,0.023953437079053078,0.04066103715165537,1.5726158843286915
2022,0.2917620430234354,0.5297095133606027,0.05229764378731294,1.4276435013947724,0.4613262237445804,1.4064765012349474,0.18154565698443784,0.06729738479556639,1.2582163638274477
2023,0.7479351262659306,0.1590965742609897,0.4053141058265698,0.9713464509533086,0.6530803049490559,2.2595852362562607,0.02156499618691758,0.11167592536849666,1.9580651817515506
2024,0.26733344112174384,0.8749913424573428,0.5063220870310494,0.4992426056063955,0.29743373855228006,1.9413113473291737,0.18212780298107584,0.09596823954250916,1.4556517338082144
2025,0.5202833121566328,0.15984641956920773,0.5705398386118451,0.3295479983810382,0.46141166352970076,0.5998075608995084,0.06719419373228094,0.11496325918285669,0.8364114679072412
2026,0.573762353275129,0.7765757914553225,0.7496345221721549,0.30847920075963975,0.4663159875645974,0.8134767227296774,0.13937558566322247,0.08298517745906349,0.8105967075334557
2027,0.3780699490098275,1.186637384817054,0.3980165134372595,1.4600957834528485,0.4888597602425802,1.7147790912619212,0.22429584539554945,0.0774370890590605,2.0285700056525533
2028,1.4683643589171878,0.9666008437505027,0.1628518818807811,1.4389469394931242,0.28974508617485595,0.9670773377868181,0.07951300555919551,0.05521699676985349,1.650026512298652
2029,0.3921020677306669,0.23096503513467467,0.8903505134855442,0.5914389606557134,0.5923465693975611,0.8673493684533887,0.051409546389184296,0.06123707808337235,0.9037114472359163
2030,0.6108974086519483,0.46865879912148944,0.3805549371976248,1.0651367803618061,0.19450227030185263,0.6549827768163616,0.029656796772207145,0.12410852957103267,0.3321235366302452
2031,1.1476320746452797,0.35104866713578287,0.16597573723185477,1.4836794951771473,0.135075539763215,0.7211382023638379,0.11694956097875053,0.0487944318933884,0.4624326162900962
2032,1.4001035339677086,0.49587687476288506,0.8758956871771664,1.0148727753928874,0.8100004997701243,1.857690144133572,0.20023982915615796,0.1390320859333667,1.5948056606131198
2033,0.7733564176534748,0.07327954529714603,0.1396545266107659,1.9188021682799756,0.7044782071783428,2.36465830104107,0.19055055729625947,0.0784181050137732,1.3887327135715992
2034,0.28336356156740694,0.8085355020949387,0.7301928448714343,0.7026213143667669,0.38198009442450964,2.530721329532165,0.1310541305261379,0.1178441188047368,1.6462172229890524
2035,0.18931466935437732,1.1465703122143767,0.5557705033090672,0.25649040475122975,0.4427298341213004,1.3320578437621342,0.14741405846336392,0.11294506414945504,0.20508968588907872
2036,0.7434857522213151,0.3906517282465867,0.6758198818996106,1.0272582546531135,0.9122621739756501,2.6206206786635553,0.21866337895411264,0.17337482361950013,2.1931795312516833
2037,0.7466174489494262,0.6226673293933134,0.47568338383722963,0.9163783702795998,0.43693753213684455,3.2805440230346896,0.03801983943388983,0.07319299742382701,1.7417837747199463
2038,0.08957045839768929,0.4572301482527849,0.6459681878957783,0.1469970993699654,0.16411133783395443,1.7904561897920857,0.19789629679137377,0.11416646185250658,2.4196506770720734
2039,0.45821446310314107,0.542552699260995,0.3637633297023734,1.9968147748184553,0.2012201080218074,1.5938158254161454,0.06231537757947818,0.10624810322801276,0.5757188371694925
2040,0.017513044340966732,0.21161948157845029,0.06142465939181718,1.9180473899601247,0.3175830484088868,2.4776092285915023,0.08077139317982017,0.14343589941467655,0.1511205897939819
2041,0.6130438628031668,0.6600901569579743,0.4256037767417775,0.08768936801572635,0.48041208587139983,2.5115353758535974,0.0816076342109513,0.07612494186036574,1.4242108701838496
2042,0.6732264237216434,0.46651349729149305,0.2694250850983244,1.0804985733309416,0.4593362754600002,1.7608335296162818,0.10092157889472626,0.11767313709738145,0.5487088848656456
2043,0.2978390042280331,0.8262803504993296,0.6604700178165852,0.6630467959602095,0.6147852458170585,2.5331145077471238,0.09655971513375691,0.13882741220828307,1.5810642992999735
2044,0.3726606931581691,0.3042779370176003,0.5167397979740374,0.574230352741836,0.4903114871987194,2.624961914724379,0.1728850147475054,0.10336076749380257,0.15331872994781048
2045,0.5805755362364976,0.2793779772166924,0.7501362495464106,0.5927122590542757,0.6322610044541124,1.7759703825517483,0.15878027714859716,0.015285834232853096,1.3664227455015878
2046,1.35174261177973,0.6603173089557982,0.7021935479894554,0.9309555217269759,0.43038037172348376,1.1584696428899706,0.22260010614307546,0.08645708721427053,0.6330339634703461
2047,0.05970555868652458,0.7634962650265096,0.4865276053732076,0.7671856138354867,0.9830041228760402,2.534076905257569,0.06371416353318718,0.03937709452133306,1.0825760676480065
2048,1.1206742096735376,0.8405682719689631,1.8100958198596917e-05,0.4427275641377074,0.195180801608208,2.1778267999677485,0.11076172539802677,0.13824798008877848,0.033856400346718996
2049,0.19163844628531856,0.5216965054431497,0.5107812122211086,1.3360201566374421,0.42580746986660734,2.5718188703500977,0.1734922827875096,0.05185859370423061,0.1816602990934293
2050,0.03335482847755358,0.3944208789109009,0.37030454655612927,0.3634973662437997,0.7882835619009342,0.7084512809296528,0.15994470592461937,0.1384133349886469,1.342728898856705
2051,0.5639508615814655,0.33375559624705614,0.16247834825495192,0.9226048774279962,0.2521502527075339,1.830279901993751,0.05702788219134692,0.12286871508565039,2.3279620270494146
2052,0.22121106088114015,0.6350665314855943,0.29201820675597234,1.4024160949279696,0.5823128779464579,1.6026467370430928,0.06293581149967656,0.08826327749163872,0.6081618776214771
2053,1.0626931538596083,0.4324049891742036,0.19583390056404265,0.8259364851715646,0.1543531035316963,2.728249474192911,0.07004752523967266,0.09598263609415725,0.24312296533450262
2054,0.5436507648458555,0.14329716307927937,0.4683186843201829,0.6688616949232886,0.5385504270656584,1.2918045213392266,0.10746207625292957,0.07184487536313285,1.736696978085171
2055,0.9028654677824097,0.769892396111425,0.5419650605407949,1.9385522942651305,0.3048018660524381,2.0425371971904616,0.07792757684530995,0.09301767767269335,1.6707983089812393
2056,1.4088511652132052,0.5368604056373212,0.4158519450829485,1.0989023679305046,0.4676144658636372,2.7407045472765885,0.18401879307012714,0.11175580477746454,0.24029930163636826
2057,0.642482699674698,0.25393853210802037,0.7270618879421151,0.5893095101599961,0.46928298902871285,1.013062270396825,0.0628913229346176,0.09568931715961973,1.1551469797982628
2058,1.857406836505548,0.7432018829417073,0.36338135591806986,1.058360698359828,0.17139595200786173,4.315391464098734,0.10233480057548984,0.07129715748725589,0.403779037469805
2059,0.7471042386312304,0.35657749334392336,0.5776621467106676,1.2206694069010389,0.5753552323120683,0.7554662634438284,0.005721417005027346,0.10625843817757732,1.285887943872202
2060,0.021031667718176827,0.35655425339284436,0.41072639822480606,0.8550829336782577,0.4120618603862866,2.719272294461555,0.09919446209670946,0.135010925726939,0.005087018129647625
2061,1.4599746744653364,0.3797958928622844,0.5424316709570689,0.34601937315827735,0.7812652061723386,1.7935712174966163,0.045123409801417325,0.08443744984513313,1.3101826605219202
2062,1.1170176643311864,0.5543005138185818,0.44619921377977795,1.0208836649681106,0.4829712590052653,2.331524706473319,0.10644122414850674,0.07662373022164101,1.1072413800152097
2063,0.7815866030508707,0.7375187113469397,0.993850276791093,1.0000120453092085,0.6500420412579623,3.9416180050811507,0.1048107258815182,0.1035191465266169,1.7961080010300412
2064,0.9345265741321092,0.21793546579599832,0.6181303270303586,0.886878500916877,0.37040921154587014,1.4725202427875042,0.18895744295614264,0.08404810158125545,1.7071327506607967
2065,0.48378931666802893,0.26849140663748755,0.6455272685475166,2.86488425002104,0.46696043421262545,2.8898667623557985,0.21067009592083102,0.09273998067661147,1.3715537538602822
2066,0.12423520534807808,0.8634915287566514,0.7679352153792036,1.0147125234284295,0.3685273715246956,0.43087791409630016,0.16653154845268078,0.05125809533559115,0.44145992784700244
2067,0.9548875264615693,1.2649323050510568,0.8462609183559476,0.030478979912509807,0.5872682283170786,2.162769498940009,0.030769474849923123,0.11269876444803714,0.5148970942188091
2068,0.979807407390274,0.5320592047695979,0.8539671417791023,1.5564146054653492,0.8474953422859235,0.907928659404147,0.14066227097217038,0.10521724566598549,0.7942659615089195
2069,0.9718255499685637,0.9073579431738084,0.596057033621529,0.2506955859174176,0.4827724457058474,1.4829356768973518,0.043857079940857524,0.11478672841475032,1.5070354142141795
2070,0.7839810385149646,0.5271316849062015,0.3838381688413651,0.9981094911897715,0.6330536388001923,3.9680290371182023,0.022158984047870395,0.06279213426318997,1.7298971322051857
2071,0.3580701401382263,0.8754432411411845,0.25009698516270484,1.6886733769112154,0.32488368496214665,0.36380344690104494,0.07532913735670389,0.11087287959610541,0.8721939529147845
2072,0.7917018895059944,0.23434973723986333,0.6843480667629332,0.9947448051939514,0.6570562746121456,1.833944724944479,0.016954867637331783,0.12061552050193422,1.740785768045721
2073,1.1242048823589998,1.2030710449473405,0.36942171589985046,0.928545352841312,0.8028206717709976,1.7902150140939725,0.12114014104885233,0.07143941016861845,1.1482275860819218
2074,0.30100390663192095,0.6389647555565758,0.3995979468794346,1.3276119746190818,0.2540535750694444,1.7173035989100867,0.15154212542832476,0.05089787133978968,1.8651500139049602
2075,1.2196646341615827,1.6062598425773165,0.3432102167350123,0.33090582004120284,0.7620369591156382,2.4356774986232947,0.16808608537369357,0.18441497714689073,2.06482418160416
2076,0.21835330962963612,1.1381199244437814,0.5265495884882805,0.2201170838909119,0.7809190193843187,1.0343231941016562,0.1934740474102407,0.053419768048783095,0.31576934289736025
2077,0.9428031811183144,0.2523433933674375,0.15937961075989357,1.2207379007109584,0.781571357601142,2.057581722267916,0.20270393629768538,0.03853222902265976,0.2167495816258196
2078,0.807256425836371,0.16347233505354436,0.6478953260955465,1.3333354011816738,0.6103820318590761,0.9862719343291553,0.08506470273127283,0.09256225717710682,1.1676515954789193
2079,1.8180830200198883,0.2712867840694438,0.2803355223247054,1.5715364489616293,0.2324455239856511,3.160812593483527,0.14804687396939756,0.10480926144810987,0.6356854439883329
2080,0.2516162568844417,0.0835744922540283,0.4382723322959687,1.5477336887647328,0.6858708463742051,2.687436728975114,0.18736110784713367,0.07561232405805045,0.5858024104713778
2081,0.6859978571069764,0.8938911485509806,0.48812161978608326,1.5150806513400064,0.7378873670999702,2.0993269105481813,0.10380380061943505,0.10031941776373166,1.0601819033681414
2082,0.5650574759692678,0.0893596256042255,0.2834165042329129,1.553578315474328,0.34435760008688976,1.873158713232077,0.02099937848498644,0.11225027779339077,0.9409178434128512
2083,1.0819977098088291,0.5903001071368295,0.29595395519107487,0.725220378098248,0.5813597178000847,1.4195612178690944,0.12019753145890899,0.08425658866158309,0.5627319670980968
2084,1.2811453125192809,0.499249683757156,0.5768976120256035,1.2161814724767481,0.601526233212471,2.371291794518721,0.15773409664859125,0.08235435934770965,2.582613690490562
2085,0.7482667384655133,0.15677703659459408,0.34813196207387037,1.0233819647705458,0.9240137760073884,1.4769191805626014,0.18064672475502005,0.12921513030709292,2.192431900172916
2086,1.9646342969341875,0.5338775389955709,0.4051060951449743,0.6517023321854575,0.6522559806284419,2.0152433669284617,0.26845674706596734,0.16274215085395077,1.4352860901416769
2087,0.5544740440459895,0.6096195101770836,0.1118848308113666,0.37008402231192983,0.4036421712921283,1.5952792951182742,0.18077037815579317,0.1367508272265075,0.11719321463857912
2088,0.7248909716840544,0.9800161663884974,0.053902896403532574,1.3037318767350627,0.4122012352111528,0.08700316714720535,0.04340126031302506,0.13540669547086046,1.5000460873333272
2089,1.2555733223671002,0.0067329527592603355,0.3763730711238838,1.1203973726016558,0.2697316588584664,0.9502411959322088,0.20428462080137838,0.11240652840182551,1.5754564146361778
2090,0.6344970479357915,0.07064598432394736,0.3876965293709992,1.2721624389623483,0.16945188250579912,2.3774820740060516,0.19678138945913903,0.11249269982649276,0.7324044473588306
2091,0.12534419299928964,0.5360253790225573,0.8430544119867863,0.8416804978615419,0.30849617617617175,1.5578532455799028,0.20813744369952175,0.07876397595828294,1.3592584847761269
2092,0.4358260272989698,0.7090796601369262,0.44984142684208017,0.6937368490051086,0.5470522199568054,1.5872319171201772,0.1067050385910713,0.052568245618118514,0.8269971397116607
2093,0.6437997574254326,0.39646503814538325,0.948525203373013,0.770286242776413,0.54165672723326,1.6789870166581768,0.16806735356796138,0.11888653428805354,0.8214524277496084
2094,0.5638577774773327,0.5398538197179602,0.27428865024940974,0.9617491711293916,0.24897651798897535,0.48680827941008964,0.18014729959632808,0.05337982690702055,0.4014539489011696
2095,0.06689549024209879,0.355695299067543,0.7945061799238907,1.3530305999038326,0.2697746518126439,1.573837401679364,0.27277043241559495,0.09219267928897268,1.1634426407832472
2096,1.04505447095004,0.0719883017125415,0.7536391072306031,1.9346456282571591,0.5609620438439908,1.503559889767942,0.2922969791530178,0.00898126661693864,0.8713703738264919
2097,0.3220833518663382,0.7658770793369092,0.07151052803821017,0.9383526502295263,0.12423587303056333,0.5940746731187148,0.08648339279002108,0.0857603485850993,0.47263550649664277
2098,1.2246412960700084,0.3222910867534853,0.40598459327964836,1.924759424902235,0.5210336718921221,1.403487805180484,0.15316354724933226,0.04182093326979439,1.277475361705793
2099,0.058691129937032654,0.6116194667220676,0.354569817670068,0.7477936576825932,0.5937918536619039,1.5433939581314773,0.07685620079688285,0.07207380141769319,0.1096239137059144
2100,0.921640514186862,0.36000716792863874,0.4021289250808353,0.8687855890192968,0.7887519934007372,1.2553577156451932,0.02413797673415677,0.08243492545092541,0.9271941233487793
2101,1.5783691512818423,0.6846840493329907,0.007557727902391509,0.8292696379744829,0.6535064619499587,1.9358696885777331,0.12824075932961196,0.08329077199565373,2.366677683478631
2102,0.4146704197261959,0.10335112417629735,0.06062946123251606,1.224489682038909,0.6396242876169617,1.163077374384172,0.15021341229262983,0.07276018592349223,1.3471873543276147
2103,0.47408864499254777,0.6774297052368494,0.4461325369132553,1.7072785781322866,0.7069202080139108,0.4735505867356846,0.13345475541438606,0.08448335252359296,1.3298407477697458
2104,0.7952746604095171,0.40503309428723927,0.054066231414160504,1.8622114448929172,0.7022407096698695,1.4435302604548919,0.14078293483941856,0.03910298428795886,1.6760561293459637
2105,0.1108245179338816,0.1667326005032734,0.47507268954242743,1.274636838789123,0.6179969744229332,0.932435368055237,0.243200669395208,0.12340623624293809,0.3303709612492767
2106,1.4845628764788927,1.2365519901357456,0.3941153642333167,0.114496562630936,0.6358199724222184,1.8992114303719183,0.10707315752782806,0.1375663348418132,2.152735404605576
2107,0.1305026166558367,0.4953284208717012,0.3672384599187107,2.2915860187270742,0.4991541501746158,2.673292841436044,0.0650104656197634,0.11165523146168214,2.4110031904588713
2108,0.04700777106112594,1.1437989747744288,0.11553920609161122,2.401967770535876,0.7967736755316845,1.4334516491034393,0.16900191358947647,0.05858515203338441,1.6555596551541862
2109,0.25852216580177245,0.0769159059322646,0.181393654334598,1.9696964816037537,0.470431790307441,3.5439873457929703,0.03489076868377096,0.09169197369685493,0.851518019604673
2110,0.12224869797794716,0.20528229995485262,0.6907857842503081,1.0061557462620896,0.23968482512305905,2.0996046104497776,0.1650590571113168,0.07687888502609597,0.5758229493962155
2111,1.0871658025929931,0.5666403096396966,0.7532603437758154,0.9339591870559978,0.4914207031184696,1.6981975366729423,0.0031724967242025975,0.026880851298366953,0.5835678246820948
2112,0.7350684074955418,0.10269630927233939,0.35131316068627866,1.0609868396040245,0.4500546685266343,1.547681217666303,0.07970089077699707,0.12134781003424147,1.5049705801912823
2113,0.684999003503691,0.7655633100683921,0.1819507880845297,2.0865965451340407,0.3817968301287469,0.7818594196976536,0.17157304670329127,0.12215920269538293,1.3967725582913584
2114,0.03721806931333063,1.2707774846187552,0.30341615721279513,1.705745059385936,0.5360520966045081,2.8813520361926734,0.08113468850317485,0.06785025812890101,0.0522010566262302
2115,0.0621007834814451,0.5885074538900226,1.0122212649721556,0.44509153558794956,0.48746950456613247,3.7935591768300903,0.10985883956186883,0.06924235349800717,1.0244941126551954
2116,0.35678055519591245,0.6302707300776756,0.4654864149579856,1.672926547644313,0.6686351813096888,3.483024253611646,0.22230730616411304,0.03313552846980329,3.2845512123323344
2117,0.7704065087240468,1.305682532475858,0.398660455641992,0.014806793819879038,0.5560997584522618,2.039845413723765,0.07676481361296249,0.1326749426396422,0.8768690086243237
2118,0.7401582911914362,0.6019523893595846,0.314375159741041,1.1171425477294772,0.546484376299033,1.6374735419516233,0.2714383008602584,0.100789490171047,1.3074503589460766
2119,0.05615812650832766,0.212623293628823,0.8582637136485772,1.7797647716557148,0.30395394845019874,3.355753508343353,0.07325314280032247,0.0995705401300254,2.2353475095901105
2120,1.7782297840931443,1.0397554627222558,0.2835098535834221,2.5138131250602123,0.17092770470267532,0.6557773060903915,0.009759683957769938,0.12162936264716806,0.2584343806752366
2121,1.117072928600857,0.9997451888423698,0.8741263920632615,1.5284150974457436,0.4623546246955076,1.214699415424511,0.08281641492966527,0.11442858133335251,0.4948532808290087
2122,0.554787908376895,0.5697454716697135,0.23330873356038798,1.4834035739357079,0.18010190205605525,1.047572406715759,0.17896244646433848,0.09682202322524115,1.3290395868480562
2123,0.10457694275609314,1.1682601219697921,0.6204786906837492,0.0555363777006882,0.6110913071635563,1.228684742634629,0.19595041626302348,0.14915983307349798,0.7674666276769024
2124,0.8956735807715013,0.076070099778203,0.20451444522622925,1.2139619198972234,0.7108123406422291,1.8843599486025873,0.015805164376014355,0.0823907974005146,1.0815523492749328
2125,0.1734260146300553,0.31774830327502956,0.2738861488009727,1.5737700212780734,0.5400485324530677,2.0527811736237473,0.2553068404028907,0.09365719114329848,0.5408148707004711
2126,0.41863223655413007,0.15734832569471244,0.2623501818467302,1.0538550040680754,0.441153233729345,1.2076294481410907,0.05190132314666192,0.09016614202661617,0.45467369803491914
2127,0.0486802826711267,0.08772116705849109,0.46063022125531133,1.5417281703831525,0.44562295239662286,2.957455703443425,0.029457981861002652,0.1237750797815132,1.5263384606226351
2128,0.13576759010276201,1.5132454343645194,0.4188354987642096,1.1220060911127914,0.3045028476080799,1.2633435107647295,0.036261984274417416,0.09837498755194671,0.9146880366291144
2129,1.188597352081321,0.351585007230276,0.5874412521892003,1.496430794330283,0.04712808644100447,2.0385084143782684,0.06088201323435973,0.10981964195220209,1.142410892561223
2130,0.7029486165253995,0.3103787748899836,0.2040533197955906,0.6309642859234296,0.4913706339352479,2.180388337093717,0.14827129541041217,0.0935175031343588,0.989345157138552
2131,0.943241812669787,0.552711629569412,0.8638824113144286,1.309403680654493,0.6491312196950567,0.06964224905157779,0.16038353749816403,0.1011294300406779,0.9109979412153548
2132,0.07944224908631645,0.29006375293573006,0.5304954588871794,0.2174980539433481,0.43792080557847457,1.2920629684433278,0.04523420466376564,0.06825551329381446,1.1140209206513174
2133,0.08074060459425039,1.962703603151786,0.4262189024186148,1.4655912414108108,0.8705963126689766,1.7727935683997353,0.002887067280262501,0.1140335202772939,3.069027440380183
2134,0.39956010279360815,0.1774548998056844,0.07007545865932513,2.1091729210302983,0.280411658561194,4.612733262559768,0.12558995927951153,0.13077407982617723,0.6509677681494137
2135,0.30562754743868814,0.38411070837178096,0.1404522771451729,1.0027037568182817,0.5647776173488401,2.9868367401162983,0.23455177064902738,0.13533241666260074,0.5186918738161179
2136,0.5846327161567622,0.5178364249474527,0.12246019875348238,0.9285533157883749,0.18715805381457756,2.8824844833289784,0.11842841406611827,0.12312694018310229,1.2003428102212537
2137,0.31838379302970243,0.8457845031187894,0.7698916479528649,1.4541255631319376,0.48428898669417764,4.018671093620682,0.2515218554777125,0.07414569700119235,1.1956130778892842
2138,0.755139606178534,0.7252179424778031,0.30195081535176704,0.7790915926696285,0.6961155390250993,2.4464355832188134,0.2091282323664142,0.08147434531144922,1.9636584459271778
2139,0.9481386107100342,1.044236997180616,0.7098182801002714,1.2928526691269437,0.6785473217899232,1.9996709041134377,0.1813870607941618,0.09239855812255712,0.9027688272037528
2140,0.47170662853349643,0.03746333968915966,0.3831192809264884,0.34971975932053523,0.7767574682656209,2.123836275916402,0.10106094993867105,0.06252756313698118,0.8535755336813089
2141,0.617975283078932,0.5964320474731157,0.32599520608177884,0.9510611885839053,0.8410345626846423,1.974033575034197,0.0954146085889508,0.11271281059097941,0.21949403103915255
2142,0.7558022500698525,0.3134632851904601,0.9326963807429711,0.9226079842546641,0.19581297753449495,1.5182329334158262,0.11898143113471488,0.0702054884308217,0.12495705579462957
2143,0.9742603439733863,0.19555088455587416,0.26780893805428263,0.36267338230836377,0.30106305523882065,1.364288993828236,0.04867994160755965,0.04649704093860042,1.7282963595273848
2144,0.4866933983449897,0.3943392064586023,0.03563613086119888,0.40004809308101064,0.5987896344541948,0.7702234802914271,0.06201151039591198,0.15857488983873913,1.8982867250897268
2145,1.1384105338171409,0.29720890568788766,0.8181081755694365,1.8004980625029594,0.3740465231661641,1.637277455758811,0.1635155436632586,0.05540741930115851,0.26104554388703094
2146,1.2171020278821383,0.4678584924204955,0.15209552124012118,1.6967874888037904,0.908921915477094,0.21261075879405822,0.05370534991480916,0.0629251454521927,1.201735565093751
2147,0.37611444858054716,0.3765884630581476,0.44450633391271405,1.7221959975200312,0.08305879521225773,0.6364924505899059,0.19769226164289055,0.12391737878581335,1.671729098488492
2148,0.8060388678890236,0.61442360431363,0.21978241820859967,1.3256434860975916,0.3504813350558631,1.7740125334236096,0.13559790359079416,0.125986640191649,0.48910498191916935
2149,0.3821835947165543,1.744430252993068,0.24674850569859863,1.6323609705463609,0.6521584827377114,1.8477810147552554,0.11387278891199223,0.16812768552634422,1.1943749435473139
2150,0.2528585415570778,0.27798664266687817,0.1631646951551707,1.038774002570068,0.5213379483648449,1.9756581899230814,0.17796403624795132,0.076135565934058,0.28856934466896866
2151,0.13514269922477276,1.0547438094579296,0.7433656181570899,0.8786741533731606,0.7377230352537583,1.3885539331618109,0.1289297076111498,0.11261325798954583,0.6102995349282169
2152,0.18853822141111515,0.837531274331654,0.39164494983173553,1.318764620216089,0.3970629000028317,2.552374372406409,0.05130322276209624,0.043676227981185915,0.8880160725121504
2153,0.17303308937516543,1.0729775196568094,0.6789271781705785,0.5636621279700917,0.6342632509206565,2.8981845920146707,0.12098336966952415,0.03168195400477969,0.7861596824560272
2154,0.24193708062208139,0.588233547136843,0.45420346677168805,0.5673044108896129,0.6131576912697561,3.277029590740021,0.08563315079244369,0.12848173599593665,0.4379877600160645
2155,0.9886836129905332,0.3366598038566905,0.47762109394834784,0.08601931040508015,0.2358540807894296,1.7002036299533654,0.04173213647410698,0.06616733079888247,0.7261729818451892
2156,0.3152047588491105,0.5433491580397394,0.46359599210092983,0.02825953749623955,0.42906769896304836,1.4084119138264568,0.14963597388669664,0.08318198811408327,0.2610664778586148
2157,2.132702635865736,0.02770998090851501,0.6542917414642235,0.37157548230966453,0.8669023128793372,2.1835422161313183,0.18956164803774989,0.09422977663732375,0.860666006059837
2158,0.4707289655135601,0.6131531559116201,0.20057944431765518,1.2935401234830182,0.4026840764758732,0.7785676237418273,0.03764390106767569,0.1162667356029326,0.2783078929628805
2159,0.6831513772308783,0.6489878723419917,0.02313417091857828,0.9330799963656656,0.6085333710968811,0.151667061860574,0.09134080296407024,0.11876613790793226,0.012497387578942254
2160,0.45643133820582005,0.38719593041669376,0.1476836604924524,1.4218376030581694,0.3716791917796365,2.605433517900641,0.08560548343508541,0.07638202112567952,1.417524198712662
2161,0.14274736224970377,1.15980867066531,0.3531089559854687,0.1414046340817512,0.7320140003490152,2.9011225408598174,0.17149619891242673,0.12616709005773086,0.06361791318959453
2162,0.8115517936323573,0.5104496677457834,0.5547615091744926,1.4406579136134128,0.5198668102106908,2.1064716971359982,0.21320848005831217,0.046589184913083226,1.2926057581615424
2163,0.2692351638591954,0.053006575071085305,0.2934588240376068,0.8378046086321035,0.599501930992104,2.2703410159243225,0.1585080549240347,0.0515720160576919,0.6389617053616333
2164,0.6203124842570027,0.4747894325523191,0.36857906731006257,0.8669247667963217,0.5568671303081241,2.7233893785335823,0.22751131895522803,0.15295995260798148,1.819948995760939
2165,1.1695634675379714,0.30714903523704995,0.4428920910264683,0.796653129860624,0.6398994189057565,2.3008083749403903,0.15225273788622495,0.07666528371051243,1.4056849507233888
2166,0.675271567380209,0.7606538037938491,0.13461742400089555,1.8806388970652206,0.5664707673309481,0.32903982466780746,0.1511568021372643,0.006359030001276536,0.7851252400635297
2167,0.49770545068658356,0.1701665154651576,0.41227267047539784,0.7319709731934168,0.47304705610610304,0.679083118488657,0.17658966871761878,0.09082582837809132,1.8920118025579316
2168,0.03280250739491686,0.019122000520872484,0.7194364507390266,1.054220579704209,0.8198599742489047,1.8986707078674883,0.011636363969000724,0.10876553694430671,2.1622263866187623
2169,0.9053238295624535,0.5902447773129096,0.3214981423656334,1.4556100775251362,0.6599135238326226,2.010348905819107,0.06599718990215458,0.09388166187273189,1.1820482287324001
2170,1.7307472160097173,1.0897506144335611,0.2622131367524848,0.04018139288323508,0.6317079896396511,2.022596825844168,0.26691037601033285,0.05565745125918616,0.005272267313900403
2171,0.9155617956435456,0.13074779301454217,0.026599599871444113,0.490083264993509,0.711539699557276,2.790652218348424,0.18485489674826303,0.047712316548289245,0.5464173558108913
2172,1.9453138235169583,0.33956640136493754,0.7166465877819157,1.4314511435123887,0.657129239617363,0.7271119876349427,0.14302904482681839,0.055026233180803075,1.089095832705626
2173,1.5154683079054534,0.7226863027169441,0.48943887789571117,0.3074443786948887,0.013264770724367603,3.0261109489911275,0.21053038448931585,0.1455762339370526,0.11074486317365873
2174,0.6119592036266239,0.1456817542599705,0.2835997156870538,0.6263312016149158,0.5926658998022001,1.8595756643864354,0.10018599918227641,0.06672433227753222,0.12931224914980533
2175,0.4793162604227078,0.7171169920462268,0.42311679249089096,1.2057407425680218,0.5302113778898314,0.5606380283924919,0.08409328700928013,0.07642832554280986,1.9521295880153497
2176,1.3853847261597592,0.42527493499390256,0.26216908577337905,0.6706216439385844,0.5665343656982659,1.919542519962311,0.23551734131058194,0.05073539788282161,0.006423903974981271
2177,0.37791337782416556,0.5189701185769512,0.5067292462128361,1.201633024684876,0.5655999364705617,2.296032838753281,0.09418871467381543,0.050833646471538464,0.1788259483014607
2178,0.9619913113662142,0.4167896873334964,0.5694532370623824,0.5728027216868792,0.0952193919540304,2.581187267659077,0.26151907991103523,0.11141964061135157,0.5360738667796252
2179,0.016750496424358108,0.27749300851110714,0.08254121425448849,0.011254322781301895,0.45556856815987645,2.392269680611756,0.16521085299099458,0.050743360444449215,0.579374036675859
2180,0.15398834224228083,0.27565314220879533,0.38251568332745817,1.6695993737194401,0.5684492249716746,1.468522377525557,0.1023741917108647,0.12149596087368864,0.7056333347931234
2181,0.9683744200167821,0.40004656823672613,0.8917233448874944,2.045417467465012,0.15840415024300925,2.72904769898055,0.11214070768186367,0.1293000231528533,1.1904585565710648
2182,0.21532455004950501,0.48616141823121095,0.491984430893864,0.35733888834551064,0.1614688090395895,2.686596150344686,0.11393497157369539,0.06275079669063877,2.220332930367256
2183,0.4233346289624136,0.20021935164234286,0.28896942265852155,0.2591656839511879,0.38400530356093165,1.9897670766632936,0.0704922282741189,0.1377824176946947,2.2673969872434605
2184,0.689057665836723,0.2300112036853506,0.5639883242833844,0.17100180266645626,0.7637497383899711,1.1913295436775986,0.25836992743102316,0.04993046469704064,1.416239670907298
2185,1.4873577647998388,0.5545901869495647,0.031069897743705055,0.4263936655185203,0.33840782782031864,2.968965613567019,0.05659414957490475,0.14478003128599526,0.362177042681458
2186,0.25106132473712633,0.38980937765189694,0.45642375670252955,1.7558569669155875,0.5042101793998534,2.244167790126725,0.0588539625375435,0.13188567105200077,0.23588134107808145
2187,0.605371808277956,0.9721897553441912,0.46765018611627596,1.8231156993664959,0.4527150248603704,1.2359483815506924,0.08195475696870311,0.07535755692282924,1.2585797870335904
2188,0.10179301032372828,0.6623428838799577,0.02710546358099908,0.09178385989030469,0.6089422520783905,3.221842139666561,0.07273734138836654,0.059960399298993605,0.960127483382738
2189,0.7677655758699663,0.46650019356642847,0.0517764884406261,0.14204495200271805,0.5302244073476583,2.6934318020031904,0.18542074303550118,0.10374347081898176,0.01515957758458486
2190,0.016616592095344995,0.5703441638696648,0.4217188429573209,2.637183393860994,0.47120766517005375,1.9190356495755359,0.10185306874169414,0.057302297882451565,0.6955700841940942
2191,0.5390309878061554,0.9018219854688536,0.2593469710160075,0.8623565704637031,0.9810179118524378,1.4162642460885007,0.1386803861688049,0.031076523399672415,0.7710550663439648
2192,0.7426971997268019,0.5414924832305308,0.5416912935576932,1.0015193087137695,0.46004244425088653,2.4045200848293034,0.1924120612209861,0.10640028682539414,1.5417248803903223
2193,0.5634864825481537,0.4238034634940202,0.3590729825517426,0.2605306727774187,0.39279024044450095,1.4117134715662516,0.05887347724618555,0.04357317906470859,0.42301664924024274
2194,1.6437082968379213,1.4830821599038315,0.08402861358321834,0.35645220892957763,0.7168433794746445,2.41449693234417,0.0858999256903119,0.1211898737756206,0.4020130495733193
2195,0.4226481563296286,0.21890328614575522,0.46007195697813874,0.639295391001317,0.5889727054556476,2.0472310714108692,0.11079194150967547,0.11231608301457312,0.8900772507243998
2196,0.8007846383808435,0.36046355302308236,0.2746685866217985,1.6181964236623827,0.5849247582178428,2.023349295955169,0.27554984678722094,0.08691143890541009,0.8044976426010928
2197,0.14454590627299768,0.40627169685412223,0.5769755804815218,0.2246149069097162,0.4840986745170392,0.9759660310154786,0.19651776471507992,0.1471908957238336,0.05431493050236402
2198,0.7837871425623886,0.9367088439791107,0.009506666057519708,1.3161710403994857,0.6987032384996394,0.13892330049038026,0.21958469302822367,0.1542013507386237,0.9996245249533771
2199,0.15360060640493742,0.4875491872695045,0.19836613722740223,1.529970701977271,0.4612403356752661,3.369906028075116,0.18726578694863444,0.08901469148489467,3.420836418665751
2200,0.2258695011825595,1.3121636688210474,0.45892260806058227,0.6971405072086962,0.7698316538219603,2.2082635088588773,0.07335154243541428,0.12018826890837356,0.4372741805484602
2201,0.6483212245390007,0.9410250350928722,0.6966119993813986,1.0045593728217002,0.6058697921872737,0.8983600287950246,0.18666882602422258,0.10677429207057654,0.628122755376167
2202,0.32838813522580934,0.08943807468713771,0.0021898659694093436,1.1095633765407538,0.4961482515837399,1.076309788781748,0.019667061006721304,0.0814762367745935,0.49173455267013394
2203,0.12675922720177007,0.3400673947540678,0.7126867551012467,1.8084145177968989,0.7145133363449349,0.22756602811799076,0.1333921144952783,0.05265378480388759,1.657555510858632
2204,0.12308378119728478,0.6911751245077242,0.04418251464604389,1.2581448518497158,0.4135161556823129,0.06282249937421236,0.17802445720716656,0.06742724086978423,1.7845035661725899
2205,0.9704365480017902,0.03234343034019488,0.4844039731681876,1.8234652273981709,0.5623330137300673,2.2417076664062887,0.10685206447163163,0.023263758357034856,1.0527750944055063
2206,0.7500386344507637,0.7972790191911813,0.3186367041057521,0.3060978004970003,0.37407495167228133,1.615996824242807,0.10527185219141019,0.12693718832079742,1.1195635810911622
2207,0.7565336472999763,0.654261085731999,0.816478100437291,1.514391286184557,0.21272447089979818,1.3019860963350918,0.16614530635381639,0.06621405992556456,1.8711002690732772
2208,1.1604788884011228,0.16583476356340696,0.25215005614551184,0.7305078071543,0.7017532248247975,2.3824488459118727,0.09155163838311839,0.09512684875692473,0.05968157660978113
2209,0.028923635478892623,0.538015530655237,0.37433364395668556,0.5266893706651703,0.49506662214207603,2.0658438090795825,0.1639573132341231,0.11540081000337586,0.4611637804592786
2210,0.3921395935381545,0.5594087267389833,0.6077133925388307,0.7310851472496744,0.8209654759792135,1.232352441955273,0.007341457035463642,0.09520826397165383,0.6059799482650503
2211,0.45324066394410445,1.1154511955171855,0.2279785085331089,1.7892336120633279,0.5299726659055972,2.205999233516787,0.2161095215836803,0.15893890354850854,0.5762954952787191
2212,1.2403132917854927,1.4018123156735867,0.25665933322972495,0.3288193409406476,0.5002313027792828,2.258711165663259,0.24115068946368629,0.1037775481358171,1.3366273529653907
2213,0.41854281595732934,0.367976537347299,0.3037011997743142,0.3815154689424345,0.5633526336249303,1.1397344077360774,0.24361701027069282,0.09247715078189461,1.4998936291087137
2214,0.28605812793734303,0.06319545594550147,0.300504996847299,1.4149630196244027,0.7212769037276145,2.705518871305661,0.08636324812591782,0.08451121285971427,0.8411959330671054
2215,0.8212165472598276,0.4154636220143253,0.7067204656186026,1.0184419568341934,0.6145449945918979,1.109191502312196,0.16392981137406656,0.09800486392273963,0.43279518600106226
2216,0.9463735426105953,0.09176484479895702,0.6874428055674121,1.2720925081809442,0.4557652811570215,2.9072215337181584,0.19725987605750442,0.12872757265169277,0.8460259914172608
2217,1.1936498503382658,0.7585536674724239,0.18272567550472857,2.1892043962200542,0.6281290774003756,1.5095687516801355,0.20199642213736724,0.047686284032441496,1.5525442076829048
2218,0.06480106737385477,0.19884883717051852,0.15257821315411085,1.1259193895910737,0.5243781852237578,1.8965906744343477,0.13876907916914044,0.14505965559450296,0.7449524272705514
2219,0.7288206996960804,0.007599782531573895,0.3105955982689018,0.44854332517350093,0.1248309145933687,1.5190420728134146,0.2502171985267268,0.06167359048460258,0.7197679277897785
2220,0.004661385194118184,0.33211021455640366,0.11550682306227722,0.5752695220284847,0.6913477988929848,1.6451452185002495,0.13821155717222072,0.10712464308143711,2.0359484609877816
2221,1.4711822263714032,0.5785461450297888,0.6836698152443847,0.5725393776682717,0.5189281533523747,2.7372809117544357,0.09707785628157622,0.08538552972293527,0.8919000930136364
2222,1.1384276758487004,0.9939692450470696,0.015388233094919102,0.47897200420781255,0.28477555945251876,1.2213624690475267,0.08302748986015279,0.10871670953138178,0.8124148046946693
2223,0.772600946815222,0.1914415825558208,0.6689440384798369,0.30727114157137436,0.5497992787151187,1.2879339408077841,0.14588162726785384,0.061972890775880925,1.2590250544651636
2224,0.48701321926157926,0.3715964265428353,0.28614903329170904,0.7409282666307615,0.3756592648205059,1.4744078496706419,0.12489417525275473,0.13302966398388033,0.4799839030928101
2225,0.26903418389819483,0.11016085393462313,0.210094626560402,1.416873402747954,0.5307436574554139,0.8358202097741835,0.12522305949521245,0.09936709217297188,1.7159426646825793
2226,0.28714471426203086,0.4370851598773795,0.6009273711163258,1.142753211520133,0.3845463351163152,1.7792225398222854,0.11901431535197111,0.027402507931092113,1.0410045079479187
2227,0.799737956294396,0.5179473658558609,0.4110525963552239,1.3137114645523256,0.5861798647271806,0.4897062890214021,0.20855915714977158,0.14150265395099246,1.9096396538311742
2228,0.010708479049203412,0.5456445656836353,0.22895483231233246,0.4621770730244996,0.21557062265439825,1.5656675086319463,0.0861975851881401,0.1428657495064898,0.04723691044309275
2229,0.6229575551316331,0.4274854102031309,0.811089142061563,1.1522800309749595,0.3352581423550451,1.4433867821265571,0.11313640835639008,0.11444304241952825,0.5349782397946965
2230,0.26355238059513364,0.7876894045352496,0.7726144769699169,1.6653975397958378,0.01828149618689051,0.2425971816247261,0.19254493382650192,0.07596469705900452,1.3425017987384127
2231,0.16625099249995817,0.631059008396959,0.6750285926818308,1.2676021403452644,0.36988157558527834,3.2808847133967936,0.0967425352772904,0.1266435544948991,1.7253334939843519
2232,0.6024637961394879,0.273231460201779,0.2691584858226231,0.7292918690145573,0.530665537785101,2.8862075167475014,0.12743890855723258,0.0929583984404103,0.0015056600679054233
2233,0.7897342437143269,1.0265159881700154,0.29575748440099375,1.4675585174116295,0.7244542644556716,1.9578048053568726,0.2836076663464008,0.06469080922167991,0.5613208979688133
2234,0.6871485878634296,1.063584321002271,0.665182672314541,1.3527613040005382,0.8893399970404627,1.0661296765968078,0.23501208927878492,0.12629747871910454,0.834659962288401
2235,0.6281616048908003,0.8289784907732447,0.09277337180663231,0.18052416396361082,0.43011329337008486,2.7956942138455076,0.002456846569643928,0.0864093968871336,2.3512958279822724
2236,0.18345800668921453,0.00791015203227996,0.41446988168269855,1.9914780606001532,0.4257749043022569,2.8134979219676346,0.25407901310200987,0.14264566808673085,1.8644037130596742
2237,1.7875949473469768,0.2339975836259969,0.3212830964464582,0.8159333728635234,0.9562733348977699,1.682673882202414,0.01684001038946703,0.10838132299072668,1.361499790176419
2238,0.37498370739494247,0.8125960599777748,0.35240384285565957,0.9257955726993704,0.3308918033306729,0.5532834962180095,0.12116528551888764,0.07017079805497853,1.8120248586382204
2239,1.0322382577436675,1.0378427871750706,0.012214624037085675,0.3116511654093924,0.3440454317965411,2.2991080964310115,0.09200020490514389,0.07518352319823107,0.5745917785800699
2240,0.33799338797799383,0.4071003989368239,0.5741913957637769,2.54872991860587,0.5428037828890451,2.6953463034085896,0.17628145904904843,0.06652262929716996,1.7125926370662956
2241,1.4718330802736745,0.6085391298484037,0.34299503502175377,0.3058434705917361,0.8828047722457402,2.3693494092737515,0.19059430848792702,0.10905279983361202,0.4654753961377111
2242,0.8695738609641068,0.8176674955718166,0.08790941021119669,0.9973816309610555,0.38814005482307123,3.577099674358001,0.15850541201236773,0.12773455803608078,1.439214136799808
2243,0.6449479942051555,0.859883283687285,0.0654119051286276,0.49653994771375753,0.3240809123930125,3.182271994408212,0.2161087298329279,0.06830221104238375,0.5051326405395947
2244,0.9692214589665475,1.2348057863958615,0.6488232049145624,0.7079825834114689,0.6943081290699116,1.01846976065625,0.015301496342491283,0.06448497824568372,2.1189179535591043
2245,0.26598542437714773,0.37721930549196886,0.2294501390879854,1.152866254815756,0.1898847765511023,1.754614808997478,0.12028764614640462,0.09597733622658068,0.44496317415526426
2246,0.9195120881943983,0.05069142438727592,0.31812136025488535,0.2593200399166481,0.49264649331682303,3.7069025775939934,0.12384624736504292,0.11240540617595451,1.9760664472214018
2247,0.5208457289421653,0.32092076998245317,0.28162413590004015,1.977096657444902,0.522485511879543,3.700293494976317,0.06504203352419623,0.10178490331239583,1.1018692750352466
2248,0.5984430008113424,0.8596231100878033,0.28506676417651555,0.857276443014604,0.6296236130430898,1.6666882692801162,0.11032998431878617,0.038684463570145745,0.5473284117390239
2249,0.23155750009587692,0.2488741226103825,0.153337082638902,0.2371945067036385,0.541295916051396,2.4013533804725746,0.275464795007445,0.11204969787899471,0.9945097106671998
2250,0.010925682489012656,0.4980527378048918,0.15095158008146542,1.6137831429185514,0.8805937604666838,1.4454319567947997,0.02751794373394134,0.08898927805580986,0.572036080669215
2251,0.3082471276779775,0.24898739271666986,0.6489062177272285,0.8493254720382627,0.5510044450723689,3.372326129083575,0.19010495665189128,0.06622990502627646,1.606300145620379
2252,0.39999473453528617,0.30745613204848915,0.42109469829953816,1.6439687689127127,0.2795772923461552,1.4419440043332776,0.2902602812267065,0.07138238043767517,1.5205967788319772
2253,0.8345327982672333,0.6958414167161477,0.4301542132372831,1.3675287911896745,0.8856267800863529,1.7753414234072635,0.019775358184324035,0.10287446893613282,1.6037736828841052
2254,0.8491518580670552,0.6154329846167917,0.9086244830176587,1.6005994239380377,0.6957140942066182,2.229470293349336,0.214198438516934,0.07708651012683747,1.6822245968481837
2255,0.36998070689148105,0.7413391183167259,0.8000599115490539,1.5161453621734617,0.749704695665429,1.9314431325941848,0.033203385427491156,0.12243809330502006,2.3085561718387684
2256,0.9095356784925792,0.8034366603596015,0.28283899206317276,0.10251249632382864,0.814023275237399,1.1269701898986895,0.2611899351884529,0.11511599275526452,1.2481916889893632
2257,1.3234410148596978,0.09449630019562555,0.4279609432631566,0.24566062157638813,0.7883850184039228,2.7775073667297674,0.034600806453683894,0.12295811907707074,1.4795436715631674
2258,2.087964845894322,0.7397903074852037,0.34848521378914793,0.6343692949992021,0.43022239339194623,2.6084539029176628,0.06199475246913465,0.0868139797993371,0.5038799205657065
2259,0.0973352000292704,0.5535191749353169,0.37211860890382703,1.0489167088494635,0.5110902837265291,2.2196168902727367,0.0819889218009805,0.12954756126403183,2.0047182173955163
2260,0.740976792966243,0.5229344064439083,0.06700760610954554,2.2574898793670886,0.8755163598302059,1.880469968149229,0.24642960478950365,0.035228038230164294,2.0725737346534348
2261,0.492421019358818,0.3114812597359479,0.2664952534775164,0.21270102109373856,0.8231810316302572,2.28322413956953,0.006834786132877552,0.05603549229803499,0.7955967547426623
2262,0.5012739601692179,0.5874813474445746,0.35924477724429615,1.7420874873325212,0.8040849523509657,3.336207493707387,0.04500051144823916,0.11348865452786534,0.5421233019336383
2263,0.3118300124983335,0.6864065937657625,0.12236080692917392,1.1086735593274712,0.36371640260138133,2.8406894287296054,0.10453781246397281,0.11135088888024175,1.2224552613479382
2264,0.46411614068672497,0.5833341490059452,0.07483062557615633,0.24981826630712423,0.5578871713705187,2.0309889318880425,0.07299502716284373,0.07117009641233081,0.7955317240460666
2265,0.22051609567893599,0.5319422167831969,0.36057756612833664,0.604609198237378,0.5664935325909413,2.2284592982401494,0.036843279444349245,0.13639485237284735,0.730917684247864
2266,1.5511092178878476,1.1502985488872834,0.7869015487491302,0.4808636692747617,0.463489967425452,2.736168126241717,0.16125679042320082,0.07229300346186016,0.4040710553603379
2267,0.6947500716627149,0.0733442061710951,0.1284397060611684,2.1853027918823074,0.5804770966323282,1.1365693187013588,0.1410204903694653,0.12942124341308398,0.25475645476232944
2268,0.8407836638122008,0.28826701129668986,0.2700261073667519,1.6397490397374002,0.5646457318248006,2.373879127226348,0.25570726102249813,0.06760154288480207,1.3859741624865853
2269,0.634430920445954,0.004302266512319963,0.08766809604485193,0.5355646295078956,0.7155374723143245,3.6032301522355805,0.06678174046010917,0.12375504265829274,1.5123206468034056
2270,0.0957026927646468,0.6595912124515176,0.1612509132719787,0.47389880187298605,0.4647281279940708,1.7064020534585875,0.21485620517142592,0.042558830000363736,0.48256495819430506
2271,1.4004088860268347,0.24511026010335202,0.20168029120549558,1.130743693071092,0.6930471407532464,1.072508858039491,0.17142687291062048,0.05372548501606243,1.7888820094052953
2272,0.016759780474483232,0.28435026364496335,0.27948457902553037,1.4921065766797317,0.4686429040112833,4.020368401293659,0.10524792829641434,0.07676129263290835,0.7539910323017929
2273,0.3123068139539519,0.3691826514971922,0.07416435063591614,1.7041050646251001,0.5997283581281803,2.9390986462973907,0.0757123285210285,0.15579227391951006,0.29796088847949787
2274,1.0325685429061118,0.40055261898721756,0.3461626431926444,1.2113407273100163,0.5009603015968849,1.3317279551633998,0.08657985263127743,0.09452288962185303,2.6274044595691937
2275,0.1651099222490402,0.2277243858990268,0.1502578278391517,0.5931218560129743,0.3988572236797832,0.7343124764450497,0.09257364632765852,0.11217438319091147,1.8107739569658996
2276,0.6023419324791297,0.937694336201014,0.18831957162102828,1.4484313942046192,0.40201836127627694,3.0388578448807664,0.10311791786984441,0.10804460429576775,0.4867771676201008
2277,0.6974052347881712,0.11347285160248333,0.5601893597896677,1.2306222525511297,0.5398464397105569,1.4754945815837808,0.04114602944460305,0.16512257438935604,1.0444702846095097
2278,1.086044498039381,0.8090405134555143,0.0927022274307992,1.0321316776052214,0.44093457966633676,2.4428877896408707,0.15251438989964386,0.08722357388926182,0.7220114139543846
2279,0.2359635510001422,0.9136167103820063,0.6057436052142396,0.566764055099498,0.5488939261118327,0.8719246491434476,0.20071031902351594,0.1376969753635663,1.355831864253592
2280,0.6493491652742928,0.3231138499015728,0.22340955404212592,0.8143853551931632,0.7182832007458291,2.2835312196516027,0.15141143642041582,0.09304706219705029,0.5235584678262197
2281,0.897709024233073,0.11240703493492635,0.915228781263941,2.1187769386421667,0.4867288082892103,1.1514831417170586,0.18372139605808355,0.11927435567479085,1.7438152613462288
2282,0.5197689385111467,0.7369779352818082,0.12929918778961355,1.3782832574460215,0.21333688878971152,0.8196835151163993,0.048709904028734194,0.11729001413939294,0.9668472684131109
2283,0.3981573070223433,0.22911371942852998,0.28835157338468054,1.0113343379325528,0.7364381710370022,1.3144182186524471,0.1525997867409049,0.07791456132957468,1.0874166462598687
2284,1.5974965510920602,0.11765652096380905,0.3531803683249017,1.0136881747732833,0.6479521934521517,1.2856420447155466,0.05139867453487685,0.08186611706745375,0.7851971318898717
2285,0.8352130457744105,0.04190211470866373,0.553703529803646,0.3397404913238924,0.5730432716976457,0.03387875151702158,0.06543365674574145,0.04738623864987744,0.57157428649271
2286,1.8513500308970008,0.5609627858928901,0.5321666422561016,0.5593253589752366,0.6065306014233607,1.5186687317832614,0.04228362082757944,0.13482245384329206,0.7827260582913755
2287,0.058041700847305644,1.004880052492335,0.2529980701974116,2.3741902418274474,0.5509339737334483,0.39905607663897813,0.1374213117965254,0.10160975199831915,0.10233791253660773
2288,0.4288011164434766,0.6803811629170173,0.23211337025184847,0.4980492172092075,0.4938532378317251,0.7227215874077764,0.01695977058937985,0.07789122188848518,0.6072322504735643
2289,1.1593357199609275,0.6716168439228651,0.5660288422903363,2.232929437715723,0.24961418445132394,0.2743866837759614,0.21422277163116155,0.038771915349214356,0.37298980761667794
2290,0.8580860868984161,0.6340862889150102,0.31907222219427583,1.2939610064197433,0.9314244106836325,1.4539322586592445,0.14234142189561172,0.07902283814462877,2.3851677188791482
2291,0.014641244362081973,0.15872818510695413,0.6548333959187662,1.7685913955350538,0.3111045541448155,2.069235068581916,0.05524065637016582,0.1296495407589779,0.9521571218217391
2292,1.4300737045428222,0.19511135910118585,0.4536923312084681,2.522217214807513,0.4254766548155376,3.0777085985838832,0.09654350973600301,0.009150405741595993,1.4123519655306906
2293,0.6158691918216859,0.5774923372107911,0.37133361670190396,1.0831289525205476,0.7690322133456767,1.0309027568921518,0.1780462794403621,0.13042535316756876,0.35205523162520047
2294,0.5894657608177041,0.7321827565745969,0.3406668317543191,1.2573695297492617,0.6753864465307989,0.9790957447606818,0.04574761595364283,0.07069946860872624,0.49947202165063126
2295,0.008666494648683465,0.07654463839289077,0.5127633245013807,0.010506474218173634,0.6097424015993481,2.001966496294879,0.11045220542878996,0.07906408546373679,0.6249962852189387
2296,0.5754528990207026,0.22245938932960097,0.3439751025056352,1.3669519087783146,0.6547070401252093,1.5610133020027495,0.07328757162385438,0.10406459994439583,1.0080152457277582
2297,0.06335041560222981,1.051642074621774,0.023984573742529214,1.2720760546673024,0.5663379403416939,0.6023565525473362,0.10756531385206834,0.12278288246852168,1.2448267743791088
2298,0.5524999217710979,0.8134956469069408,0.4021668343794166,1.4203154086299346,0.44424132433631947,2.115078811920345,0.1270197515854415,0.08309405517069161,1.9792847635336897
2299,0.04940196210507236,0.00024885041404204555,0.3744217687148866,0.5855724360275596,0.6211616946318324,0.42696026804321985,0.2583077592493028,0.03562146012916295,1.2542672659735608
2300,0.34598544939057185,0.42487980848005336,0.19100510898747872,1.8929671141036306,0.4990687193114747,2.2880359361508362,0.15039525119767147,0.04701399321915608,1.0683278703221275
2301,0.11556205143089435,0.6722877346349176,0.24082881982385757,1.2789439644451337,0.24354944205874113,2.3772982280203854,0.007231265653365737,0.04348917727131868,0.6384280552496773
2302,0.13053850645094534,0.4137473910201802,0.2683509843494417,0.5994894758440521,0.4201960741136854,1.0622326442610628,0.11567198211176281,0.15864669562621453,0.9654456814257771
2303,0.43622465313589454,0.3966626806270555,0.12312389730672696,0.7380344287977524,0.23575278807450795,1.643638587422709,0.18240582392872817,0.10010764880927947,1.6031393253295665
2304,1.4199938431301045,0.7333733480602419,0.0880962264754172,1.7735239064980926,0.79968528866368,1.0605065178867092,0.18850373257274017,0.10247486392985751,0.4173114941103694
2305,0.7124047425846505,0.22321758617872778,0.40311316075600484,0.7137081157347512,0.5127704726155562,2.5033359188021636,0.23460492767412972,0.06760191929458444,2.819350409986967
2306,0.20839691316456554,0.43051749703002806,0.6985529683970613,0.9418197901180292,0.4738226978048412,2.210600181896899,0.016435708544152536,0.10687720032809923,1.5483186168140584
2307,0.5313705172937184,0.7441830408579346,0.23039880463396678,0.6297314285924909,0.5961342409718371,1.9813417018359758,0.10203840669620273,0.05651759302647091,1.0742411818269784
2308,0.47347725723696055,0.534750628945056,0.28813655946319605,1.0233081968503583,0.5113654572529666,3.1215098590336137,0.1129254209701355,0.12481271498396601,1.6240645317268756
2309,0.06578430546285552,0.9266188985577342,0.33012602149955517,0.23719001175973597,0.46174816480877795,1.9994536122046487,0.0588435796462075,0.12104735066988744,0.7150819853759325
2310,0.3417975525589137,0.25846212115507505,0.3684651290377041,1.0909984098810623,0.2950165563649878,2.892164071808346,0.11803698228434042,0.0952641398149513,1.1970078963373072
2311,0.25909178904099717,0.1204654555106631,0.36744609735342837,0.5625995821913161,0.25873955779151536,2.210526415880119,0.08646936678706897,0.060879803114688325,0.6246813410082462
2312,1.1754375586958594,0.26046635351680714,0.4226942670659246,2.6682779654116646,0.2748651375402107,1.9081053659146303,0.0631654607142744,0.11312645933145149,2.1301518904853296
2313,0.13581938082966002,0.5480019325300701,0.32179615641553416,1.5548580332106605,0.9239882988899629,2.0027866851721896,0.12967805741319988,0.058355054843244825,0.3000998660911365
2314,0.09078271224425885,0.8704416923802913,0.48793204447070293,0.5374733636821332,0.493708650034063,4.15209382148366,0.12644841446496438,0.03992297714086059,0.9268493750391217
2315,1.087604238275408,0.6088240887271907,0.644552740470863,0.2607026795991829,0.2235676053261797,0.6104767129510886,0.01677953018519311,0.08177340933256506,1.3288509535205213
2316,0.4555759205913641,0.3117439943605405,0.11257769385783428,1.527346134914942,0.5615941840732913,0.4393494594667342,0.11952291102733964,0.08298793121974488,0.6165026894199614
2317,0.4569927673030498,0.5390668393091057,0.29899790971086093,0.5420241640353167,0.6673100166928393,2.6637379517734416,0.16886526350551065,0.038849636932970756,0.28559920198066513
2318,0.06961618816466708,0.7068809145036459,0.07178332462382453,1.468548721877093,0.6864264099731219,1.2996911695069464,0.02747824844792414,0.09944643099917191,0.47084268850537814
2319,0.8689005171481792,0.7319294113848268,0.5457814491354447,1.6326794583547113,0.47447402504539343,1.9200996670810104,0.06501151418884989,0.06775253500919326,1.6088947298885907
2320,0.19962503663261424,0.27708831851191384,0.7006192934828069,1.8754056104194035,0.5906680162634601,1.011129366643274,0.2604581098796289,0.11509290324310747,2.0365678323584175
2321,1.0483898062197836,0.3817876751260142,0.08497670951809985,1.4264276239839315,0.4259104976232725,2.3238908106028116,0.03688935189473355,0.1742942524357294,1.3293301000247828
2322,0.20941081631720943,0.39242454546741123,0.5464833901133659,0.5515158485429217,0.4720881398263531,0.6748303623185832,0.07607254943125646,0.07398039739074454,1.7291962311581068
2323,0.051695808658397596,0.7916583418307526,0.13090835046911334,1.4476519943622148,0.3207221409559996,2.2714463897186477,0.2253064824461936,0.13783927291065715,0.9972383741532691
2324,0.5550943553935235,0.7443718160590125,0.5728522664058908,0.5062832783776314,0.4765628692723351,0.47445081265422884,0.182596560999933,0.08477108824081511,0.967109114732128
2325,0.6937999849076262,0.24484827573678622,0.16935787307097086,0.4868607228806541,0.854465459860001,1.1995480747968505,0.047135654929262354,0.031120014115436634,0.0746830550175619
2326,0.216649116442824,0.2691624305726755,0.874929481408108,0.1846630145711905,0.7474362640243938,1.2769935490073911,0.18640665872669493,0.08435742043325854,1.5498728146600622
2327,0.19481962554140356,1.238719875761286,0.3816565914620048,1.2592397167341156,0.2376491949806137,1.3683198652605317,0.10461938756673098,0.06051655996912765,0.34318721534462215
2328,0.9738438655449937,0.5438985280504769,0.4950161284426927,1.1872823224396862,0.383715742067944,2.1940927480143855,0.0837796781422024,0.05626497093552536,1.4068278929818128
2329,0.832216828334259,0.43716540468468984,0.5291852670717074,0.5004149251059944,0.3080410546300618,2.156015924479456,0.10834155336789318,0.14671039969409105,0.173101615247651
2330,0.7223717363106368,0.3933013296238006,0.29924591787525356,1.6769345382357632,0.5692686757101505,2.519916620807024,0.21575603692445694,0.04321247584915988,1.0838694648648797
2331,1.037885730367207,0.027464813542753985,0.18037342405759893,1.3474312860676714,0.2877780233996893,0.8289605845076795,0.01796455861387035,0.13678467040278366,1.1815164750638698
2332,0.5727358668158533,0.940297195261788,0.43723594742861516,0.39267247377079617,0.511394827612284,1.6648503067761105,0.07156300831046403,0.13556644440713175,0.8087489726611772
2333,0.9714520069922277,0.1507101808075399,0.2557811122858402,1.3747123699074333,0.5487378061532499,1.2545444592882014,0.1006964271702453,0.07254423240355948,2.462431188646721
2334,0.2911588701153598,0.952570189465032,0.5056878130663093,1.6739362586027289,0.908781825579758,2.429988919915435,0.19089574157930475,0.10113123733480232,0.10364545856528862
2335,0.8780060205528786,0.7864104784599979,0.7657719743267748,0.06148034598210528,0.2920181615607864,2.320567357370315,0.01824251391293137,0.10091284389892222,1.2673445268468253
2336,0.012306747880503233,0.02563297421114602,0.41523708181373553,1.0937290888989042,0.1274587578624814,1.7194572640751362,0.2927999350453741,0.08337079499858266,1.5269298339277149
2337,1.4629824984522046,0.038818395988459875,0.647235637921707,0.2595275218585712,0.14564800796078947,2.300604437119748,0.08227513136790653,0.035796416749751564,1.62262218806274
2338,0.7876236240255583,0.4878131736621001,0.592858395562917,0.3929072055044468,0.11646686405980256,0.9770616450040369,0.003523705485499934,0.09474246614480755,1.0533364761095891
2339,0.5388854493894893,0.31346392379651633,0.8037081194615721,0.3156215449850256,0.6543575442808279,1.0208660997086438,0.17876565976936748,0.002773936440814098,1.8270920682283882
2340,0.518795627298858,0.12934171296573835,0.36289782467650306,0.3860528921449522,0.6170978829954714,3.218748558242426,0.07333953503545709,0.12473222753190066,0.9624593216194691
2341,0.18184691434999684,0.01116683978339994,0.2688977816371794,0.7105167874232843,0.3247498637100386,0.2399670883972067,0.04823196853285196,0.12983776047931725,1.745811961311143
2342,0.007007522182435499,0.01223790139014097,0.8426391734144969,1.4650638525188688,0.3023516526877271,1.9679989579427835,0.09037774453702181,0.08355436595961775,1.1127950926580625
2343,0.04035491641548791,0.4077319319691649,0.15708061024450742,1.053835569893665,0.2743348483922417,2.780822215153775,0.2551120875354864,0.07496308703053559,0.13163357602001002
2344,0.5930264156267717,0.6428666520364897,0.014425376129253542,0.7224210961902751,0.45698811925576055,1.8697786970030703,0.0785608855094769,0.11061555923489663,1.0304096438331771
2345,0.36871752812204045,0.30521194428476905,0.28441187396779727,1.7230494710685698,0.21539476768329335,0.5491112673322136,0.05021123824373808,0.08973295909100223,0.9223784878196628
2346,0.450958437302088,0.5013483768665948,0.7563244430587548,0.39588959661631407,0.6074859996914774,1.1021224018461269,0.28042235052324516,0.09162293051948273,0.26166208023306403
2347,0.7260420173169528,0.1804626774693925,0.11077449112954568,2.325822160296386,0.6465080657645066,1.2567608177674399,0.22147386489303522,0.15224161453279653,1.609884178176911
2348,0.23310622950798268,0.15944679678150547,0.36308081242421314,2.057932096936652,0.08807144467497896,1.2246875848968057,0.05967978425443789,0.10094298182396559,1.8517940234609254
2349,0.36634863554541536,0.49591802604213,0.41891122883784115,0.9121807850016013,0.5020899639686011,1.2200319519804446,0.1149887879568395,0.10511518194403606,2.6575073772764517
2350,0.07152694832970322,0.4570694300148389,0.695086451100368,1.7484549473517503,0.5919885526122223,0.12527659717934903,0.04778483156001248,0.03166775827856528,0.04442056991310783
2351,0.19960701589396906,0.11340185081978588,0.042206003421292104,0.06866272224227088,0.8777353207382534,3.3132262920842854,0.09538601824465705,0.05926115240474928,0.9523938850378688
2352,1.1353640943397516,0.6128756982507588,0.06704228220163772,1.3941597612810521,0.5495515611007029,1.754713881029951,0.23648872424427064,0.0769369835586999,1.1381642117413746
2353,1.426846036670875,0.6581123546825278,0.36402404700590074,0.20462141240394272,0.4859624204661102,1.0254717971206304,0.20019389570157398,0.09943018221648563,1.2074725619593003
2354,1.0410119648445746,0.3209016409609029,0.9984332698744739,1.7040774935800749,0.4116246832762314,0.5328343604193087,0.1101579405283989,0.10834792057302048,1.7002656451448486
2355,0.4335322276643695,0.28683292807984173,1.0247776975397307,0.9475708609894647,0.5259562609381637,0.36645741376455687,0.16538230707095664,0.06378338062053482,2.856485918657156
2356,1.2094723040499105,0.46418341509042393,0.476797426140872,2.4023882188787566,0.4364528290791098,1.6340078578396122,0.037283496600349436,0.12413793896573938,0.9011287035816192
2357,1.0295481514538158,0.2940945553209925,0.35508948670279283,0.7003703611339847,0.2733046945429482,0.4678651318410558,0.07966181780349428,0.09461596639875851,1.3495651780677236
2358,0.5233856317440704,0.31127089206960545,0.09747502231125937,0.825118843449431,0.5475086832690974,1.5590856455433082,0.03761111681974423,0.11739210366010923,1.0540319249102557
2359,0.08415493387039383,0.373425554052469,0.2722590778609229,0.08276212435217545,0.46384816259976536,2.2327624477150096,0.18913610143879545,0.06380205805376472,1.3879943783436806
2360,0.02364855284424605,0.61813462846448,0.22176904931056696,2.523909134153053,0.30037913884162726,2.564052868833581,0.0655790275605215,0.060150694541062213,0.5173070089345735
2361,0.294357388410142,1.417852259007089,0.23600279623449638,1.576411348944927,0.6659035129537173,1.40400307525014,0.22571170991736733,0.10995718921363126,1.484913378184404
2362,2.2990108049793734,0.08282699089116774,0.36824275681885515,1.2698155512858234,0.5746602691530561,3.1244326151286614,0.2184873639929271,0.10522869365717294,0.6500187566746198
2363,0.7522811469590898,0.12282187990045634,0.20148196140290012,0.6482946727655088,0.4285586390781285,3.807414520876641,0.19511445588699314,0.0801413928996075,0.31624601642601835
2364,1.1488312999377328,0.6927086324017839,0.3789108061562517,0.8628677516729533,0.32012340640188436,1.6319155893874218,0.05549238664215671,0.10609838613928005,2.0222912191722093
2365,1.342000800579683,0.33605521777926883,0.35277698390523365,0.369368896099206,0.22532237459375876,0.8479703486241367,0.11545906036352817,0.11269752534758731,0.8243029398996702
2366,0.3587408106695953,0.37050409507757637,0.24763085462026457,1.237411294073731,0.4870322371134194,2.3095997802461894,0.1640700454287857,0.09902236242857576,0.45592764475121705
2367,1.7534397902116896,0.6820174295186587,0.17966565277590985,0.6877738851191506,0.34543973053899285,0.14844142190099463,0.13557507732878762,0.14863868630846067,1.1297484741952382
2368,0.7051192689361662,0.5391817445316857,0.6783733921693624,0.12957291133693372,0.4723697152942586,1.4028492868474924,0.06586523815200798,0.049350383980131876,1.6185356793121677
2369,1.3569842976304016,0.5128195044516236,0.10093651302920637,2.2539622293560675,0.626081902984786,2.1093746458649663,0.14729721093251794,0.12725193566172813,0.42790684432373677
2370,0.14858836143336618,0.32847104716865505,0.334542367221355,0.7414531687058967,0.08854266123190857,2.161498282158606,0.14395079371577202,0.09970624577103578,1.876236162749263
2371,0.3353514751151607,0.6778098948785669,0.3547004906864262,1.0904108805127932,0.7461664523851914,2.4271583205095038,0.2458206949117675,0.07135209236061384,2.5328198657703274
2372,0.2273190912095439,1.2990053542364943,0.36359033403385477,0.828265979693846,0.5722994151015441,0.6755274421776283,0.11666833927375787,0.11202974532058955,2.6338158082081478
2373,1.0658109055831508,0.6270313636788245,1.040986410147306,1.577596828948027,0.6130750044208486,1.6500863002255841,0.26170522182104383,0.07951201210911246,2.6936974719015483
2374,0.5497222066789604,0.6964363970198202,0.5864743059586407,1.3072143853743847,0.38919441697398693,2.4164120162436062,0.14121515533136908,0.06126900736209961,0.863319023324871
2375,0.27153486069456045,1.3636305507120345,0.5049070469601314,1.9307572229595316,0.7004871091578817,1.2276191505287286,0.22903984198804694,0.11458031198831485,2.04644902917419
2376,0.4215749356889763,0.6073980293779002,0.43141190741836866,0.3075035262862612,0.3504732395671143,3.589272486030422,0.14758574877752856,0.02297422056368935,0.2052018991786272
2377,0.25419734451538717,0.48455091220029106,0.82146650031789,0.7554981005182677,0.1064157362717823,2.3269807751055684,0.14411676167415605,0.11487559609811465,1.1516324237287348
2378,0.05056702325305809,0.5562576900986251,0.938428533605717,0.45933195572599705,0.9089489692178602,0.23282302432397084,0.11670321136481367,0.12964228015548412,1.380167127553995
2379,0.1288360593239337,1.2852629440936236,0.24720351808232782,1.1183146260780703,0.5098176745669906,1.686016275878315,0.25057795989519793,0.12405705622218742,2.0929908788528593
2380,0.3233612425501907,0.293334594283097,0.43603689540840257,2.099240354165038,0.2884045780795193,1.9213885750525372,0.07021808226566457,0.1308560955056146,1.7075892400982726
2381,0.09242885175307883,0.8542595728946587,0.31909627202216995,0.19155332520565493,0.7222423135356799,1.9223591400601603,0.2678817010920223,0.06977272625765514,1.0718455148723693
2382,0.9518979220795276,0.6642496358860667,0.24310871560706154,1.699818639911979,0.7086767004103063,3.067649511843773,0.19566244738076932,0.06277814797165934,1.4564574829617745
2383,0.48319459109747315,0.8928249695963848,0.1417303525271734,1.2943926618656998,0.4708494334128834,1.4233315910452162,0.12887601435615298,0.16157380438723365,1.6026404366271056
2384,0.27344893070117926,1.114872223779981,0.2608173681200762,1.5610372670127135,0.5735798231214319,1.4451983444737306,0.2405285679198988,0.16645033667957582,1.2426779576429352
2385,0.5518379710723562,0.5451911369601066,0.47524467416441196,0.5105206552273422,0.2529585376128779,1.4272220895340042,0.11425284615794197,0.04024162699387553,0.5836970616869503
2386,1.0066886158234618,0.7845553775849969,0.24970784359374001,1.9040961826457679,0.33948531541127597,4.679385115508793,0.11420853764231886,0.07401132266736331,1.7928625482733236
2387,0.10556859486951228,0.20621011421524546,0.39233673944940994,1.6200806543178055,0.5362396199221475,3.2475018543760306,0.006782577621780708,0.12435451571077277,1.269846589413675
2388,0.2332596103263971,0.3103039059919178,0.18858553953541404,0.21694825942155305,0.2581092638517246,2.2983843692964845,0.2652390719045198,0.09434484069582197,0.8099672565973964
2389,0.8946837054228605,0.7821822125545951,0.29529433530988236,1.0999874611779887,0.7902261407279387,3.1207809502099266,0.029585763786615732,0.11915449000682592,2.512728388323933
2390,0.5194199197736662,0.8595249592332472,0.2872592608167771,1.8601951487964483,0.6322040674725456,0.4331684531761375,0.21533748256753116,0.10556456504844633,0.8936475174158527
2391,1.0146271499976873,0.29592283201718944,0.18986663080331986,0.041365283524886776,0.4444815739152248,2.6598391775129944,0.09940354127897377,0.09136396937583596,1.3511494435851161
2392,0.5135505125951314,0.057635430067733195,0.0492572181710888,0.7498766701611652,0.517742391628274,1.4954964053268498,0.18440534175249867,0.06917441291815812,0.5434484840864644
2393,0.6106128527026087,0.08703803371908297,0.7541218715904823,1.670534563239059,0.6448765584978705,2.0037888169885667,0.061932067997730475,0.10483341233027618,0.057236666693660454
2394,0.1378890867307309,0.9634027456778465,0.708465231838515,0.5578945232196619,0.4379041369304619,1.6510750649051613,0.08248994656116232,0.10914498621620568,0.05647291947378508
2395,0.4741121921660134,0.025402363195394462,0.5778432115852477,0.9404930953930631,0.47634422525853826,2.9074611805879687,0.09277090787158224,0.11166281592359002,0.929921633182601
2396,1.1121186235411555,0.1498452174774885,0.433923014694935,0.6060808932964794,0.5801866206827391,1.1612934164027555,0.20300812567114135,0.03350576935161652,1.9274938527350662
2397,0.5866352253233935,0.18482668263408444,0.05148453790682528,1.0472874514682347,0.7289202092620506,2.2092854708746783,0.23761210946233713,0.0967793871733937,0.8660115630525834
2398,0.778653449094088,0.9033998424283851,0.16542548458723413,1.486648712527888,0.26906616684361756,0.9704285509968511,0.13723655263116083,0.05369608003662944,0.34191934147436875
2399,0.699097794414629,0.035272910656541756,0.8836806298089286,0.493290946464258,0.660056813223752,2.1975850484234414,0.18128376668917762,0.07413372718740772,0.7820899640908031
2400,1.0358343572732867,0.6431401392066229,0.539285385999497,1.2735924797709028,0.6872414195384717,1.807898286231274,0.1562149855935865,0.1108520971286224,1.3255648687641644
2401,1.0418547996034382,0.5639221383993375,0.04714697186245642,1.5156625765512857,0.949089549421119,0.5643329813684361,0.12661088822540537,0.07253601851522537,1.3343627875042707
2402,0.554077222115563,0.3514236749060916,0.26768134561777973,0.33947325913846915,0.1959681222941091,3.362240498554052,0.24178500344213033,0.1429680693295854,0.4339226128087511
2403,0.0365804689098001,0.25175693419806955,0.006760046892229754,2.5284994010875987,0.5945494261105093,1.8783218912034945,0.0502458597631818,0.09782371235696771,2.3917010445446154
2404,0.3207313229377086,0.08046203918595646,0.023886368260538138,0.5186820776908588,0.7015459291676956,0.3646838754289321,0.05193985609126912,0.0778740549840672,1.9197163926485812
2405,0.4612638213262204,0.8889644242756933,0.3315934395483056,1.4316755568652377,1.0545037900028005,2.201509609890803,0.013601368056703839,0.06982271007174075,1.1770821155214757
2406,0.46277732496787577,0.578360716176945,0.2282737827937016,0.32677049730090024,0.3581535556100094,0.8362149058917613,0.05635174001042655,0.0324045179269028,1.696024854292833
2407,0.9166025443159511,1.2877686250238054,0.48087165154822653,1.2502426741739925,0.35234348242841784,1.8186564251402868,0.17564775475531008,0.05129311098644966,1.6548615296246458
2408,0.9426270413607616,0.4908865786621458,0.6856921423334026,0.7506619180690085,0.4631078520426749,2.0605540291541,0.18109996907305304,0.07881937760257515,0.7646666169038625
2409,0.05452883544658563,0.2728624250896375,0.4533282170455003,1.0587318299666966,0.48829838053385594,0.05342180781346051,0.21730943198736857,0.06880727114912823,1.2382170549826623
2410,0.7252146922587375,0.10971318870805102,0.3751365529654274,1.758249038978164,0.366008348437294,2.991785866696506,0.16495482198325184,0.08611317193451498,1.270192579441033
2411,0.5901659365433627,0.02208482687334401,0.4289476961094495,0.7294552381318921,0.4464960267231369,1.8751277259603765,0.03988182503309798,0.09080772908892201,2.1001925019752177
2412,0.1723295549367781,0.13975922846817732,0.0018398314660013626,1.174396414878958,0.25192583485954967,1.7070384272680255,0.1259559131245219,0.08535425796167442,2.1018857094485055
2413,0.5871153711997721,0.028162276742105197,0.5242112747718268,1.490717394971604,0.7360984655051502,1.4896803691062686,0.1444826829629207,0.08247265353354348,0.8124397878476216
2414,0.08638825767693026,0.4879936781156946,0.09215068782243577,1.432716921106816,0.1790474576001907,1.7261284520101212,0.2201144555410564,0.09372543550496368,0.2951475664220272
2415,0.8003090670426647,1.244478010446902,0.38355244455460413,0.7583749189983813,0.5185321340505773,2.760088924686648,0.13684538254370684,0.07158180322879194,1.2161128315264658
2416,0.26087549078727296,0.093076059585952,0.7330500987338782,1.4795401654745062,0.17106024504597406,2.2269878805317633,0.17183406901435183,0.11817418001009374,0.299412994325608
2417,0.814830284630331,0.9565550816549935,0.1665173429658209,0.007420215635595917,0.2879887649019002,1.7280894385215702,0.19226978744227577,0.050983828760082665,1.0524870481562996
2418,1.0172968806467928,0.4504629094640377,0.8353866161266291,1.276020376536572,0.47548773286962387,2.2342559035250167,0.04618707139639023,0.13899545025234156,0.8714248171683545
2419,0.6818838502127695,0.7069456337307706,0.30593098365225957,1.784333608472643,0.4266454461307938,0.4311352810800244,0.06796399686180168,0.1525417490682518,0.5966836110496214
2420,0.7059931354423625,0.5423620328933048,0.4269186621285481,1.0816639971346342,0.4761552914957544,2.6189723708514663,0.1372415905562901,0.10569441362561637,0.016111982956920512
2421,0.2799263129518969,0.4288636859637779,0.6787126627781892,1.1011383642738548,0.6254590696720669,1.1057283326520293,0.15680172145291973,0.10235224935066614,1.7287218334214542
2422,0.8777080026990445,0.87299142406155,0.020735063630133332,1.5690346151660033,0.5592177472836231,3.0569374142651924,0.2369522896745188,0.09053820710002763,1.548104552062605
2423,1.073123861399367,0.7937205550257281,0.22775822581126204,0.2948302246492296,0.3893450993558048,2.644095991353239,0.02106792879870356,0.05652279869520556,1.7256480196463695
2424,0.22171887792270045,0.7137576676702736,0.5513262402775831,2.2161024956306674,0.5159984358245413,0.8535090417573731,0.2104370007463266,0.07594159373151255,1.58368567974338
2425,0.2696564817307326,0.23623484952838497,0.5889231172822247,1.6939887281812565,0.3672442049331551,1.8162988668366737,0.05699147289931358,0.09846748961588624,1.143483756413612
2426,1.0471315211005134,0.2581432964705068,0.2295819122319268,1.1728675845346592,0.7967729690024502,2.6033370202885098,0.07906509198095633,0.1291718873683705,0.49473623379226467
2427,0.48179686779039443,0.15988111945418837,0.21590878358964846,0.9269371368724338,0.26798756056481654,1.9086348223886986,0.007033116366264094,0.08881658909923835,0.9966689995622435
2428,0.8400910856056683,0.6483420490393217,0.5004057675697331,1.0772827141630161,0.504979755546504,2.0845231474540697,0.18963667153134167,0.09045076208045591,0.9325149521558616
2429,0.03603062565280632,0.8364795943136706,0.6332787201761363,1.7300754639053286,0.5546579920549717,1.6058855540089154,0.10862795810539072,0.12276035414850403,0.8325168103093624
2430,2.1812611478172292,0.3803263644625873,0.2898067454263256,2.2374938931518615,1.076597386215807,1.4421199427033593,0.12689367818865066,0.11848379473012578,0.29036374522125674
2431,1.071723723772866,0.02878275264003821,0.4927054013641364,0.7615812986279544,0.11121990501973655,2.8586019874508075,0.040720167539256086,0.047798741240905517,0.18278710578346014
2432,0.4553104196839825,0.034149515471795455,0.103052213055744,0.6170322705491447,0.39282136271471146,0.5296839389606363,0.10065141583389048,0.07510805682096632,0.2088444138235528
2433,1.1846051576173389,0.22511047688921554,0.05753107204145336,1.120576433858742,0.480193862015789,1.8657136255208127,0.10690075734368853,0.10417705779758284,2.225741898819493
2434,1.3090971457280323,0.3535762876544708,0.23107927753808155,0.5921424313205522,0.4504532595028329,1.9227302684027363,0.07783830260820089,0.12046659804975375,0.10904191715634803
2435,1.2177986944231252,0.534886411427742,0.37906443439399923,1.6204941758367886,0.9528324945743355,1.474602198642569,0.11385735384242031,0.06444813938617161,1.736308492821251
2436,0.44805938500461007,0.4554678770539586,0.23543527581968998,0.9626451654132213,0.5161484100824952,2.858124827186302,0.16427471148084194,0.10359183823155046,0.219425534150136
2437,0.9820529205084507,0.10088789237264081,0.10444419360555224,1.0260787977441617,0.44692506475767757,0.43908177962579686,0.018786139698926563,0.10496196650547124,1.8517334030982475
2438,0.09732974995467547,0.10624608202145336,0.33472944348194517,1.662388905103239,0.4596577546006176,2.9808590272010695,0.043077579730150084,0.08922859730034147,0.8852316251734347
2439,1.0735399308373959,0.2414374731213072,0.061634918717338505,0.06135755522215325,0.326853275887346,1.8350038086056037,0.19311687910312642,0.15329929557401292,1.6800489714133289
2440,0.11202318784869852,0.9156682918441055,0.36048217726833265,0.48526091557561857,0.700375608422349,0.27191939103408136,0.15930199200948106,0.09120190496714285,1.1327263186727738
2441,1.325274472673784,0.37607218606898185,0.5683755701568056,0.21088020390489282,0.13244982136777672,1.4056674152546,0.003911093985283165,0.11846337119339997,2.3563902432711847
2442,0.3119267495253725,0.4891867222046512,0.41360865897456855,1.4900531071828562,0.5217937137087526,2.7502130341086675,0.042096993045555725,0.16554294434013692,1.07747796860609
2443,0.7322954018637056,0.6557768569451663,0.5605029951488749,0.4529288345603715,0.8241785273633997,1.5970500197465087,0.10517990940473489,0.09372481038145408,0.4835096764773328
2444,0.06731273149596817,0.8036480316343273,0.404857649086565,1.376911189441945,0.2887418281348414,2.668506165597449,0.010371466464715859,0.0639099344167583,0.523524379500227
2445,0.11719434170887805,0.5470129891030528,0.6923330752625134,1.1826153300512476,0.3465896064847756,1.1055631973606252,0.03499281175987014,0.026506235536898085,0.5935896863730658
2446,0.808712134209524,0.39335708518733636,0.5108659079995765,0.624174120323451,0.23814300548042333,3.3653114869480287,0.15996551488883304,0.0868288592637018,1.065427649362156
2447,1.2072330513534293,0.5971422493455059,0.11665244529170601,0.9194897859613921,0.7291093890660358,1.1092966090093546,0.10691102730419942,0.10170557909172949,1.5861547165215368
2448,0.2953551354780222,0.3923465815438946,0.3528413881401115,1.11527845855808,0.1793896070437444,3.6573579491675154,0.1789331159376711,0.14063097998255553,1.4627273397498546
2449,0.7684269642272583,0.9029430943255532,0.15539149937661634,2.955083109610597,0.30231269732578747,1.3660211074953599,0.06871234525481734,0.10005140344492515,2.5027258100598155
2450,0.3633460498573413,1.0805488373543939,0.35831102466625303,1.0903603093040592,0.2838915309638047,2.789432768554355,0.20588056004757324,0.09150297202588646,1.8636734656116634
2451,0.6313768982013497,0.31492392801857727,0.4112644332738901,0.33133425525079907,0.543960120812811,1.812168972225791,0.18949598197985862,0.10548725080084574,1.4435319460188456
2452,0.6668214306536958,0.3126975733917206,0.37658416059846916,0.6301508215173652,0.5451322911054691,2.17544814489237,0.07703793083328586,0.05893129266785223,0.2413339620803644
2453,0.6594267434857131,0.49086461010159677,0.6258342048685525,0.8907335167356443,0.2636001286395516,2.4441769334006596,0.06393261083482527,0.07358311360468361,1.2912761153364631
2454,0.6264747882707504,0.5950710437105593,0.007905338860524913,1.5891979228684507,0.46487193668846216,2.7520124385049667,0.07331807664972695,0.0973389360366072,1.4805860546533567
2455,0.9409505742410738,0.6152923922607363,0.5726549836730646,1.4020074970440568,0.6276212769379379,2.635950989878051,0.09948145196835688,0.0986025022078795,1.137264512344853
2456,0.6051850758707715,0.28973912840008265,0.23862726207626994,1.270759435785783,0.6394867318098176,1.3196539951794444,0.29866262679676836,0.04609374454673073,0.518274511450438
2457,0.6609169349424292,0.6507104601324516,0.36461197636954173,1.0817734063586215,0.3101709776287503,2.770002759579965,0.20299145716255368,0.0880390922879553,1.3497804054114684
2458,0.2241195839153945,0.0458400586780115,0.11090456244145117,0.10352254381712889,0.8763581163268628,1.884838952918912,0.09939606284107315,0.13058072403600549,0.40486232738390654
2459,0.7629082164188334,0.33613295735542204,0.6062981962708354,0.6750609046401003,0.2856552070920576,1.6961510131248065,0.19734834555686437,0.1581286499760877,1.3441154779695441
2460,0.9953119820929635,0.954772359573596,0.4777685882901225,1.4114310796033875,0.4351336925008413,1.8354179055397122,0.1712484498965552,0.1390720000920737,1.9985284560992778
2461,0.28575556382106954,0.970239422109118,0.5948272411000792,0.7760158380686171,0.7488389795298087,3.0905665879015056,0.20634592853804365,0.09018947362152781,1.2390584154626503
2462,0.5116713708957739,0.08846029099042618,0.4582546751745087,0.4520008710718737,0.673413432620175,1.7258384142322118,0.25743501966664906,0.11335724473417158,1.8756205740356444
2463,0.16769868912823574,1.1607532806867338,0.6205966093892197,0.7462881206668295,0.4254252040886954,3.199993648736037,0.15977908220051248,0.12229267437226607,0.7055540233821165
2464,1.785652827896032,0.2981367889646037,0.28768076099718853,0.6200528125421483,0.2781272539545515,1.697725106138529,0.2834752931335635,0.14783342150063644,1.0963012899703724
2465,0.31075327665730884,0.13312647522805435,0.1472581251926311,1.6690852675801477,0.12653326053759872,1.5754068222710442,0.12854501022663456,0.11972325950590895,1.0423904682664706
2466,0.10133950569924707,0.09877925219825903,0.42869746064281666,1.9335866149824024,0.479841834173958,2.6169779908328823,0.15912472896050112,0.03444142053805422,1.466147733128409
2467,0.327427853658128,0.6044463632535139,0.14975417043443562,2.000836352856368,0.500422364706907,0.44144218831980364,0.18864345258366294,0.10202009990864488,2.4447862049535853
2468,0.8357936899947427,0.7978580149495058,0.7440114617645166,2.548587354062545,0.6152195053437284,2.814189496759284,0.20819977384213303,0.11349840091260263,0.8571235997018458
2469,0.7161652294171044,0.2931248206278888,0.6770821817306671,2.3050446322672085,0.9163886150822061,2.420116934479902,0.1274383286602005,0.04933971387745375,1.2452524251443915
2470,0.13549277296285914,0.455279929300802,0.572109880033171,0.757387542490465,0.8473662907953167,0.20810970611081925,0.07107688550227831,0.027995948260431988,1.617315049753715
2471,1.4584828169812316,0.5442415654330304,0.6819399691619465,0.15266219143033488,0.5475838561875266,1.3770175945251968,0.005659611380398791,0.12724821379908596,0.09244229980283036
2472,0.14136925091071978,0.2613774497078225,0.7028221499802709,1.3658798399715548,0.4543586751698269,1.0799238607802275,0.18724928823673817,0.06897466161385664,0.9872143374627239
2473,0.10345011499230145,0.2395788499268846,0.5697704198383471,1.5665379894294678,0.025889941391167126,2.985672427771401,0.2618049614771663,0.027722503888243516,1.4990246668943379
2474,0.09514011391454641,0.15506885890775457,0.521215739492082,0.2300865378533571,0.3795609655605581,3.060889636295398,0.11306739346160409,0.12171205446682713,1.575284624288493
2475,0.6330014839617041,0.1847968668070486,0.11133062297646948,0.6377531332475443,0.24721705475874506,1.948279411979777,0.0946949644339096,0.10576157110361413,0.6398953419839156
2476,0.9827212846387672,0.3099628930007966,0.30416107428154315,1.4673686517057118,0.48982684230322776,3.2473956541283036,0.24689340849553626,0.08095020421566076,0.5399159625225131
2477,0.8268499504747049,1.1451301107876652,0.3132865403937132,1.0169266991791275,0.4032504485661573,2.011348830445863,0.06579730538968791,0.10592791176327575,2.332997933468538
2478,0.20913383388702722,0.21738721894399335,0.15187204992152178,1.1391032961890863,0.6675552932909907,2.1776371095384173,0.08419493979748476,0.06144626580636105,0.4332986040750239
2479,1.540211196415453,0.5211408100354211,0.09540576589432462,1.3502850258835712,0.452599323477802,1.780610554485851,0.008774188729835056,0.11150912757518999,0.26338630823955267
2480,1.1198424805186908,0.18099003012230358,0.30411135608387085,0.9523655937361893,0.3898687707701437,1.3082366555687772,0.20050687459105604,0.02937809893084424,0.19518456886208013
2481,0.4532650886924714,0.162231121289786,0.15816873544483584,0.7295888348737969,0.5624851162190976,0.9218325484490194,0.15468820578488818,0.13502854497506508,1.4223430832120783
2482,0.42322511595304213,0.4125065769966263,0.8106541097535696,1.1293569269232844,0.5464828973399409,2.6680612999082403,0.11135540263421484,0.05596953454064,1.122973278029238
2483,0.3770885751117637,0.7320267691712621,0.4891078889839986,0.30427951671745923,0.5593103195788077,1.41096222064298,0.07096404025138797,0.007386009742048949,0.7674470143740876
2484,0.5525477364877875,0.6262860568450604,0.2569456977477546,0.6781206135245731,0.30542554868082855,1.8996868388771693,0.17749236379427727,0.10639763183698303,0.8563557762601339
2485,0.283575935286534,0.4633527388671407,0.3284159110974054,1.879907110972765,0.999508557819211,1.6004164580782112,0.13399745563789062,0.07615526947832282,0.2372114476756887
2486,0.2855935948213244,0.8610115371046894,0.6077889884104721,0.7473626076488871,0.33029145865201237,0.9016919465306564,0.15716701040727826,0.05253311924930919,1.9312736186682116
2487,0.3353065043253082,1.0599662889998969,0.11977657742778938,0.6994600646817479,0.97895849912864,3.0858871203325378,0.1751279273197736,0.0520318765623042,1.1690570672719443
2488,0.1797526348293397,1.0605907616224424,0.41470664134140983,0.28542863276555686,0.46646610774599506,2.0013667735129888,0.03811613346694308,0.0639162090887862,0.8002003984615604
2489,0.577410411465302,0.11413230089307158,0.590709568734046,1.4730278921992885,0.44055580581091214,1.7355201356815053,0.24250368803576577,0.04377978987968629,2.2214189711391494
2490,0.2889327972303347,0.10950020550911699,0.28786746126878276,1.4480454817908948,0.38526156717952176,2.039962739445651,0.011371431041851426,0.10004475426200138,1.8166887267185863
2491,0.2973957198177345,0.76831912787958,0.2147877972916456,0.5578533500743001,0.5206144691985561,2.649367932941934,0.07652411879366755,0.10718228609934208,0.3715730038727655
2492,0.6765930401625299,0.18134951810173122,0.4473609814130304,1.234097897254567,0.43777435737925363,2.1738051486181273,0.14984182773869853,0.08731255287227938,0.06973285205914403
2493,0.7433819667470942,0.5963110020185332,0.2284705009945407,0.64219672972163,0.506932668974116,3.256636181892401,0.179759352592851,0.05986873234416686,0.8976165661337682
2494,1.1277862997745787,0.5246407995305469,0.3315756743280881,0.08816824131331003,0.5834477283438999,1.3207368899580074,0.3115246312816508,0.055230408961224546,1.3265914370928902
2495,1.754433316069901,0.5195742182715103,1.0241070002384363,0.13809399484214635,0.9106322549273728,2.7925537467103005,0.16790655883997618,0.07375823252944598,1.1426495223653574
2496,0.7055422293761706,1.1321014442598638,0.1549400335958286,1.4445377731157034,0.5782346186368787,0.2555435263163095,0.08945162308977028,0.10948487139477162,0.6306023700284895
2497,0.9836310569993703,0.23089957818510573,0.17025165536538686,1.079099736974148,0.5015091788355802,0.6103470126391422,0.14352520860675455,0.1132125703683573,1.4276743093186295
2498,1.5675210389907583,0.21014193679408488,0.26576502429577736,0.21291598830039127,0.6799723358532237,0.6474921076171192,0.22950295812902416,0.09847389238792797,0.3020168767107393
2499,0.936329978830277,0.3616849819121318,0.5515187559870376,0.41546053556400386,0.6117265335033455,2.229451164781448,0.10462249106899071,0.06792828984222749,0.3692983044614799
2500,1.2476137574340727,0.08442386106295724,0.507468329606958,1.732680844088408,0.3643485307510492,2.811869948834816,0.1568829336072019,0.16099195359869414,1.0892927368730247
2501,0.04066350664770199,0.13758858810594024,0.10227571331269739,1.0076187284127647,0.4654149973296372,2.2193620575244424,0.07161638393515131,0.11458375961744047,1.099981828373808
2502,0.9258989746563493,0.5044101926642994,0.5616200551970356,0.8649523961544391,0.49915916879694205,3.279506316971724,0.05242911679029088,0.13978299398503585,2.2386222550922246
2503,0.8780325568246121,0.40464626418075006,0.21795192201853192,1.0888715479015645,0.981347014523595,3.2308260062746434,0.19142871372159748,0.12328099865673624,2.1395308965036284
2504,0.3769844745061736,0.6984696097133964,0.5496905593129221,1.18273349743195,0.5282576439208688,3.195954717273998,0.15481670848008938,0.09201588042516486,0.8622192013412103
2505,0.9079416710164676,0.7676283652743239,0.08112963552621111,1.9747113427326468,0.6939096098963509,1.4787675080287852,0.2310933690125728,0.07128686472789915,0.35766980493980616
2506,0.13449304081155797,0.48782971553747934,0.5515481364511022,2.3586657057662377,0.5456890871520695,3.063485494633837,0.18461931958967154,0.07859301291059821,2.80570457911062
2507,0.40074348219867434,0.9734047257799685,0.32211885946042745,0.6696270566442,0.5686470711370143,2.269841106126922,0.12963995562395172,0.10523656978512458,1.4673128553518497
2508,0.31395094741482654,0.15280499824087596,0.5076926339568475,1.782797942574078,0.5949123420502426,1.500217703161073,0.2088236339387624,0.07857413092442268,1.0223335431329772
2509,0.38564527596111176,1.108165710951789,0.6207070113306328,1.965986247770375,0.6961701785547147,1.9215557265538388,0.18421282877387635,0.07398451734175406,1.9448101042375947
2510,0.2675221616598487,0.009524850419649622,0.7656225754374288,0.09446127567574303,0.3177328882155614,1.6585303830654046,0.07042851272650079,0.15338621770523844,0.8318605663293315
2511,0.003050751071054514,0.43680365993577835,0.319190036724651,0.009123684489287132,0.27703627317689034,1.269930904943985,0.2317723273049092,0.11262483608912086,1.0757566973352444
2512,0.9622636721975479,0.466705631538213,0.574432951126134,0.8079642615324881,0.6544217968755087,0.39731633069669825,0.1201185687476566,0.09643313645568885,0.16184569531761217
2513,0.06442678360232554,0.733699532331811,0.042644724807167356,0.8463570368125162,0.5326523942311185,1.897278210888798,0.02527626135666193,0.10945246892846888,2.831643193209602
2514,1.472240130177435,0.6243079778733351,0.3627648865116367,1.457591765939542,0.34601508389008273,2.3333377302500597,0.18429682945775322,0.15910961893138825,0.773534466700009
2515,0.45273383712247306,0.49270754642054315,0.10938587929173249,1.1695991821083476,0.3442395432633705,0.8014157440582947,0.02693569217905098,0.08718669073516475,1.516767043659546
2516,0.6939420825904873,0.8250836765495909,0.76359885182099,0.630850949979801,0.6642527978790735,3.094363219665791,0.016229835408004337,0.09371455979297771,0.6785484033072754
2517,0.13635605247156915,0.785020033921297,0.09233141133170467,1.518671468215922,0.5327953984382023,3.003984086245034,0.05192578001683661,0.10010534402519924,0.1410773362226846
2518,0.38150180608941936,0.6332905632222863,0.4796544463367205,1.4057877199374706,0.3424172902116794,1.9671546556302533,0.1431296961589539,0.09768841282160798,0.2590350549468078
2519,0.30823933448588003,0.3439670102567211,0.0699273470926432,1.0793777881306905,0.7155643751329399,0.9057872061448835,0.10182193388438143,0.04703670096796448,1.189459758031802
2520,0.07333487183224477,0.8850601459834484,0.24439456677323107,0.9422643411766523,0.2592096310496723,0.8148381532562695,0.22465614842959458,0.08147891500101404,0.9033255142153712
2521,0.6539775566717676,0.3348806965604161,0.5144722357770423,1.0075646194959054,0.5598676612248742,2.694635974522283,0.05645673276246602,0.1420355643579119,1.1190225783979444
2522,1.0142684397581825,0.046741475650121156,0.45130962041213346,0.25314509890135584,0.3999332014727227,1.5070502309398774,0.06402528397834933,0.09605276376968239,0.6322692109810051
2523,0.4550706633674746,0.6009570988296007,0.8226637525672236,2.4807450246068594,0.6743617278822186,0.7643726998319345,0.17815404752352465,0.061845777214793424,1.8548964420388003
2524,0.11957015289064776,0.6353701406158159,0.800554649589255,0.5776893552217912,0.7981949857073214,2.852440973462845,0.20646945656950963,0.10201935815005922,0.3186144256270006
2525,0.10596194328081388,0.03368496495614315,0.09113065159091649,1.725872591010996,0.3833185814470794,1.8100046859032697,0.06011420754749135,0.09304816139893263,0.21470163582431867
2526,0.08858250276053203,0.5185970711061756,0.14515965018957,0.8650166266295166,0.5816173444239197,1.947660624225088,0.03909775147356061,0.07721149066975774,0.4621679172185474
2527,0.16678862254637322,0.31135763064400235,0.5280690621108648,0.40519134641047316,0.4778449901263603,2.080135282379081,0.14522843568661514,0.13406693917773438,0.6847046325045101
2528,0.7660836566506375,0.29757347905855513,0.017947998182410607,0.9070444984393866,1.0883596675903409,1.3590956030939776,0.16406135515879355,0.08999204290922656,0.02771460274342674
2529,1.7870716027315967,0.9141321636691462,0.16206467858918366,0.8527318347077093,0.8427194507492548,3.0868955438445207,0.05154451106871325,0.06424015609488326,1.377966600474818
2530,0.20295423402931578,0.5282559047850808,0.16089079173320664,0.7970252645399873,0.616221890705994,1.6546112169695375,0.06261780025495245,0.03989316741000454,0.3249745427419687
2531,1.0139759229463787,0.16773916932883004,0.47865560804597473,1.3880071158307445,0.6285533984229237,0.7918077582896605,0.16316565676842287,0.12292184874575986,1.219222174981882
2532,0.3189300261989455,0.1686934006753853,0.026237147760158896,0.7431887984046627,0.6075869519141447,0.8675574451401733,0.09518046959767894,0.121233934454448,0.14278503096871142
2533,0.04202678055300274,0.29719452273603403,0.31895086483949614,1.4477737379251225,0.5055935976493202,0.8302140669700808,0.15743804411178614,0.10546127224797133,1.7020466477744973
2534,0.4970325837062045,0.32236052862066084,0.27067546360383454,1.7932026573997297,0.6066514324238109,1.4504703473317178,0.2378129235536225,0.07326676968849087,1.217611651422803
2535,0.8903197588814704,0.026447795958353892,0.39522958707464995,0.7915014778072973,0.25504066860304425,1.8646829900772048,0.1751744939879761,0.17196001602604194,0.1964937355839006
2536,0.8274578019618817,1.045913254691298,0.8284164359968222,1.9381049976098201,0.46878524526614146,0.6310265918287041,0.08141917901703055,0.0835837475386715,0.26351738021946114
2537,0.26412435395916667,0.40961846769289134,0.08994520349949087,1.3205039378316143,0.4737626943217038,2.7969975841031287,0.10407645923327229,0.23140031883675993,2.1447941058065854
2538,0.3991157672226036,0.13317160923087032,0.619769012169875,0.811665817993649,0.5975275440442165,2.352586463682551,0.14916988988703864,0.11515291865090514,0.18374369337409824
2539,0.5274476211254873,0.9939369538033782,0.4412855339846995,2.425627234522793,0.7446323357269112,1.7451819954042427,0.07592208744173196,0.037291716285390235,0.6037951130592775
2540,0.940293378872318,0.5212069989930395,0.016739048076139795,0.32168542181146964,0.6661306330675452,0.6208801014117902,0.12093347662505541,0.0929425809094334,1.186706259389542
2541,0.16805122477662848,0.31945257018583456,0.285147719213083,1.7493934468464873,0.06488062612020246,1.9554444978542116,0.12519290371329078,0.10910688220022682,1.1396051383682162
2542,0.7933739842355025,1.0564244424233509,0.15948395409915367,0.047653619894853616,0.6200074692521071,2.176513859755716,0.05283420505912035,0.10882838590731725,0.7539610434034032
2543,1.2374971824660161,0.8797818779424635,0.2935953900424499,0.12490229761368377,0.29156540595966146,1.757025290163545,0.028498845713103974,0.11200333851273041,0.2900279103323211
2544,1.0774695612979603,1.384998198678316,0.46723815288717796,0.6390545041795059,0.8875799566407816,0.8785904124420202,0.23390963519349506,0.12606501436309883,0.21307097927013552
2545,1.0925197733857495,0.4596486615827142,0.11121847236702861,1.4103119182843904,0.5732867700513479,2.301157311647857,0.1356590540621815,0.09582263346713515,1.0611550418175515
2546,0.420443307095173,0.35219578594962087,0.2920344751914807,1.3994303495666363,0.23780352303245883,0.6561463940586953,0.12615021042041724,0.099685134769223,2.0782267385253803
2547,0.34474242920406234,0.39365476427456664,0.3279336191191377,0.8354177393492761,0.581726337647289,2.5582986691642113,0.1386879274578959,0.03290463405975104,0.01144355676823483
2548,1.41300486149442,0.7928498835336477,0.45505789898011545,1.7006930088849743,0.8076432025746847,1.9055493351964345,0.0007785735940307459,0.09281267439250966,0.5190527802092285
2549,0.02411113263592335,0.04877436635162863,0.3870503653820923,1.8419542150744312,0.4165995900867535,1.6694966330318037,0.05328732905002934,0.05057584429812183,0.5121664605088221
2550,1.4833299503103725,0.46285564513529776,0.045035928010406956,0.23730251962498372,0.752535163740143,1.0198967679471551,0.024395874606946782,0.11117531073410836,0.5816295992018133
2551,0.7638513554687099,0.7945688876234054,0.22210753856337856,1.0181168677013557,0.4450388973077208,1.7682849005296395,0.02252591167143947,0.11386525085323985,0.3531786595766805
2552,0.40032241107176786,0.4566297229352698,0.5965214951989979,2.52640945067662,0.8634442606150441,2.097667577528803,0.13052396492831653,0.14010127602821495,0.30774300631939766
2553,0.42999699193566143,0.7105096852232498,0.5453027051117508,1.0577716758506188,0.4104170231926678,1.8499087518769817,0.1464622608139212,0.11445536324080034,0.05359763128252626
2554,0.18832813673707796,0.7061870902661409,0.2940620615928842,1.4444117831261203,0.45362936677499555,0.2872739380750171,0.1633407176245838,0.022712218151556676,0.33030298818221404
2555,1.8008096541800978,0.08883745164188844,0.16853502924624245,2.5201572852717558,0.8212825025378425,1.2646099639163737,0.0409154913587865,0.08466620151376032,0.5650710676425816
2556,0.9987276200768314,0.4882595697975699,0.6918090731948742,1.3093323972184852,0.7130856110636328,0.588735309328619,0.07935006127610521,0.14154218875651942,0.5246613399720136
2557,1.411000060315471,1.1587626089014447,0.5215324891731401,0.890045752393909,0.4276499940002422,1.5406063214898886,0.0841776616191856,0.09717973743722329,0.594619844076778
2558,0.1245660933351535,0.5790781582653246,0.19389675997001557,0.3283923175839185,0.8402330986265212,0.4371383469130137,0.08729436396163383,0.13223070638720744,1.6044577776861164
2559,0.8113504203541488,0.5715343466548352,0.2926837719909867,0.6065652552953751,0.7499395727546512,2.3980522411182945,0.08300744563404866,0.08524615627464346,0.625629660935093
2560,0.46349428407052107,0.2883456997876487,0.04781219692626637,1.1984794137185595,0.7840067995080474,1.204332265420204,0.21352920821078186,0.1165275079233055,0.5940528001013521
2561,0.5821648000209763,0.0832578675428603,0.6299286266121291,0.5865861465702199,0.9447146765701883,0.8742363858945557,0.1394704233927494,0.09843663013359856,1.6295155770340748
2562,0.38895545860553304,0.24674116038022043,0.707054134750868,0.90330182333294,0.3823620939143589,2.3085069364397257,0.14580219109837889,0.01478530505660261,0.09086271304447047
2563,0.41493494735081915,0.13100350039534242,0.16203933715833255,1.0799508756962368,0.9127163792903006,2.8893672870770217,0.1616019589991003,0.08562482542936263,2.070915532184464
2564,1.5567383148000407,1.0479684710457937,0.03201951128856528,2.1507390617137143,0.5221537724087951,0.46230675728031256,0.1201847560048101,0.10570162133423372,0.1179885248344893
2565,0.3658545174340527,0.7833096377878199,0.07569899394420276,1.0261589189212348,0.5788945268935469,1.3986438420288616,0.19047623737492772,0.08772537930204172,2.7329844740724
2566,1.5280448349351283,0.3488905479883829,0.054939795390547885,0.9101103500745522,0.8555434801207491,2.5261954729765366,0.07747430848560452,0.06542453481148837,0.2709169451953821
2567,0.5942138887035799,0.4577822022885925,0.6795497960897088,0.8506137689984447,0.7195057344659382,2.225678700233233,0.03870696904108997,0.10044194061862591,2.1894376470936416
2568,1.0047786000787977,0.32114748608947874,0.5797152265635577,0.8474653212751251,0.6228906576420519,2.5575590318070756,0.2954832418410895,0.08794849929401388,0.7291675306204873
2569,0.9869341507800669,0.3930630173234222,1.216416252667929,0.19942297913158324,0.30293803284091747,0.13177134890769637,0.23365149144214853,0.07079422112823483,0.6655507902570399
2570,0.9002743054907267,0.05729788719119483,0.20627585232770065,1.6111874512870072,0.7385385971978875,2.156661247261348,0.18330127475408747,0.07217243584772326,1.3808010590719682
2571,0.0023855181074176057,0.9614694879059964,0.30425538319324835,1.1376504616826895,0.37187605988680283,0.41153543800067993,0.15901638217988456,0.11965451203821904,0.3998881811037376
2572,0.07966326348399985,0.03718415715254264,0.4460812976794013,1.3043644353141168,0.4180054506320328,1.4945585101156418,0.1912226347146762,0.11070214127620064,0.9452804501639075
2573,0.16054041233682026,0.2960648987068522,0.3824236207265881,0.39129922163442954,0.5538319108480324,0.3176178920858288,0.23466456224502263,0.15494121858515691,1.331589481917539
2574,0.8779558395315221,0.6131884229020675,0.8662180457698425,3.309848218438707,0.8403116067394045,1.7976367291934805,0.20342001733343096,0.06092494541960195,0.5161688015074868
2575,1.2135896345497321,0.4021969616275803,0.35926759540572817,1.4385104497738412,0.6185250068519432,2.1423375004419034,0.22475936281442294,0.1084750868270762,0.023647715018421556
2576,0.32173227533808174,0.6472977134307051,0.8483287479655381,1.6806184719374133,0.524668448077199,1.8722194457685037,0.2724239637744876,0.10787240471347591,1.355499028971845
2577,0.7990146987115561,0.12208808885030967,0.18087549676317927,0.048954297046505224,0.4576992073185391,2.154031533013997,0.1765635962443326,0.0862099073979631,0.7851077828077976
2578,0.7356669867466001,0.5416786410558779,0.4837535861837615,1.5572469433607519,0.4883751063088252,0.29892489349950013,0.20878680074900158,0.0558031548866773,0.779946152280941
2579,0.8986415287867029,0.35372995611027924,0.36873716976192344,0.5399332998327959,0.11625014233175857,1.2391626420304047,0.09548946258382948,0.0587034851499849,0.7091902334763849
2580,0.5394523420833264,0.3913210238768454,0.18450182692108816,1.8081842150269227,0.41049581680400204,1.5457304843114077,0.10842657053038252,0.09411944077580135,0.49937070789345783
2581,0.33681949372141984,1.230947167112451,0.42283075888390026,2.356649018438838,0.37145432166315057,1.612030520593665,0.18418069042914953,0.09593502061490007,1.382439617743572
2582,0.8936327263573007,0.8430110577233365,0.4718186992801271,2.7949868428444615,0.6334182117378907,0.8599985116347763,0.2161489068699809,0.0964743089349387,1.726940499345258
2583,1.2519758449226417,0.8739836972390718,0.5078533983445306,0.3088667910201832,0.430350316733964,0.6737050426821629,0.06296188702600891,0.13573326993716134,2.0062435255801874
2584,0.8417069095881362,1.1193870246494735,0.5027404601321832,1.7559196356504216,0.5649562050861076,1.4251441592087353,0.10730062838889687,0.1114636212012123,1.0914431676782579
2585,1.6098902643541888,0.09659565761206923,0.5210474123187397,1.7487682352484286,0.5988044905953094,2.336478965375525,0.08164617312373064,0.10846522271065309,0.9747284309594924
2586,0.13553341683064263,0.7861130429342109,0.2265674560142662,0.7994407946688029,1.1102943884367529,1.458150803331663,0.1681867040401092,0.04053524052690009,2.1405383668184266
2587,1.6868421893861238,0.3622756353867993,0.3266767479906511,1.7920274244767012,0.8104458374823538,0.7905714812383112,0.03370562971369036,0.13264236514438468,1.210870072044291
2588,0.27489809965971596,0.1254406705787283,0.5388172330575706,1.2797638837912737,0.2103674109496393,2.084167534338428,0.09988590549925604,0.08319158798970949,0.46347792117401326
2589,0.4693865812886012,0.26298740750359073,0.003943908457888057,2.1395459340539826,0.6868313996444505,1.8285800739963232,0.09806708464439555,0.07673420766001812,0.2656036031953647
2590,1.1777341507516743,1.06156589804607,0.29981744606465005,1.5954334347593901,0.18242484757199035,1.7211868492734586,0.049209380578996466,0.09019299421817248,1.6318089168171095
2591,0.2357369954298236,0.9611730390724595,0.5926715076330646,1.8146015418218249,0.23886938310235617,3.571875567759758,0.14377041777515626,0.13589480294470296,0.07077729158327573
2592,0.8145395112598661,0.3702760745305791,0.035959034684935165,0.6281721634342741,0.5397424380936092,0.40660331614002,0.21347245852020044,0.07417200208588057,1.2199803540908394
2593,1.795164334302388,0.5002849210231776,0.12171516059043977,0.8226388947520853,0.5406901749186855,0.9821954957924853,0.0963066203271119,0.11405871696932929,0.9282261643987262
2594,0.7615810348528209,0.5320039198453592,0.22287665468577492,0.2645302992254843,0.6636541399587128,1.6488307217410756,0.15758481150126924,0.11360544261674888,0.2624549518942684
2595,1.4828574112263182,0.22613901579495302,0.7872299073738211,1.934273112340097,0.5673381529972753,1.4857007416125945,0.2674617632092503,0.10463916884520386,1.0456909538291534
2596,0.8769709310891802,1.133995957972495,0.3599799438662748,2.2186635664342838,0.5743546311961587,1.0290583277384315,0.12806577924125825,0.0638655195441171,0.24968775080693772
2597,1.441909802055601,0.22414062427036252,0.5544430013029074,0.39900992956412906,0.35117608055852956,3.425158936276172,0.1849020025858529,0.13899927263409456,1.210845873683041
2598,0.798368904535186,0.14606247796788527,0.27003460399801765,1.2337830951386664,0.44175751632083143,1.1844868443789212,0.12032992279542501,0.05617073759473832,0.8352581857411875
2599,0.38264062863711107,0.2985305561376867,0.12020573431406276,0.3617281558270935,0.750177458662674,1.2332245049299668,0.15924500244493173,0.058839369933089164,1.7128448980947952
2600,0.7816422612848819,0.795462287636772,0.6483432574551065,1.1606714583865394,0.5258540586725848,1.2533294928373153,0.24833403415527888,0.027911539044236253,1.3921107958930845
2601,0.013389311626423539,0.36209872115145203,0.6631127942330187,1.9811056803523441,0.611355186792628,0.2774493613098139,0.09479035384092008,0.07465926818679262,0.4909606681562541
2602,1.4217319001239874,0.6915987967174811,0.10067750748528184,1.2401800741475115,0.8905645482245848,1.9748005067134007,0.2263622871226915,0.16353638961047764,1.3721843333338481
2603,1.0866797146899385,0.2241389495521452,0.6534496209847275,0.09452947640855369,0.7606630792381488,2.529997085848385,0.24543241676875538,0.08845217032161189,1.967589183322806
2604,0.24839870155306168,0.5558127538745431,0.8312431957535094,2.0394642188772076,0.2649470200933779,1.7449202596444335,0.18633377114736616,0.07377856019249832,1.361475434270453
2605,0.5848877878866019,1.0110925088034912,0.13030602690687831,1.0441820656521348,0.8532058826167381,1.17397831464553,0.19506904309081646,0.09207156150298597,0.21219467907668466
2606,0.47979672175570476,0.011578498003852078,0.2569260904010854,0.8950092883930589,0.06113702281145983,2.4320560724021885,0.20400122555377323,0.09235583362319674,1.3754036335297326
2607,0.036886171634776754,0.5666382975917241,0.5729429990007637,1.0478559524626447,0.8550786025726178,1.53842070721837,0.061269090245624686,0.11604308354804846,0.7263869391120799
2608,0.5090115239564835,1.437247350967937,0.5389961730152842,0.5439035809322943,0.6646285970455079,2.6620192734072705,0.1396973985130392,0.11174763182160391,0.6500098950398154
2609,0.3932135581195323,1.1490657005838243,0.6754000412127792,0.8117461851339411,0.4192218139067476,2.7014510003787726,0.17152221551061836,0.14345890915294396,1.126875472022756
2610,0.2425747417662768,0.5290048177041731,0.23598544572245206,1.779155160240581,0.44047164455043997,0.5414642735181241,0.16115561652665486,0.059951076288477616,0.7576924889918282
2611,0.645142845735772,0.18908138487137766,0.4716138106387685,0.5955217802434701,0.6251303214417046,2.5601605757087884,0.14064831410226528,0.07248052552825002,1.67651159725594
2612,0.6159576948703837,0.12216274928965709,1.212767975393115,0.5265080060441151,0.9168076339738067,1.2510353061535047,0.2912578158494085,0.07863514695666403,0.8555382863768711
2613,0.23850019582613835,1.2815407834685422,0.39350306475455826,1.1748152963829954,0.5922853073721049,1.3863371925552017,0.10617291749065028,0.05203010330792957,1.8824911945482155
2614,1.3045278297064042,1.4877525814557582,0.5198077766900795,1.1061987150726476,0.741182186363658,1.2015187895197021,0.14253577942933304,0.14064365714737553,0.5244301494188615
2615,0.0007118239393890113,1.1188109989549297,0.41040594096339134,1.4019034915719923,0.48549061598512216,0.42860734506972853,0.1775750686563031,0.12303720577658751,2.1230716859589736
2616,0.7343822555024293,0.17809974468871173,0.40272184558321555,0.2681263794531922,0.5197179603096448,0.7869216822611245,0.11800451945863548,0.07464279135209234,0.5027942652035309
2617,0.04852710336374036,1.0456065732276847,0.33580178132043786,0.42438929321359065,0.05670780407789461,1.9307820250749208,0.05055436562946351,0.11868612027623837,0.7874801364803496
2618,0.4639663299366135,0.7099769394491919,1.0667362077734448,0.68571545391311,0.22791717309554338,1.5285091767217862,0.04807235539067289,0.08203472705839794,0.1550010198163796
2619,0.794133141696197,0.12599219718848556,1.2236653032710634,1.3405433069951156,0.6907588404633045,2.146554953103184,0.13891689240733116,0.07673088982266917,0.3231044955947323
2620,0.2982324885704699,0.08668767425020951,0.28645524890936597,1.7754939619004388,0.6040539784906713,2.9720373581388904,0.1592128120542169,0.0675116654110158,1.4600384414429761
2621,0.9763846109097571,0.07006365532342407,0.20990185132341727,1.6091961978533742,0.305896947718278,1.0711172928262402,0.02330930284665725,0.11580003568148968,0.03493444856139993
2622,0.48177974170936255,0.33255743849319164,0.6021312376852728,0.7365334670989222,0.5462044022024205,2.1291276951337332,0.09655800809468526,0.1069911064632275,1.079231323144601
2623,1.661775855862105,1.058887324758246,0.6748315005666516,0.5513517027767846,0.5290379477158447,0.6990714792132029,0.06231839170147133,0.12515531016015177,0.45334382419419816
2624,0.31699807996135465,1.2953992706634283,0.4733916212033337,1.824953703768183,0.6546673313972048,1.351229522524094,0.2653585618393225,0.09814318600957499,1.6122163418719024
2625,0.4210868470577114,1.8927605478715548,0.3051309303765099,0.4054615617799111,1.049516877669173,1.1695752742545138,0.25971017228963533,0.05592294200274298,1.4560402437588422
2626,0.02767341485400271,0.02013927627602241,0.6200227092521173,0.4632342958161735,0.4257455803278354,1.632628934890867,0.17267040532068578,0.14801280008288378,0.7427935583314244
2627,0.25073428233006445,1.0216801962384037,0.3094228087851471,0.9766370315132707,1.0219744170719753,2.2222991052130587,0.21456428629907695,0.11687992691958507,1.4284692808950437
2628,0.6225901278723587,0.5466171475535746,0.31571075434851165,0.6494694537903702,0.5767600967802476,1.5526141325265237,0.1701147526795859,0.11749170838950343,1.2273585842704062
2629,0.8637076142114146,0.3855961070627713,0.2870386129485647,0.6942179765256478,0.11139567733520284,2.230311128227797,0.07168359770601222,0.08499008423710348,1.4841793508103591
2630,0.39711116846063693,1.036262690397832,0.09374434950288119,0.8828351090439546,0.5238215126325423,1.3349837431604914,0.05197268663315344,0.05382271987253305,0.8898389575650196
2631,0.7444920241297919,0.17596162925793238,0.4384100450827776,0.7822041769042,0.36364365296887136,1.6286268730898634,0.181824770967481,0.049165739049281704,0.5299438858274794
2632,1.1523987102062634,1.180548418571422,0.5682624111317647,1.0060767598894582,0.5712213852629245,2.776910382477757,0.06628229007652257,0.01547902869091719,0.6970610404177442
2633,0.5582429800792674,0.652080616153334,0.2134869197976153,1.5677942819940376,0.3134549605072729,2.616085926371425,0.06823503955388152,0.05914666530390211,1.9287605750762367
2634,1.2791026850991623,0.26236996904128285,0.6566948157182577,0.238648458915645,0.6338534482377244,0.1943757961742263,0.21938678125935102,0.06849035945830464,1.5088492634991524
2635,0.38013021545123454,0.08987671268980679,0.5926162128574367,2.2948620659965093,0.5863311291612341,1.417190244046385,0.1297095344913498,0.10556709762177305,0.7869775737769495
2636,1.7108476895612454,0.2671038020663555,0.6409787093649073,0.3950420735551903,0.5610197137498744,2.0105980694884984,0.11605082922085419,0.10943730811880281,1.307392210395275
2637,1.0821822823750855,0.2475268504672432,0.6061812076048028,1.1692333679966045,0.6655030821895397,0.1935670326140162,0.10763517152992881,0.14466910570426708,0.28495264755349303
2638,0.2306430698742572,0.48979413555737383,0.40707426486026893,0.640772476747905,0.6589790560048158,2.0108246037003323,0.15915179405022892,0.05556997556038712,0.6120854218702214
2639,0.47936848056989867,0.08632347030926929,0.2077862392708461,0.3562520398169262,0.412508599586389,0.9901008194445787,0.17566437731822843,0.0758898354708982,0.7125691447304103
2640,1.1815732356684,0.8773227030411463,0.46248738515686105,0.023781003395453082,0.48053442199010266,0.7959075960091505,0.2033388207481306,0.10553280509664781,1.7230056816358623
2641,0.5586362114065686,0.39890613711816375,0.40642629893346427,1.065057295304788,0.641378121701216,2.686689933127787,0.09514737803216355,0.10216311998772126,0.9415050291396132
2642,0.465113957194603,0.001156057990913395,0.6790520016360763,1.1083773957581815,0.21863903472046786,2.2715397918600164,0.1317729772983822,0.10385743192559498,0.8728203915469189
2643,0.2885783281343299,0.2938526223549751,0.42220347172733486,0.8714704573728498,0.9306082400009418,1.0415998217791949,0.08672662616735677,0.08003543129491153,0.6314439469203367
2644,0.561925759885109,0.6530707235017397,0.1986968370223664,0.9628046213002834,0.23501776273882719,2.118151015493155,0.04162483615779344,0.12182458563466364,1.2172784667186811
2645,1.1120650845909772,0.8455681588955353,0.05782834719195501,1.562534370549593,0.6527867402882195,3.6203324647475013,0.1344694800888912,0.05491151225022007,0.47030491421864906
2646,1.3566214968217334,0.9859093171571498,0.538860642529208,0.7969560056904321,0.45766399273402963,2.2216600192055322,0.1753397998466618,0.08763781280363198,0.8298175050582588
2647,0.7222595697321905,0.8190600810329316,0.128638019962974,1.1186183232190094,0.1986016645773388,1.7519587017318456,0.1719770777749578,0.12366216809178013,0.6789670101063626
2648,1.0092922909124444,0.03047693334214152,0.7580233846064324,1.2826002850643365,0.5133354138303188,1.4018624824114612,0.14959195468206338,0.08329989070234187,1.6615225520414014
2649,0.8401143943633005,0.5419803277139393,0.17459807039800287,1.1382379744480928,0.3383192306662719,2.190992792634522,0.12161973107887296,0.06582038389254295,2.3409178374259674
2650,1.2499125595653866,0.1810532713691949,0.36817442492369057,2.4101603054308205,0.49869082424903544,0.6017394863788548,0.039743801003988194,0.08963311762353834,0.6581210757843888
2651,0.4539582451665912,0.22476909671297582,0.469330927101559,1.0998705514879514,0.5034438038800305,2.506120661405617,0.21441925662278125,0.07551842695320196,1.6137365349205255
2652,1.4412299241279545,0.49185472490970394,0.10771017456155751,0.4098009726947106,0.6952892180576805,0.30912803760509244,0.1486417203360972,0.04014668936312816,0.5844932920324069
2653,1.0591083934377992,0.045922035403184625,0.44763232353657856,0.26232844267197863,0.7440338402246868,0.26719573642372896,0.15175224952701463,0.0891888823846896,0.21254486526124006
2654,0.76703541678804,0.8820825022769576,1.0265853698314409,1.632000670144695,0.5213470100222594,2.0953229300230887,0.03027751303088111,0.09764073538244826,0.24063872143605625
2655,0.684058853973492,1.3082661051502706,0.0018411313900963955,0.89395516040878,0.5993662665778827,1.3685509851782502,0.1202458884095101,0.1131524265912823,0.47951367260747435
2656,0.7032674264064818,0.8549520983542618,0.5730454525220567,0.8956175719018484,0.7049837292056413,2.2248892737028485,0.09926745367400477,0.10461292119150306,1.2815216571312633
2657,0.4318246316903933,0.7497906891393247,0.8535364807906168,1.4787750052077615,0.5291419177937591,1.3003348973498472,0.10757703697294506,0.10583384158181851,0.3149615982924031
2658,1.2251078854384683,0.6469621016598148,0.19887179531625798,0.9439236593434939,0.7838980205650327,0.20118570445892692,0.18000077888013294,0.11746934498359539,1.681487287164182
2659,0.47703558179091643,0.2006417103618851,0.3895510419767106,2.387696692367079,0.6881979681254171,0.8710437654470965,0.21137928072624318,0.12472873498675759,0.5281184225759841
2660,0.0356323415056517,0.3411267251728243,0.6292578635061157,1.0374566674748673,0.5772228369471181,0.45204854634336833,0.12947241609663526,0.09304854833167658,1.215723915036779
2661,0.18585162827673296,0.1789494665988227,0.01563330690442233,1.7773472355012276,0.5272511548492981,3.4052398945588,0.15893166086380542,0.0891055188997497,0.08302822066703808
2662,1.402625453993541,0.2321898978950267,0.04217860687689523,0.8943832680462304,0.6689691450954236,1.5266497169084574,0.01531895329436804,0.13888213980728648,0.8405570741439637
2663,0.4463761972143803,0.00581128792561858,0.023712154382376394,3.0972421399476637,0.41968355189573103,2.5918821255567837,0.11249630135267588,0.0683781423396927,0.7521944284163756
2664,0.401313732251505,0.5104589065697023,0.4825687524104757,1.0504522701009344,0.6623073927855174,3.3298548180631853,0.09992234499494558,0.08565287585889456,1.8162121482006852
2665,1.0782096509267851,0.2487416090045666,0.08208787594535141,1.894646026398735,0.1833568874797884,0.8042374367988846,0.21022265360300474,0.07028401144864907,2.3676140513367328
2666,0.4257651265376378,0.2708015819963637,0.6137623573894557,0.718176442440653,0.22208905227998504,1.3261145771484717,0.1279562339155546,0.10187531464937681,0.6131638135588343
2667,0.06902703791874046,0.015942664334532786,0.367998583116155,0.06152024972172099,0.22982350056774087,1.6262737533601492,0.11221112409357424,0.022907808245665115,2.5518421513367167
2668,0.6252364982135801,0.5707756952555401,0.09852521905884462,0.2984892082826801,0.5114147375230298,1.3572277758848859,0.1658353789235584,0.12315290249373745,0.5499659815154976
2669,0.43449597093839065,1.0500551468914145,0.20589515771776223,1.6466535452982507,0.16748415954884882,3.0722035278827518,0.14966595735945556,0.01977996140186719,0.06226777717833576
2670,1.8789811077259624,1.059084807989025,0.1709872847325283,1.228548408769662,0.214942255518493,2.443580022493756,0.1551697037697355,0.04683315142292271,0.9886199159324522
2671,0.37824232215377795,0.8601359241946951,0.5578607620595034,0.6834636531590272,0.5730119753216214,0.8682456030763335,0.028880825420193948,0.08387160846996497,1.7371625464349592
2672,0.5232356842994605,0.08088189288536152,0.03928192857641122,0.472214383205414,0.6113498741997596,1.532984269254733,0.08688829836075365,0.055712980511367124,2.131691063573995
2673,1.0871033912363353,0.9814225540570101,0.8081828984857382,0.594411295507391,0.6350014059993285,2.731853540662213,0.15736274581164636,0.1373063538072392,1.40010322770925
2674,0.5748702694042594,0.14184705959321198,0.23928139704903012,0.7286800892207114,0.4846269332779701,3.501232823200519,0.03561262243160562,0.11799299721267417,0.20597134403114914
2675,1.6503951595897726,0.7571176131326405,1.0503875285779989,0.5035217842934295,0.5435307965826587,2.190967922651562,0.2706178123738417,0.19399868269537146,2.120282264753534
2676,2.599559189361755,0.37494609360056314,1.233196157842677,0.9379171612089645,0.4021259626305442,3.9110560343653438,0.11216226568016083,0.15481731355484496,0.7056575249724439
2677,0.5125154011439962,0.8295954298284101,0.33033760938476986,2.098268093338907,0.23361950688498656,1.7073062498171339,0.0027529370697124134,0.15369195169255395,1.6032466995390173
2678,1.2002691661426823,0.6878517879151415,0.5854432419434268,1.119222305295678,0.43182474535367626,3.6138186378351858,0.13097501937410924,0.11747725323752274,0.0035785637764630396
2679,0.3216533793335715,0.20813985578224656,0.25880836849221844,1.6676027327569867,0.336260410532378,0.4225130988818693,0.20638527743984098,0.02071940256360434,0.7725651868783834
2680,0.4168958902309607,0.2553421078422463,0.45532215318885416,0.9102407540592702,0.46188260338721376,2.9451945516894504,0.14790740732497162,0.0649309336254278,0.4649449727894362
2681,2.0900303661851347,0.3910189291712378,0.6163883567764,0.702751236114624,0.29842705720441504,0.8144543799367877,0.21132623650598925,0.15436852135606619,0.7608576939582146
2682,0.5023094147736035,0.8842024314034862,0.5352947108544867,1.2315908781195506,0.803920456811391,0.9214976112175348,0.17992429987242906,0.032652891455711625,1.609206025314481
2683,0.8598851754133359,0.035704414508490434,0.42206839747213354,0.8176360371864551,0.5608437926932051,3.1301778861697476,0.18011974273641096,0.08521406571172781,0.715126007400448
2684,0.5731814811478944,0.5666261089442535,0.5672760455013561,0.8528669320972212,0.6218541794190879,0.4789380932392864,0.12583479845187728,0.14118080238851394,1.0582789246530724
2685,0.6197681043503638,0.813558785563278,0.6892116190325012,1.0424552026161593,0.3132147633750618,2.511341384012356,0.025732960604879618,0.1299245444347658,1.1488883229946945
2686,0.330997614742165,0.6220500580816082,0.4930634902321827,0.6455338521100594,0.6835183074622785,0.5567892187083023,0.08624003355251081,0.13553869183577213,0.3981157817412545
2687,1.0880157969969788,1.0943526129766634,0.570795864002261,0.5179129153528899,0.4890591811528319,3.8943610145287977,0.3279388293735236,0.08973800465154137,1.1447807841737845
2688,0.0023178778325851357,0.6199861375363456,0.6654440254343652,1.406866885974495,0.33933635134358753,3.07234372059626,0.1981057304187508,0.08607693272108954,0.00928675680832014
2689,0.0030996282324420865,0.3796342645086264,0.7436121697703838,1.2768032363971333,0.27567058843002246,1.3221173106818105,0.29004059788410846,0.1347297432494625,0.6898851724595743
2690,0.732756397965068,0.6394601518081584,0.05646848135324639,0.4000826534609141,0.6888811853132808,2.3208018941727167,0.07082910120870795,0.11043752326815726,0.03431981136902029
2691,0.12287240843331479,0.7104761563020976,0.4421078772124276,0.35146858545265325,0.43947625739034274,2.394739448261847,0.20522592251073202,0.1275005265514289,0.9666847120890538
2692,0.48564057550236317,0.9590993947677535,0.4551304560672966,1.5156604879281232,0.2238808177042178,1.477298845145675,0.06505505701898122,0.11970318972955366,0.4320222002416459
2693,1.1142670412383888,0.1180922460441727,0.616373587457387,0.011335036960524403,0.26991188831405677,2.1324989351622863,0.26438434556689905,0.07666364593271932,1.8503018572670502
2694,0.6406618760691369,0.8274026593662137,0.37684379382455224,0.3836801447548912,0.6892054441693218,2.461112523364692,0.047348256211422586,0.1632691882192937,0.47337766180166313
2695,0.6853896999027124,0.13651130560036637,0.48241747243059496,0.8397656882593061,0.7154714439137031,0.609029659987611,0.11606775610844632,0.0974170714821666,1.4505107216719786
2696,0.9859356170810352,0.08684111567328273,0.7976942793049349,1.7409711090450288,0.3588145948147994,0.9456270465441539,0.1392113152430274,0.18184828406246523,0.3022975441780611
2697,0.8368840309236694,0.8013248834204048,0.4757891650153797,1.5765506795425783,0.10667012112821056,2.31438668200025,0.09524181761343625,0.08991077648469734,0.7361348622632391
2698,0.6448895017990492,0.49406227763434163,0.43647993054794626,0.7526044490644463,0.34486157107778037,1.541748044254884,0.09380275806896866,0.10774806475563763,0.1961599299115696
2699,0.9613596816443284,0.6335135139056576,0.8599405824298717,1.2305110821013954,0.5172122494497512,1.1617900304751232,0.15090237201313897,0.08594655831924758,0.6465576471515622
2700,0.14504759694559663,0.24079403010957665,0.170861755588428,0.8566286131922247,0.4020444324704827,1.5996390477991573,0.10844557680745918,0.04273672407265379,2.0743399723439957
2701,0.3191710730947439,0.41019754399042496,0.3770871200367859,0.35845918612066274,0.49238621865971494,2.4484996140031106,0.17588873820906442,0.11418956873633374,1.0583437237845752
2702,0.23263693828342735,1.0304137117105563,0.2702497503517886,0.6327019047135451,1.022561932357723,2.5038368399617266,0.1538392514540629,0.08399805991805614,1.1448838356048918
2703,0.07962896624867008,0.5974695476549844,0.447387861228885,1.7890262982003282,0.5644733586427589,1.7588663736458816,0.0837343251858856,0.12225175171617189,1.0197492150649181
2704,0.9247757679645909,0.4642533466779669,0.300240823560729,1.0036923574852608,0.6122623749303376,0.23952217939886156,0.09573752898488146,0.07602468527813311,0.8066113360781971
2705,0.11207910848198518,0.46493832184522166,0.49390846035802455,1.1432210561243,0.42513711542836685,2.0671057554763714,0.15841399560999872,0.057225405962411706,1.6092949223719981
2706,0.03032480989740033,0.16956756193142708,0.4042123322073873,1.0087597943819437,0.4398134168186427,2.107658183088089,0.026355648828374073,0.0775565699178186,1.300056001364506
2707,0.2438117428722938,0.8303454720390815,0.4547028138036387,1.5100536366805217,0.6333467883200401,1.1193829300812195,0.05238603767581366,0.035820480483777374,0.6963047035927394
2708,0.05398990396523015,0.2856634449213114,0.4737235397224072,1.0149593485306854,0.6468246453903647,1.711732456768598,0.05147727734780609,0.16981000047982064,0.27756124112562774
2709,0.5459091779950979,0.5593857915825553,0.42033692426658004,1.9837275265448038,0.7058269124619356,2.4693789133364987,0.11166473719891874,0.10541059405697756,0.936075440672607
2710,0.9392565178445469,0.41241032755234924,0.06257350724805605,0.3851445368505876,0.744047971222946,2.1216691315436726,0.10536344777594532,0.10899349540311395,1.6549951684826762
2711,0.6645569537047342,0.13718880292327623,0.6596528051199705,1.137455209076945,0.28155962751736263,1.750171320589657,0.27392722704723393,0.08746044356760331,2.038129943803929
2712,1.075609356517638,0.3240444445977851,0.37387146650419933,1.6405326789760655,0.5195566869824557,2.097704744844121,0.16584610882585704,0.06039903128181631,1.4374745418208184
2713,0.5175033561511867,0.13415695961299678,0.576270194955996,1.0409698745599412,0.5347931574563486,1.1872465446245957,0.3582574694926586,0.10915868880883406,0.5448384010828842
2714,0.1752459180167626,0.7912600979925031,0.7758748633103718,1.2091259756804966,0.2163799132753097,0.9638233210290988,0.12408804100055656,0.07809897290086078,1.535531485033045
2715,0.761373907516077,0.9756079326189677,0.502113412684144,0.06350840241668088,0.2375053331843841,0.723452885550445,0.17767845227547555,0.08958706400999852,1.058153334844013
2716,0.263113953886589,0.754884183412575,0.6619705907593784,0.2953242363220451,0.7196779611771869,2.5897887898926997,0.09555043693123941,0.10653145402567007,2.5187520211101493
2717,1.2692885294537748,0.7217345539638094,0.6312411396482425,0.5423071819304015,0.6501827943621512,1.4428320994542227,0.09483198703242093,0.13390787720819547,0.5268060222677876
2718,1.8054030902930414,0.9791064717144702,0.16196450971421517,0.33175557007593137,0.6931291555821947,2.9907547577528466,0.1434184451878002,0.10905537193075446,0.1618305950929253
2719,1.0760084164784425,0.14661503774770696,0.46102135694991675,2.449139377690748,0.9875352264557915,1.6330055156402425,0.007076069284782285,0.10661059632099751,0.3716174783310866
2720,0.4470951182033535,0.6079942065455757,0.2492136291850361,1.76108616199505,0.684877034631415,0.46318626345127933,0.02901531618610058,0.10611068829714085,0.37988572439793267
2721,0.23293585891893578,0.49884931366174845,0.4234915906851787,2.001533730283931,0.7102216910484327,2.545639442835199,0.17797690826439824,0.0964175044013254,1.49948574179751
2722,0.7467687485403205,0.25944126325934663,0.2451348394861359,1.8337638204863682,0.2947515991281978,2.9290162917906635,0.04275316536475322,0.08520653454501625,0.7052565903408191
2723,0.2214866043519743,0.4071549392185132,0.3977113546494646,0.5447228072550205,0.3454607488883512,2.1773982191228307,0.12951782816367607,0.14499801394150735,1.5646557998260806
2724,1.1691038737676687,0.5100866246668645,0.5723221893295409,0.36200541343159776,0.5676454038281351,1.8428092516098888,0.02929980808726715,0.12710280533574292,1.0617352304785048
2725,0.8540316191693809,1.4552922372035282,0.8571284546692148,0.8297312764729594,0.39325846618614746,0.7427609128368945,0.11069215689148201,0.0880978476176784,0.7886714182498586
2726,0.4903603471078223,1.4524178360193283,0.31983615768527063,0.8955140233618065,0.36927014861448715,2.119302980838881,0.05081703147705672,0.09926682562267397,0.9502963088017007
2727,0.12501357589086884,0.9437350567845968,0.5578663644089388,1.8511381272685274,0.6205766047692444,2.7511500658112586,0.1452752198411284,0.10021575423610607,1.5675074893165237
2728,0.9526460203538363,1.6250032422199105,0.9008806309465963,1.2287827672041833,0.7276385809375872,1.1502396145504692,0.09134693506315583,0.1337610391378558,0.010571504134329834
2729,0.33256353695569857,0.509321873213525,0.4995623675626366,1.4832421257960295,0.3879862882053139,1.7733913850204193,0.12434763052687688,0.02456308436195162,1.548739284373197
2730,0.5322163220898926,0.0906511601155977,0.23425956063155406,1.3466771195908687,0.5903412410052294,2.3378276313975475,0.08356547972568243,0.13693693120429515,1.3824121235426174
2731,0.6950514791464217,0.7888540794542453,0.4018334816017297,1.9635627410622503,0.5244860734335165,1.1433015502638808,0.18479573585851705,0.10565643246897014,1.2702404080781848
2732,0.7290649436889519,0.8803290166945246,0.029230097384247533,1.6436725263788445,0.6515467029493452,2.7673743604502246,0.18124607921711056,0.1108447534891051,0.2533944614461916
2733,0.5829336555056093,1.1308847428461088,0.6302439069008299,1.6486969468495052,0.4658734344798958,2.029784743349873,0.029082283886028,0.07764064510170882,0.9701890635624257
2734,0.13170140064279376,0.5921255837601084,0.5017185735036469,2.2421976724978396,0.3938693250291406,1.6748598868469613,0.11184793912923276,0.0778540992360656,0.3292992672304892
2735,0.08512600928413294,0.03387022692385522,0.16551422167224675,0.6959613853002307,0.6474266015260794,1.4327958215626264,0.04641702926352237,0.053533705356704805,1.6261729349382468
2736,1.25428385282161,0.44636798531282956,0.2967453417925179,1.0332085500687225,0.5696373802834317,1.331942936319342,0.18500425621632538,0.07922387397782708,0.2295652344385023
2737,0.480043281491886,0.8426084153420992,0.15613423548807817,1.8900449767110294,0.4826183673947206,0.7109872286422899,0.03884134891357453,0.09764841233523233,0.5525054576020935
2738,0.6186356479079511,0.26826593961543344,0.7693639906764644,1.1320179602601743,0.9446637194026246,2.9604105130018423,0.14036941122768803,0.04817765885871425,0.9673563186649795
2739,0.062082427003427004,0.03486610365127185,0.248965450548005,0.5105802050841076,0.5924996999233875,2.2145118011363754,0.12676280595683811,0.05351404164932312,2.15041639598942
2740,1.0774487824602281,0.6447629059792979,0.4800673818454565,0.28645701931057543,0.62801990146002,2.856788678052757,0.10004518883350741,0.07011709047719508,0.33784053489842913
2741,0.24171630186654236,1.378737335706907,0.5929674472366138,0.2635935392065101,0.7301856525229786,1.754024839422184,0.10168411051869357,0.12045389198186571,1.6517191537746219
2742,0.11347143790996775,0.8808955666230038,0.20948777758103723,1.4682009054400222,0.29133770565507705,1.9668292708919504,0.0347481381035995,0.121498840859129,0.3781237324822606
2743,0.9784534117496881,0.8980786385915083,0.44324652689197436,1.4830972202848793,0.3551458063294343,2.4155290618037375,0.07037319212325485,0.12797494142956242,0.8387395796274302
2744,0.6176788880482342,0.6490903019137664,0.5800638290861146,1.6874615991141395,0.6261823287495195,1.8584997464593345,0.1015317545505377,0.07395398205075014,1.3991690705351365
2745,0.47823229715148274,0.3129587516853608,0.25585905067951054,0.806620744314889,0.39992468351200294,1.2756635950711264,0.1771195058769856,0.07025541489675423,0.8110590995383246
2746,0.6595902367643682,0.5625894902364474,0.27151147431507383,1.6045126682380881,0.4146155191452857,2.349038248353039,0.14889208515098418,0.04426693522405361,1.8707170930854067
2747,1.0059753452943605,0.5401037389710094,0.24477642429760185,1.0998891152942016,0.327248582721508,0.7678408456518149,0.039859246747557975,0.04682575861187748,1.6098875562867128
2748,1.2432054681754787,0.495922791862909,0.21137861372902544,1.6870822113305355,0.5634879787863284,2.5530159554464165,0.06650061419419012,0.08489437017076926,1.822494680889454
2749,0.5768750986131141,0.024155538855581304,0.693063915248076,1.232186757794333,0.6644596879446263,0.22367504812318462,0.1471381462528865,0.10488288828564071,1.1216686420599915
2750,0.6100654856375479,0.6684838750294675,0.4748263012183207,2.048772474434045,0.5496389716296668,0.8816523100354962,0.30664230731738384,0.08111545042043383,1.5375716740039729
2751,0.9954606618156272,0.1433326929038441,0.03302029724752642,1.4613262114601753,0.5007564327221109,2.2229281467580764,0.19002313571341323,0.1257301332798751,1.4941526674515289
2752,0.03744723168206393,0.5526848714845076,0.37881750822290783,0.974812021884661,0.6319325430927484,2.141874626858702,0.25937923006112,0.07426401501025955,0.2396691916107847
2753,0.5319452467186563,0.6104763864716449,0.02196892577264309,0.14249039550464138,0.6005963998674045,2.633729715036298,0.18302324138240844,0.0776332952464087,0.47460368234305583
2754,0.11539436291614269,0.6220552110578932,0.8423063883591783,1.2394558797219586,0.458789917623633,2.4163570935321386,0.14057712759068208,0.10974001948297255,1.37387732095696
2755,0.2697864926277623,0.6909559142966757,0.5546950730648281,2.213995029072544,0.31833142768797495,1.237506129914701,0.23007194996859687,0.09081704887679846,1.7710224279063032
2756,0.6459035970517646,0.8666535062010596,0.4263481189676853,0.9430646264858603,0.6410574291050997,0.444688692699182,0.11854701561766842,0.07355477378261027,1.6535837698428324
2757,0.5408592689336268,0.15273450856964846,0.3792052853857719,1.3217464562618744,0.3406484791572212,3.7011059504582455,0.19618142083919915,0.08462051147501125,0.431002524552413
2758,0.904998970219006,0.014599324327071783,0.5606981340654038,0.2658082959504203,0.4154810856311751,2.0475863341730545,0.05943045866040338,0.14526832902326048,0.05098421233499861
2759,1.5781063630226135,0.5700105424128974,0.5934283375676696,1.299366627924048,0.57943923019601,2.287888269592087,0.07668094906381652,0.038300312878065096,0.41922677813086157
2760,0.4111945321991314,0.5481272515668728,0.5877624331884178,1.3662808394904897,0.46791113664546696,1.377307296376907,0.13227502587865653,0.07928537765005879,2.2894620008932467
2761,0.8386164858345895,0.08733213458982297,0.23766787032977107,1.2588087403469381,0.4656820527456893,2.6920639011363994,0.04151940401219842,0.10822169630171866,1.0367310872108857
2762,0.21407534390616983,0.08438495622153702,0.4217313414852447,0.9314472669012942,0.9535248635219045,1.3666905936117244,0.1673937175030195,0.1255393721374094,0.42771640368995467
2763,0.06226160551831583,0.2795370584866111,0.254924016764812,0.5414144573791606,0.29328692230977377,2.0754749420089857,0.18356540105635483,0.08292627916904162,1.4413101927426977
2764,0.572472687708379,0.791347536164501,0.33186218658403355,0.8317851903270959,0.6870002820446692,2.7874529765185767,0.1252943125052033,0.14665058232517142,2.131505773845949
2765,1.3267880736225803,0.4975594225837012,0.2843367054162209,0.0636737496393247,0.4054756572622313,0.78386778597202,0.014862871720730503,0.03305550420686202,1.5502880068166252
2766,0.593415619546463,0.1681659053249437,0.6531794242460502,0.5051792289414281,0.5401165193385813,2.5026464105031385,0.1066298087078592,0.07619325081457315,1.1898908601775249
2767,0.7315968206767658,0.19100550717927994,0.7715015104288682,2.0528318318266354,0.27141988426415864,2.2122922914246037,0.08799503117988702,0.1073148046663186,1.357385002411438
2768,1.258989006178153,1.013263590251752,0.6779270733427536,0.2474097110121698,0.2097693454151508,1.5472202905034238,0.09288432497911545,0.07031232342805487,1.1992839884565645
2769,0.9877602224030235,0.7148237308697989,0.469481174861328,2.0055759330644367,0.5046945023582728,0.6309195513756967,0.1187185471593867,0.05097490410505473,0.8112900034128295
2770,0.901321417393939,0.30189793958651034,0.40953782682402395,1.1034770365281996,0.2595256488692631,2.9845896120901374,0.03501334010836987,0.14060184110710056,0.11832459534255113
2771,0.6821368428084006,0.2655503352384554,0.6592947570371208,0.6037099616892749,0.3477577697084461,0.6806081040542309,0.05813903845438625,0.06255561268426521,0.451367629376498
2772,0.6070576454019141,0.3824074694986477,0.31484565868581094,1.0446271042915147,0.5220154165911294,0.9144057020175762,0.16794607968280342,0.14815210567758133,0.20019097126891383
2773,0.6058519154693436,1.0556327501840264,0.4591623119095959,2.05640981784605,0.25723709939162603,0.5038044573064542,0.08908444663977648,0.10392294336606778,1.0681085162704398
2774,1.255133199601822,0.016278518683862597,0.1574265443209219,0.5983609088140193,0.3575552313968614,1.0351823492625747,0.2300200183148272,0.1048515849070708,1.0930754007623082
2775,2.2575741384517216,0.6452847821116712,0.21083228382187713,1.8515026695265293,0.7119013166403712,2.72312108057928,0.17477654670425757,0.09977659305404488,1.0086072681000808
2776,0.5489578681356048,0.7396160373791358,0.20476787189931867,0.9324044036642861,0.5883071402285587,0.7096461683581209,0.13519356990895443,0.043725221357865676,1.1784948899362526
2777,1.377526746127249,1.6632025249627418,0.23177370039515155,1.4813808709209417,0.5129310675671335,2.2078028062457133,0.04684009325392537,0.028211745342722597,0.49356001070848793
2778,0.6221699271420087,0.34748750549295615,0.5127366576158544,1.0564172327412829,0.2814121669448636,1.236647636045198,0.13854798549812325,0.12136668028050501,0.7905998336652615
2779,0.25329935912520973,0.9988701227989336,0.18818930500618533,2.0185607503280356,0.7391465849571268,1.9126934334344723,0.0851010900260224,0.17837941974683574,2.419690883963668
2780,1.6813231494367773,1.0577127052642303,0.5301337488231103,0.6976926122523373,0.47187478305885344,0.3442068010656729,0.025933013938738286,0.06725493542160346,1.2187432247999772
2781,0.5251214390739587,0.2490766241002399,0.3347089135015431,0.8868998566155535,0.7637413151726573,3.1937146467590902,0.0434448284289866,0.11914741730419645,0.9329689169194922
2782,0.9098454542675758,1.1246784370195508,0.7432141577928885,1.1270126013786825,0.24948591971060197,0.2840287536545656,0.22109083330076745,0.08285234327497079,1.0761884779658981
2783,0.08025252526234411,0.15500524590790332,0.24572698496604628,0.7023368063691342,0.5413570266104294,1.4108382834373854,0.11027557788278985,0.07681508204960866,1.3485781985352188
2784,0.7099141580793487,0.6973514452288587,0.26286556520872817,1.4201798865649315,0.5129628320900953,3.397709664910286,0.20087412063349736,0.05073915319474326,1.4366671613495172
2785,0.3427269353841601,0.15408310282418597,0.23208785506096533,0.38350304723953643,0.5154900397782451,2.228450470457846,0.08541848762588762,0.10671864474444805,2.147912765741024
2786,0.9628615346569644,0.9241185597740198,0.1826162284441743,0.3264211872501943,0.518854466786351,0.6758006869885926,0.013291236187223124,0.07908830451983034,1.519484396763599
2787,0.2402371584926783,0.09373333946185403,0.10861929260945563,2.0004914078144154,0.7618573762537642,3.7498708023459058,0.13031169744958784,0.08550609774920025,0.8605517287473852
2788,0.3205852216913225,0.41081972416111545,0.5433712968450584,0.6441019204023164,0.2635911114327069,2.8932115987323215,0.06344790973474801,0.1578135347210186,0.182406365592778
2789,0.23150183419283438,0.16532721172959575,0.46318855513942714,1.4012624445546897,0.42272971102313756,0.9011635794859509,0.23451208813678964,0.1340659653991847,1.208432706519249
2790,1.2047640521673608,0.9284606357067273,0.05919204252921573,1.6378513066866276,0.87947561746779,1.8371783801549897,0.04421984511989582,0.10353239303467272,0.051235675357292565
2791,0.22133676163083324,1.138274918327427,0.3705182762515295,1.469822451149237,0.3563262897329804,2.0666444534777693,0.030809070613438114,0.11079627039070047,0.6827808976175509
2792,0.8657817596281194,0.2892864666377841,0.548642361835207,0.6187092466565873,0.016813912919422025,2.657406224990146,0.07793099773666622,0.11021605163878657,1.466395806737979
2793,0.9544428803738114,0.33171499296745294,0.10481062199868296,1.4272018368790715,0.8024267847413531,2.102827028511861,0.08221544362756329,0.06502201000979588,1.2848577500204954
2794,0.25947804443130135,0.5475863230102765,0.38466425441192154,2.344530169797432,0.49428930866347925,1.1452793648144648,0.18340003918900974,0.09728944591829546,2.048847502983781
2795,0.9360434034167944,1.1987118790744185,0.3994862186791356,1.929162040490951,0.5713122013612602,0.5768967934692848,0.1836644481278072,0.08016367388781159,0.0008179453115197965
2796,1.3507515785947835,0.25251236745479905,0.09715831028648708,1.9124536358208148,0.895451002525715,1.0824563167114567,0.10027014590484995,0.12064979797835204,1.9562402510416912
2797,0.04282664774787223,1.0563538412849727,0.09675590213805565,0.5708291061966646,0.4157724501419324,0.2598870938525619,0.04923888443064821,0.0255819300279755,0.2937664026876522
2798,0.21345915672134616,0.13618006117159748,0.9023084821382071,1.052246829771042,0.7043290874457573,1.5197922729291933,0.08716689096478575,0.051023536126817634,1.535866910122368
2799,0.7971764808392057,0.22017855438540748,0.4073914767693475,0.9746431839347833,0.47738478370366383,3.540933143724252,0.09210195144482786,0.04171888842071991,0.46328299575119786
2800,0.935650221067021,1.1608015758573884,0.24048118944499552,0.4701109062815536,0.5143513467249521,0.7469116234982084,0.24607062704460986,0.0943371193120608,0.9968113975679479
2801,1.4648535815156352,0.267280008980373,0.0678054357102188,0.7392812293663736,0.6647109180601514,2.3614725168780284,0.10202110430638962,0.06069304391104684,0.3975302440840716
2802,0.04748912887350368,0.624292192125345,0.416892281534148,1.297038155510119,0.5417738685104391,2.4018594934623585,0.20881798003209118,0.15118744620056568,1.1863907956710258
2803,0.45876358505927556,0.9090568137661184,0.30477750439103046,0.7570421112825836,0.6215828623228826,1.2873562721235805,0.18986363621513883,0.09834834974076526,0.019630518714510825
2804,0.3089047952561364,0.3241524477003891,0.5614997331150029,0.2904937091253794,0.5002883074367344,1.99501731910961,0.012616706916915424,0.06871698876007507,2.194980003348969
2805,0.03939662906312752,0.5948183863475832,0.47697323766112765,0.23193418417588174,0.46685049335063983,1.7152195056664026,0.06457842073349437,0.12268055431301278,0.9969486710804257
2806,0.0989280062125448,0.4706670228188995,0.6140460750570067,0.4927853968775994,0.46910251902401906,2.429320527858092,0.17300192725409957,0.07958065653180954,0.4985782890117863
2807,0.11874622212309557,0.8995693362595714,0.5689053878752895,0.7875210062055311,0.25772582298502983,1.3810464438241417,0.1390713256668023,0.08149555012139648,1.3376186143768796
2808,1.0272369775370105,1.1799548091522747,0.42786735174434115,1.3442271241319768,0.6540175120574806,1.6293287729721482,0.10672447279509426,0.06763773010435362,2.2362736958606573
2809,1.1188307240291517,0.34836114395561196,0.007405450356357646,0.2544120231425181,0.4092621440094008,1.9714738374526641,0.20660801689202843,0.04173222129190877,0.6382544409432389
2810,1.2275648387879847,0.4431910598854458,0.3075832450723058,2.180619837702666,0.8445532793576489,1.3030803843938208,0.2739850986218329,0.11107764608534135,0.74532765096538
2811,0.4686407442807526,0.4326773643250461,0.3566437241797765,1.4775585428343554,0.4153320625657585,0.7334012525362993,0.2231412093297442,0.08992874776157785,0.7536663313249923
2812,0.21519816384875334,0.1719888934179196,0.4157266569974529,0.7760151632346655,0.3769392736913104,2.8097988897431097,0.08045072885360557,0.06331318355343393,0.36557348915837956
2813,1.4554505448208064,0.8069443403808845,0.19514567548286588,0.2388052635373571,0.6419218568709182,0.9516167834187441,0.2611189366619851,0.12727672267385087,0.8046903439240616
2814,0.5827953653429526,0.161846656172894,0.39144238158152467,0.3493039447367573,0.5543765372063718,1.9237923567056794,0.10979323312327692,0.033485933732109334,0.5590562316679837
2815,0.670027589286962,0.5633599414690463,0.007208143238757958,0.8815384319205418,0.7536476176996378,2.5431976365602096,0.13175326150027616,0.06443063429291725,1.5857322364761568
2816,0.7348725192687513,0.36842404768146214,0.18636955392075857,0.6679016176813575,0.7080829289623292,4.072671043221113,0.19591049023760979,0.08427573185733138,0.3791783136005756
2817,0.19183853344390372,1.0976352892762293,0.33843276571356484,2.1602363304468106,0.73371591186391,1.347443141584815,0.10527815382918354,0.11166819245963815,0.5382800354177405
2818,0.7458852485000675,1.133214549628206,0.1812886985435439,1.4905864705619227,0.3694261271313274,0.6239615578419024,0.056320876332628805,0.1253246388223514,1.25558363932327
2819,0.5763553228942417,1.087344164221601,0.5286821277212553,0.5203135127445152,0.6077197915563204,2.160030021827752,0.08343231071584137,0.1385715175110718,1.9381941048391598
2820,0.7694193921117578,1.482022415152259,0.10505786867867559,1.6662167726755157,0.8674277755927755,1.8568560126270728,0.11086010108719906,0.12844504779236496,1.3791479931154367
2821,0.7570961741434821,0.8641585098283184,0.497444628167816,2.2150595205306858,0.17205529253817115,1.490691126181406,0.294273505228251,0.09597565483355648,1.3283705058444746
2822,0.9718873041459859,0.3125688123533546,0.4414878920252852,0.26338950738726163,0.7021822067294803,2.109776503813884,0.22090795122114332,0.12058294901151417,1.6738133271022635
2823,0.8243287202533036,0.1409896251708721,0.02171659171327245,1.6847922964094881,0.48909688146345826,0.7087723400555167,0.052821145212429144,0.08493427167164627,0.1030373186698349
2824,0.9118968564713794,0.9208597811829851,0.4223876615438242,0.9225808043527173,0.5597490507575962,1.8913215537461905,0.2373785503173187,0.08044483243226762,0.8236703653648333
2825,1.2084725625708608,0.9699699224783103,0.5814494823966734,0.5590420416104199,0.4359328761107914,1.9065015126078049,0.015127423707217771,0.1398112650402146,2.3598875429780524
2826,0.16117100413226598,0.6257176152016041,0.1487632292690732,1.555270760200107,0.11069784950288541,0.7435620357002323,0.0021542298628095535,0.08309393585522935,2.0282877147482274
2827,0.5297903165411784,1.0277051035432851,0.005398424464176987,2.011132965745086,0.7736601561593804,1.7388154916222829,0.11534909051774526,0.06609966026215527,0.12739890392225428
2828,1.2731735554835626,0.859323993543579,0.4626459445757547,0.9705970517287819,0.13269665699028638,1.7681345696710304,0.07178214061994963,0.11396264136127615,1.0518293204500218
2829,0.6066166286031311,0.49161226972994043,0.044684193090573254,2.3813920597786087,0.5222655799669881,0.08327435171451425,0.04666430435092951,0.12899806664388525,1.79210124518682
2830,0.07345670036886509,0.1329590584787109,0.11694020396453031,1.2662693988198035,0.541504476612027,0.7950837868204615,0.22676957240949328,0.0766748774768773,0.00982284667651323
2831,0.807115937802608,0.3671348584807801,0.20086381008381748,0.9477916793963869,0.1811774783925293,0.8371998930351834,0.02606438877942377,0.09268517678483264,0.4794895469796494
2832,0.4326747656463412,0.83938337232041,0.12603361656332523,0.8445218277964053,0.8318729372801668,1.1280374545316052,0.22320858112171904,0.1429261112708556,0.6253068196924547
2833,0.7981131992865267,0.06454148586578062,0.3200477292225086,0.2430451763571685,0.5929834788190272,2.346338034168736,0.050296585969819785,0.12393842821212367,2.0821765597603656
2834,1.065812225287483,0.28556678733150076,0.38610521103626205,1.87050359488705,0.4734062934179788,1.7928122007530205,0.07827321355612453,0.08143025009573603,1.4798107875006155
2835,0.0801012170008909,0.8920762112463307,0.34434070996735217,0.6138384478434996,0.6434677632027603,2.409456860930322,0.17058474330169188,0.13249408970030513,0.7089776633538851
2836,0.6770614357579046,0.7790617233606569,0.689543977516835,2.0468625306278807,0.4114151639113608,2.8791659436886237,0.02628056988405275,0.11211873458129548,0.7909817259308634
2837,0.07323189882008246,1.06878619961027,0.47017833952175947,1.3116029473159128,0.6491351932348594,2.271071154718805,0.0831705367465003,0.09274467917614428,2.392034400165001
2838,0.02133291085934297,0.9908772853434147,0.5702048657572352,0.5313056445624024,0.44696427946771045,2.6752725607424694,0.02754609086500273,0.06705641440040558,0.6021044210879958
2839,0.17810722536150847,0.4105330415172882,0.36838299065658586,0.6545536913406516,0.2778944305022503,1.8970998669781853,0.15591282616233393,0.10678063361064924,1.364600628022853
2840,0.05938430077655374,1.0306519635151932,0.38857398326985376,1.8919311469120002,0.7614889301867189,3.9223537993005184,0.1159236053473918,0.11586047256812998,0.4792485814639358
2841,0.693798909581019,0.8142464092230913,0.49448986285620944,0.6558489417285633,0.8532324563927405,1.2879206211567373,0.07883316484905863,0.08732516638307708,0.8974034916567025
2842,0.3988446076520667,0.1382891550094489,0.3332562466942003,1.0789709777723777,0.5313568739068574,1.7214470705524783,0.11873265113218019,0.12702917890326643,1.2561664579558696
2843,1.1425762440109748,0.32933962697651115,0.440274523474623,1.886661701545295,0.6166789486549592,1.5467219823736802,0.13455118902575533,0.13242091009231083,0.5123860245450834
2844,0.9993690147925065,0.212814820182763,0.19180217332564453,0.7392904588966608,0.4552754673638407,0.38901387354863437,0.10307304092052477,0.11503985844291872,0.273842345062123
2845,0.013348308928677277,0.7329255487870908,0.7800740498103824,1.2794765368183492,0.7581192834070332,0.5745725273001148,0.17971426379769104,0.12363994732085357,0.6459297197052125
2846,1.9750558808476384,0.37106076038790164,0.31423767693543186,1.2218973682154788,0.5252325162265471,2.188120423624852,0.01939356648527328,0.0454269690871149,0.2860044513494938
2847,0.0388797685078299,0.5654822930620127,0.016755560946704773,1.4601131644022465,0.4353662695787885,1.4790919480057765,0.03288883565497594,0.09934521975697708,1.7326761842316296
2848,1.757543587201711,0.7633747294088696,0.18332533243637397,0.9571313691803853,0.6373884551662511,2.1481101576221464,0.00929062226191961,0.07545493311190679,0.6350546119847698
2849,0.6583524137172418,0.06332515733599547,0.19560562218171007,0.5349750922448089,0.5809616290959322,0.9211951413786047,0.06564224199211872,0.07394304014898492,1.1864786790537643
2850,0.37108464530290186,0.45632209709470717,0.2499704260713576,0.8771471899468868,0.7449703641833021,0.5762446972447364,0.02029159050077338,0.04190345569338412,0.9589244568081619
2851,0.8835488747996623,0.4635609247060898,0.1245833710600204,0.6805918471208365,0.709306354081002,3.109370993400118,0.16655402825877658,0.08490363159268818,0.45852112821508806
2852,0.5863307781181542,0.31096263434258176,0.07201343425566697,0.5459129870533828,1.0343819625786994,1.272133131873923,0.1438233515761564,0.08884219101852654,0.869246302674649
2853,1.3929611676398845,0.3963904333424872,0.616435703256961,0.38987323870248713,0.7421851466069497,0.21928677109800643,0.04352144972061227,0.1363552441146289,1.711226488806303
2854,1.1368850863719824,0.21387588858413628,0.3329461080150111,0.19579551755989755,0.2598819664027101,0.8888793315407422,0.25399417188546186,0.07854370964784074,1.4501316256449046
2855,0.7416967325588756,0.31841168305355355,0.8089112255969091,0.33648020028569714,0.5575673880182671,1.7981020790991264,0.1660700223651762,0.07514935906276456,0.6751267096281345
2856,0.002559721644518731,0.6787922892428893,0.8880267173179776,1.3370868963105333,0.6091327663061925,1.7616059489771532,0.16191754372200132,0.12176710279788594,0.6191410687768799
2857,0.4940297356953163,0.17946556092297886,0.33510446051837384,0.21721307120383893,0.8106285311981642,1.2085288050264782,0.19894787020731367,0.041663815378012295,1.069254736921096
2858,0.6494770187987212,0.8733485880630323,0.6109053701277738,1.0416691704358276,0.12937831751995116,2.9091274668505402,0.21125268149210774,0.06041964395014298,0.5713598626614582
2859,0.5473641193666311,0.31193336306348857,0.30532514384821624,0.7917541282278573,0.7532036571050321,1.7884039201847706,0.055421050295919344,0.12867652190674006,1.270797660887184
2860,0.7463005181523787,0.18621142851551156,0.8309241899300073,0.9766646753070618,0.47063954981786377,1.724801363548124,0.16300303362494029,0.15875713034189462,0.9309627153020092
2861,0.4821025957054743,0.6322502275790438,0.8518338172362231,2.006865782231847,0.5703231361323982,1.0838512666194124,0.2625738326514062,0.11647934822909313,1.3170727182696798
2862,0.41245059673573703,0.5698541336787257,0.6164458964385495,1.221281826451146,0.4680225440630409,3.3034934835418253,0.19058767016464795,0.07986780524148797,0.7175371441036036
2863,0.12386853852822188,0.3030231661597364,0.20556193525151023,0.6832929693451039,0.44511857039832936,0.9749133161463641,0.10098686023497862,0.11098261767173073,0.6031608156085836
2864,0.23548353162412833,0.701285761583988,0.2999230753662175,1.4106022736467663,0.40713292796188694,0.512828332979816,0.1253331602531405,0.13179764008820083,1.0007329831434046
2865,0.5247991400264854,0.6354350058321242,0.716610135364579,1.4232387469252612,0.27679580247618507,2.300995078188847,0.05316290623498469,0.09345507966557781,0.5399453251825141
2866,0.10152279256296826,1.1121656990351856,0.20998834147800644,0.910295427863626,0.9791313167454606,0.43041176665778047,0.12412639485017918,0.09243116611481128,0.522754905777647
2867,0.23906698339079469,0.046535011747356636,0.08904261966254057,1.181912822795509,0.2557204308176724,2.2430458592721054,0.24079928063098355,0.07971474274894598,0.0028513342380293016
2868,0.4660670240888074,0.5926404776139922,0.9830750201412721,0.22521297344850555,0.29855681045415217,2.986781899925714,0.2337526987883909,0.03764183268975034,1.8529100496978235
2869,0.9259978880455026,0.29928197817657765,0.18451097306190736,0.20043012916392056,0.36956400712039494,2.710957684469736,0.03724861300345507,0.0907959312691897,0.051318418952251976
2870,1.5346283784218886,0.39665827827620315,0.3414579503621523,1.0617287992965414,0.8274759531754037,2.007035027110839,0.08227676555976626,0.10458882113407202,1.850840016278152
2871,0.6568242647896414,1.7559515717690592,0.2078949515243415,1.09108410016868,0.8584605354097399,2.816605114022587,0.1018441068991582,0.07941800294932927,0.4058808162648329
2872,0.3759730496273773,0.07309207119967986,0.3039122655495995,0.2461453422653458,0.5199883356461144,2.835935200030515,0.06430114707982278,0.11236944610514527,2.3684653390031962
2873,0.805369259579809,0.3885357226137133,0.28652829885842107,0.09705047525871302,0.5645514414857784,0.59265067355267,0.05655117816766561,0.03324630392577512,2.626805636837776
2874,0.990652492077932,0.09608388161058351,0.6163144199682828,1.4831799068208404,0.38159077260759616,0.7604493320942426,0.007393990042449505,0.13583015031832196,1.83086297325511
2875,0.5268659405516009,0.03697854722527577,0.2803856939747722,0.8814075481321673,0.4606122225101012,3.4135112366363316,0.1180153030117356,0.08731646979399742,0.9896922835921308
2876,0.4980882339358147,0.28303387809994723,0.44211194850124635,0.010499964506375359,0.3968573812781305,2.106027688523188,0.01427337028757883,0.17078613224006178,0.918899322146397
2877,0.6444960972963585,0.14706858660485397,0.2267156096622186,0.5823236982408869,0.35941749309600746,2.480047428421782,0.11890058794254417,0.06680577019200229,0.5508133278914948
2878,0.6273584490260675,0.8624967657419371,0.12600688335993232,0.585480781961202,0.3016758447300508,0.5611704931276138,0.14552505605325405,0.18825317042475753,0.33114939862763404
2879,0.5141896258464241,0.3101258085382084,0.5094381234150764,0.9027680043895702,0.49216811195583504,1.0473518563139421,0.17814769410338288,0.10803608503098466,0.7680202717461361
2880,1.565416353667029,0.9966586866006377,0.7452979659469184,0.292788208462199,0.4565222046678599,1.2413181053531894,0.06694885261093042,0.09114435026233862,1.153172244469622
2881,0.19666987133793845,0.02704790434940496,0.3748503672930513,1.3744341521032164,0.2151901850695006,1.1445488501875003,0.2910301555918616,0.026669061594504773,0.0893594176504563
2882,1.0850099263837294,0.8086895979899045,0.3159990292942079,1.3338437057847463,0.055256010778361064,1.9185476420219914,0.08182366476702825,0.06473699528331242,1.7535517495470743
2883,0.9847580202558064,0.7076670700525132,0.6240774911766751,0.33565902370625356,0.8231639031591392,2.0970753283174135,0.07880005141546874,0.12708720818977381,0.18541054740870455
2884,0.1598119436638808,1.1321918602176126,0.7961477950478902,0.6339510169585829,0.6945493774881414,2.516696129422938,0.09333774205574898,0.11726260842612797,0.7194971799900309
2885,0.6765139482509273,0.8298301537253401,0.19918032614205233,0.7827475664744225,0.20154448024389593,3.9258361730658917,0.24255813658309705,0.11325713605260829,0.25303085348386156
2886,0.5896185129786413,0.36003489538715605,0.712070999786905,1.404936776468941,0.24896777280051086,1.7533082890886884,0.12295846448550005,0.08382001209916475,1.8844338722745224
2887,0.2083383171684014,0.5589411466042686,0.025128110054486508,0.8350663258912714,0.5703348327691092,2.6309440080158994,0.07970212308589075,0.05586979430708333,2.779411606565473
2888,1.0336754945693298,0.21534920871510235,0.6972651336903108,1.3662093837649167,0.4370054341191917,2.502749758215235,0.07786322550593144,0.09569802111517423,0.8769515095874616
2889,0.8709614102790404,0.36704030253112624,0.056893105723966,1.0754814276208258,0.6998208887798766,2.2184927253075957,0.2625694220176984,0.12791319218618663,0.517131096840445
2890,0.382737314466426,0.6014860459983298,0.6830235813647854,1.1243704128049454,0.6939604013393555,0.935912906395512,0.12725609252926234,0.01940836470892282,1.145217191628322
2891,1.1761368190667096,0.7909546474839348,0.2277747429496077,0.9354660719967002,0.5305966099619347,2.2335081652365782,0.0949293144413548,0.1275395417066102,1.3488967893162758
2892,0.46386432008717104,0.5969216756399633,0.11158218573432868,1.1875885422186614,0.1401255055266052,2.543850030532815,0.18459638500862346,0.08575202522232608,1.2560372535354283
2893,0.04470423370005977,0.21928899777100128,0.2614761940477514,0.049211363749489756,0.2399256190933019,1.791336803342149,0.09555506861241041,0.07739804832338332,0.341923749967436
2894,0.5241852769554408,0.61147887669647,0.5084739125139315,1.7893589780897334,0.4166923053536637,3.12691546535465,0.1616849810337236,0.09398723803304274,1.1190786117623979
2895,1.2395438784349917,0.4203706198014912,0.7924699325580518,1.0804565151177379,0.510492221969339,2.086422610292047,0.005685950758739469,0.06793682246896969,0.4070015781173088
2896,0.950644161201311,0.32063810168758966,0.2969888277091115,0.8503504387998376,0.28124534736463247,1.9859557064927866,0.14945846567540427,0.15545680028061887,1.194066851341295
2897,0.46417335519410163,0.6588970080669447,0.5627781898665584,1.0347599793358317,0.8513453900492337,1.755744111713367,0.1603420094334532,0.1670604176595661,0.924889933783241
2898,1.9652341905333943,0.17831450855572648,0.12144185221500065,0.4298942663171219,0.249728137215943,0.8924312144664782,0.02471863261637834,0.1306773301289941,0.9906004346124868
2899,0.6947228891841685,0.35604108378145727,0.8988814703203943,1.8725048979916359,0.6759176549429238,1.739176577115573,0.21067174604786573,0.08783249879393025,0.3171106957742943
2900,0.10177898092575696,0.8016207350651687,0.6724304947874804,1.3240092907442143,0.5014436917242259,1.0014164551357196,0.24696088304821345,0.014915112889328813,1.0120458900289486
2901,0.787483283733367,0.4591511195516768,0.6239024390925827,1.69740598871218,0.8190242053906376,4.219556883900419,0.05381292120554619,0.11471750874811679,0.6488215754752329
2902,0.7280542866300551,0.24935295756078607,0.037665873332349165,1.1671344534046584,0.31326070827700636,0.0830905222424585,0.20428626234166603,0.06591154264670317,0.6455611760187007
2903,0.2592900040233761,0.8763591254704399,0.15540748513520983,1.9696806790410268,0.25628063599683865,1.535189139321945,0.16567662531399963,0.14795197736444868,0.9723351569701948
2904,1.0379056136319442,0.10707971310218428,0.568760729048502,0.25096398710891277,0.2522914413354771,1.8053302749666917,0.005657642112861433,0.09423976416080825,1.508686405164323
2905,0.040439137441243944,0.7246371859394061,0.6191439846757265,1.3904215489160325,0.6814148758119734,2.171143648047761,0.1266586305994269,0.12537384287536055,0.6123074775246469
2906,0.23545875895862714,0.05390072267911494,0.44184183127261756,0.4958744477150141,0.6244244461564007,2.5841773616623094,0.27124770306015417,0.06074373877199233,0.16111251122464432
2907,1.4133239098782728,0.49069208496268935,0.24456906882145674,2.2066218340862647,0.6692608726477499,0.7019368734379704,0.09772046452287898,0.09080903477882832,1.3271302377269176
2908,1.3645810912503895,0.733204246691451,0.27821010894401266,1.3396145534686374,0.7544749591319518,1.2102508264715282,0.04727294700603053,0.1768791082714341,1.2473726997026096
2909,0.3204082375514716,0.39489197026435996,0.8862929738976364,0.017792896372933242,0.6776928221585974,1.9692529943418053,0.16065370933253187,0.11419243654300651,0.3255762333781371
2910,0.8132644809532592,1.0917959270839765,0.38666129769060154,1.0942768691132212,0.4328927380193209,1.8506876759991238,0.12867433954940052,0.09721431275554732,0.24032576906181635
2911,0.9626721945132135,0.06220072239345942,0.3576464015242905,0.5961546540400076,0.05685320206119998,0.7718064252104047,0.03815990147451365,0.068483369965255,1.473041011287488
2912,1.1465912717584803,0.16491233120168344,0.521068572953833,1.609726730345731,0.9623184613103075,0.7863404318541507,0.20950116713249917,0.07660517003468381,0.3294380934685802
2913,0.943146430636074,0.5055683299223105,0.43000534178033123,0.5931483488265343,0.44023499021791557,0.15094925187523112,0.18706072937312918,0.06769821848329803,1.8259832809577783
2914,0.7783169755098558,0.8662989152843026,0.30022717890157935,0.60264631107653,0.43754603206545306,1.2699256408923818,0.17483445730734343,0.09490846765789687,0.7696846661619678
2915,0.6214404161500995,0.6379881259630192,0.4388426882629887,1.259356047905067,0.6728931200907367,2.7182859820026244,0.04004122912684131,0.11087764782503157,1.105884456857879
2916,0.6933959866336625,0.5877102710679718,0.1970846791188693,1.2925999931196277,0.8234520235608485,0.08163876675477888,0.18198363625130737,0.0836560389651765,1.4352874883696667
2917,0.28956881068253426,0.20932785063942405,0.31263528411874325,2.1652455219381674,0.5966214295324154,1.446778931632893,0.09922163621097582,0.0592296236456345,0.6357123911256127
2918,0.8637827024139273,0.4831714342881237,0.3983448085649053,0.7692307690689957,0.2695861034044066,2.122745741076634,0.19037448410842248,0.16007272747931392,0.020677692533923375
2919,1.1050753771389137,0.9831421703734506,0.5341407463229491,1.1311853881871288,1.0052465860471045,0.6237685726912121,0.037834124393845425,0.10953161889587187,1.0803116137904971
2920,0.3991255651233463,0.5928411266877381,0.8127740365735415,1.6495952987897957,0.6210633160653077,2.890419343455451,0.03764982922058774,0.07926343217118884,1.0930922892657002
2921,0.7774560549382219,0.5715924505889852,0.26081933371474597,0.6734385488609442,0.5952792034536688,3.856315687975303,0.06739200263830991,0.12390664648636718,0.6640526112725541
2922,0.06697161281577119,0.8389620597190031,0.6134758290614439,2.4347901936502763,0.5308693587336778,2.543905049167254,0.15573547025698237,0.12452862631985877,1.7818561490561242
2923,0.4015068818382517,0.8897543498168636,0.5318052974979413,2.0058219914827324,0.31365160218224186,1.7067199336880008,0.11969236190624234,0.08927237822523948,1.4652572338820335
2924,0.4667904877703759,0.6725350010955271,0.21855159128694676,1.217356350578742,0.29178552113270895,2.717991414882083,0.2888960765719451,0.05155177404719807,1.2174571564618224
2925,1.509164791038185,0.2489601500881989,0.8028607364590352,0.6409813842836063,0.7660652809850024,0.9740369358005259,0.12310720305022321,0.10634114894705753,0.5891093090767328
2926,1.493313937910699,0.4697383772206714,0.2926519208091999,2.4237323316724715,0.7619771437933529,1.0777292724762717,0.10454803292624854,0.1024858662936271,1.360437038145689
2927,0.5695316071370764,0.2258006847642171,1.2089042265629408,1.176507526249652,0.6640111851220679,1.7863354905933226,0.2577242142994256,0.09212641789777162,1.0031858869293395
2928,1.2944395578701862,0.460015669253238,0.6273687930827125,1.9814738928321831,0.19030929254253426,2.440998104890811,0.043600346367634074,0.053167277250529055,1.2296337424067245
2929,1.2703505794534524,0.17098467661098035,0.3775977473427318,1.7111542876693928,0.5466623089738438,1.3048347745956215,0.1113953093427759,0.07466908557279808,1.0124651047701072
2930,1.0374404839475475,0.3732199026670597,0.40648311256880165,0.7820519516982275,0.4978377737207597,1.5393267834225437,0.09656650455299495,0.12305922270040343,1.4081994848352186
2931,1.8717013876510251,0.18354360595080227,0.5200285579355497,0.7097127580893444,0.2197046308633795,2.117926940206567,0.054593447866350744,0.08280534675428186,1.0382170134101754
2932,0.8663245557197101,0.3397291119985711,0.22297510686427588,1.7866894694297213,0.7663747648030019,1.5099287724284411,0.17468042300966452,0.06257170209187059,1.2317931839256655
2933,0.2952347199430753,0.3790261399309523,0.6961066543229144,0.9728792052639782,0.22882979029996153,1.5560524671873883,0.1465806262067204,0.07137787849588167,0.9330688024632534
2934,0.6364100252039069,0.4056565671995871,0.7132015566309546,2.8965468364669493,0.5322640543477678,2.2110562353793553,0.16662665833344595,0.03443713337088482,1.1700265062026325
2935,0.7083491840835354,0.19609865788806724,0.011876292666612498,0.4230122660064324,0.617791021815327,2.7668787843734584,0.05030592556189735,0.07666621561218609,1.6052364784912232
2936,0.3784951236128487,0.2134745390318871,1.061621705286773,0.18031926329489023,0.32820372241824997,1.165044746072995,0.22625780205122464,0.0905656975298459,0.7413115594112655
2937,0.6932332654968165,0.946504368915164,0.24248951295109805,0.6312057090761811,0.6929323659487238,1.585902301766017,0.1179293707748022,0.08268800523134656,2.419698796878558
2938,0.17481103627600786,0.5381314148913514,0.2477196164828837,1.679269280212115,0.3741465695698015,1.5682803932634612,0.07386775389557527,0.07629707149433805,0.9475852265711229
2939,0.9447947493992419,0.20432146735896806,0.42659549007759767,1.1032093864404413,0.5747859506203815,1.6679143988843292,0.20602598137385372,0.1588241179558707,1.7961358176294508
2940,0.2886606926929872,0.26307397870301774,0.6473612173696355,2.775386496259667,0.5570890516186938,2.9279180215953584,0.11130894921559255,0.08948277702888557,0.8936753331354741
2941,0.413715182239237,0.24876731565352103,0.5883850823644357,1.935271496915363,0.8207167612638091,1.9855886655141264,0.11516604105136116,0.09882001870329735,1.4831964067512156
2942,0.3972997551383791,1.443601985829595,0.4962347555558445,1.3984614797792958,0.485741368860393,1.9199103705604896,0.17942278066507383,0.09455150821681438,1.8789669989063038
2943,1.2496921573052662,0.2928663282365834,0.4559241164237075,0.12219148086274734,0.66868539820533,2.916617177575846,0.1569398423601227,0.08991777015003602,1.580728117963913
2944,0.22107562466344025,0.11383514202740388,0.41314012620006973,1.3856455248366963,0.10664007354727689,0.47859501751163713,0.09637168994776885,0.10118942586824071,1.2921061065120105
2945,0.06693656510012991,1.0315431601251472,0.24645694460326895,0.9315558133777376,0.44840992381762934,2.3449030942736018,0.1785799943240748,0.07809194356714497,1.0589053025046857
2946,0.7948924602630483,0.47400862649568287,0.176649639257407,1.0726842846562934,1.046149528201204,1.4843616333579819,0.14948830993326806,0.08044763669583398,1.1042010477161532
2947,0.7816949500775237,0.907533734358829,0.6294879763672634,1.7339492907190948,0.5309944300591991,2.5358395328370937,0.17534194450319207,0.05076360658598747,2.4534254796612402
2948,0.09707172781985743,0.326482431902705,0.17096189772138515,1.5356353950761719,0.9371052691109585,1.7878018942818847,0.05563698044731453,0.11223237839586829,0.6450693738601279
2949,0.8081779929345696,0.6098159119321985,0.3340409393171057,1.1252581138559725,0.3381377351483382,2.263211857755046,0.12540968280142198,0.0917839465176293,0.18648760315441848
2950,0.881027780466304,0.8289514425754407,0.09811340173673627,1.2191009508982251,0.4568123290607359,3.9253786461253384,0.09633225484988625,0.0910477493540175,0.11677551226104887
2951,0.2609779586314443,0.22622856206230457,0.5446968570671298,1.8600437882910452,0.6875525963598124,2.4286914670875817,0.19051247686836684,0.04552740911369168,2.4255853922258765
2952,0.41383109351016933,0.03532287079513313,0.4116985358884882,1.4465884843924772,0.6126201833381322,0.4197710243605939,0.07150685052542899,0.0784241580899668,0.7121738713988718
2953,0.4031098459084477,0.16478984157682383,1.2109905360215256,0.4426021845264616,0.4141211902932841,1.239673890463274,0.20871883982837192,0.08174460057244604,1.38943134971538
2954,0.12350917854560586,1.0502222064968076,0.7972696076235148,0.8186292012956896,0.6227376524571473,2.765932250104308,0.15327560773125382,0.13425865353990274,0.44403273105132185
2955,0.757806585504013,0.38536573269732793,0.5945137505175357,1.7976187779370492,0.5817802688194007,3.2713257199588766,0.08244690580039175,0.09166890581604027,0.9699431016577027
2956,0.47770615175732334,0.7113217285230301,0.5256115680570044,2.2667079901415694,0.37839011170759274,1.7281164689568356,0.15531967160475477,0.13482159617215558,1.6175786382373694
2957,0.7423283746757134,0.2314982893427024,0.23504084844429013,1.4871024057582973,0.27579741666151075,2.434623859282159,0.01767735352908635,0.08277053441296431,1.665542578474742
2958,0.38745133752277344,1.199191207113816,0.3185490532141084,1.2498867027174696,0.3359613045514276,0.5964061002330161,0.10577135313406894,0.01635898421457775,0.7116227112661677
2959,0.009153754164208938,1.0040205614881879,0.3990273836198872,1.7180974093410186,0.5385546496012804,0.647226780937632,0.0018965377030476654,0.11043138998985919,0.7353691127427069
2960,1.1603807665653434,0.7835517613969506,0.8544490491756694,2.33664900393776,0.7077234115721346,2.080853771949997,0.1372695237860155,0.08432984963796375,0.9561265918690638
2961,0.12790256014096296,1.0084741931664074,0.38539931315350223,1.112499220667102,0.5271711648294723,0.9985283438680345,0.2814975222027307,0.13271226371033917,1.0784916313752109
2962,0.034550273498072576,0.5449455413224524,0.8619092518639396,0.5386560667184623,0.5301226180363025,0.9032546173934006,0.044634660878689225,0.15917794880051017,1.1262281024125662
2963,0.30489654156461043,0.6213994504348774,0.5469897961195126,0.9283680648913519,0.7951510769925121,2.648897356406775,0.028343926889168286,0.07746250148216706,0.7307527491200713
2964,0.7420420989118319,0.9987847062938997,0.5002459348178996,0.2871660778742844,0.7938876005474139,0.9140207611162848,0.10781185033714373,0.09661165828574854,1.32152070323626
2965,0.3260104832688803,0.5902416463431819,0.5952682745421048,0.7019921119287569,0.4988085875918897,0.06578695649141197,0.1633500394222134,0.06036065275555916,0.8625618370926456
2966,0.2285787485233035,0.6539502336184128,0.5124978606144366,1.6204866139550256,0.6477534031308818,2.4065281110141408,0.09579517459044098,0.062425217618780005,1.2892153768313255
2967,0.7847021787242603,0.2340713520500638,0.2200908013463182,0.8702704466683823,0.6170066146103196,1.2877262494381103,0.17909993178251496,0.09784590847693284,1.3582808966422681
2968,0.3801367453089698,0.3056977909650909,0.6798300385660971,2.0383808459616817,0.19724851449337677,0.3480308186378036,0.05385091451615658,0.029284479346980807,0.5961651341435339
2969,0.817990909540516,0.7656477083435478,0.11006117918383351,1.2153587017583827,0.8771700123702183,2.5605250004981666,0.17487603012829017,0.07998501209696914,0.9932373449882849
2970,1.4202595178125503,0.8992195025881624,0.5636010394395581,1.842282526538079,0.5956504894064036,1.3123360355618394,0.06855175041411535,0.08005433637475066,1.165282715221254
2971,0.326845563864834,0.23011442775408597,0.621423006693394,0.5284292786817133,0.47474453169767206,1.1499012547574239,0.21306870358007757,0.09873768973923432,0.567432490828814
2972,1.4882638869974436,0.7657738445731362,0.047218175421688824,0.34471241645206074,0.3608205650094477,1.565704261866786,0.15694437747085774,0.10522853970641184,2.079193542153117
2973,0.34892672747371245,0.9120440659661895,0.5365308550950557,2.0509410765300458,0.5629929589030722,1.4973321536441833,0.19700416075177837,0.09466999845281802,1.1640090412582313
2974,0.35910724081833395,0.2725031174139677,0.2665450251852778,1.0268194368762638,0.9902356603746851,0.8054863377624336,0.3241031298588287,0.061532965073678024,1.609223345180614
2975,0.1636145434669815,0.7397878818170782,0.28697388881667246,1.1280011337690405,0.4264972298118068,1.5889169019779699,0.08022065926665287,0.13017435387260298,1.7675091971769619
2976,0.1702494681825678,0.7298641099039527,0.09371114600957492,0.4021157643607155,0.2596782952881901,1.0308859478228982,0.22528407503675557,0.04938057963532727,1.1746560734232658
2977,0.7724177464514166,0.08585312598939798,0.7095901305362822,0.6520735079892876,0.5980501037872968,1.5211144628742188,0.03462759755055421,0.1293709314360357,1.0998739260288053
2978,0.8083752147210865,0.6182083031005493,0.03412985651209938,0.1955452626416757,0.6272499532759854,2.0329845067230714,0.20646174238091786,0.08432973683312746,0.9213940842814982
2979,0.3104981125282233,0.24617388981342375,0.26374024968750476,0.29537815378599996,0.26383592129712585,0.7716386938988664,0.06105766134569567,0.10622437613382703,1.628830992989622
2980,1.599052263684368,1.3437329127675228,0.5967055512474029,1.3899962569073723,0.695055976086906,0.8339207304698154,0.018752253263909655,0.12435091696839615,1.0958546101226017
2981,0.7888189191691997,0.9606441509337789,0.7399588515042622,0.42712934522915236,0.5068086056489064,2.451463925172863,0.13885289835008158,0.1589272011152651,0.2723210948077144
2982,1.291140310096426,0.40681705846928007,0.012541695168017342,0.711003698241897,0.6308955184221547,1.213457533181758,0.1466449182794912,0.11976597730089253,0.8977444630939146
2983,0.09986240111200653,0.4753209702526674,0.24730297409813823,0.6440589072987499,0.4290069107170705,1.342809978063953,0.0554586851738873,0.030898353907114255,0.2781482543513346
2984,0.5085485306139998,0.8599654856164618,0.19526199983769923,1.812125514872697,0.5013200114113154,1.5765606850417495,0.14687675298243946,0.15936747621005487,1.4626591469077574
2985,0.4663790625565428,0.19126371754540086,0.2951381512623888,1.749109415546572,0.31708270000564587,0.049225190351372516,0.2905470876717735,0.09593482142739539,0.6707032717872459
2986,0.63010155555279,0.6808830760327944,0.1617291894069529,2.1587306237273984,0.4136736206186459,1.7566227537450667,0.2375270513500305,0.1052993220233753,0.6008223643929458
2987,1.0993476905518413,1.1353692073804238,0.5021743082333032,0.9626691259392054,0.05789740309411179,3.592983357185816,0.17542336288763488,0.06337473118201206,2.1349663590792107
2988,1.5310974137659645,0.5526711442507796,0.22007932045155265,2.1297673530377788,0.6002593453114909,2.2942618119414315,0.10566230326262255,0.09227995576687581,0.8095033916142703
2989,0.23295633214970135,0.7838785778907396,0.305115834058653,0.8693676715301863,0.3878383706365748,1.5801362475384941,0.0379357614072839,0.10614631604142695,1.4754231238183886
2990,0.9492335368342559,0.17947740513336158,0.7864824022502154,1.672751080637612,0.5192559018011366,3.85667326024197,0.1452819330810602,0.11120184792651133,1.549734610634318
2991,0.1251306434174374,0.07604839729462992,0.22951021227005358,1.6189896068009788,0.1870564875346415,1.0366248452036637,0.16981093274727352,0.0924783584427908,0.7412172399405179
2992,0.17869367525507185,0.500016389376615,0.23308814816106901,1.0810362228202168,0.34610670650903164,3.5643971952399567,0.04359170653543816,0.16684598052700658,0.4748143655819695
2993,1.2780186909088902,0.5337952368465303,0.6167304965225697,0.7006378357545995,0.20131468031334998,0.9602861476373781,0.13878417294389211,0.003355085050006437,1.1328759971159394
2994,0.47067351960908094,0.8252217979259882,0.06708361578452499,1.2499175468886836,0.40937304557781407,1.85880700353857,0.2660626686796497,0.11794259448364783,1.5124778781213664
2995,1.0296359523650644,0.03205153773813685,0.8480022042228135,0.2747678377219076,0.4798739808214508,1.4211054911272845,0.16518109328425956,0.09397541128719894,1.291465395781693
2996,0.6247688143029655,0.1528393895615198,0.36023957276495494,0.8639153119770142,0.31992809370203634,1.8646357877052728,0.1911632826044373,0.11915603704340494,1.8780290833538504
2997,0.051061106137669426,0.5016451456438408,0.5464990449130074,1.5867478072486887,0.13521340716314945,2.8967814659472446,0.15434132187911734,0.05089148021090547,1.9384123515106464
2998,0.5534060353768524,0.4723905295429799,0.547751844099654,2.860324946202244,0.17681455169318394,2.8062457123440616,0.11760235499642503,0.09999517089559479,0.14865642347436625
2999,0.5039218082783041,0.7005327859832423,0.6587652570637208,1.8171335904860624,0.5898235490329979,1.431363182566633,0.11044387308359027,0.057111276396860554,1.286640377729341
3000,0.0345975337204468,0.30549936720035886,0.22913244052166865,0.4758605929784226,0.29434218245051647,1.9043007467898807,0.07794238072212824,0.12184775374770074,0.1785897089168712
3001,0.14358918166129261,0.7440631577993486,0.3181880322474021,0.921205568564327,0.7572778520788604,2.120607816192418,0.19918611397847724,0.0587009795816576,3.269973341751436
3002,0.36445192252217123,0.6136539251367503,0.41347784522311054,1.6996115774957674,0.7309391876092193,1.884775446419535,0.008459729003622657,0.13372286795935792,1.7464448203457086
3003,1.6354066538919865,0.8707937969507551,0.4014998164851487,0.20917476468809626,0.23417278720782736,1.8385092949612492,0.16093643845635375,0.08277700033337021,1.5659990851457897
3004,0.03620912961170142,0.28741505569276776,0.3971211211502894,1.430613468249056,0.7616917053840331,2.121276308224763,0.21234485119474694,0.0899153790787068,2.23141793280814
3005,0.2496782529567064,1.6131764010344425,0.06924194691401825,0.18681910343315078,0.5670725931865997,0.8513022570067675,0.26365438125466595,0.13037141612510242,1.762972341304806
3006,0.35519290500295453,0.2843873842763444,0.5654814479681585,0.67599717001649,0.40671649038723,2.1699023797688017,0.1612085428247254,0.09728370125620046,0.9274128215289656
3007,1.0579408118958737,0.7960032491111184,0.37263090235594803,0.7470137541265829,0.13804242408006934,0.6211649296065029,0.020869317411877253,0.0738411265908916,0.8316507531686249
3008,0.7500488839213735,0.23049409120397116,0.23971459163121564,2.168224731565874,0.46954972520932226,3.3554547535526114,0.07751814282215355,0.1063885951098211,0.09685303768965459
3009,0.8039069547318369,0.06577303992696915,0.8220175183174692,0.5880294594496227,0.5421172482845122,0.981987304593746,0.020587350847586283,0.10637984710935125,1.4333732742954255
3010,0.5164769186921281,0.2025450485568093,0.46025364912677014,0.11712386203257674,0.9667896970788572,2.5615325907954114,0.13744335867082866,0.10611604491990664,0.90428460538587
3011,0.05986410721131519,1.3294977714537781,0.48480218528566166,0.05405655302019263,0.3998126057553187,1.8428909505406812,0.13323003100868433,0.1337625607405153,1.0577273366484967
3012,0.4013527531488029,0.13813957790276274,0.7113864459798203,1.9841371195330582,0.6208248723647528,1.7279795149483266,0.190975272740098,0.07456999829346034,0.9596343387033098
3013,0.6266179634515696,0.4549405797260161,0.838223363005225,1.3324184008389024,0.38589564943952687,0.3117879212329153,0.12879146663877583,0.059558940666268045,1.6599651735658785
3014,0.12837724026251238,0.4517272103071986,0.43663476298341575,1.2790306072355486,0.3105713246726829,1.7684332514866485,0.11315815002526632,0.10944800409399827,1.1552381070565851
3015,0.5477695901469593,0.38662804944325946,0.06150368556778696,0.6583349754009067,0.32373549065439333,2.6210218163672354,0.17238162467854445,0.030446991549588548,0.8778560318362106
3016,1.5587046336568318,0.6616823343556881,0.5333448147112492,0.24740491484363447,0.3805004811079693,3.299870391004391,0.05181542584862278,0.15954736419817406,0.9768662752951649
3017,0.26888788535968977,0.6482879217612243,0.37473000392042777,0.24759382999378243,0.5937610399015898,1.5927146676534927,0.08361332593438289,0.14342811778758635,0.9406177583177007
3018,0.5773403959218752,0.3561163378100179,0.2697848103782967,0.8304177202301581,0.4728040582135986,2.490306110572754,0.2645210886073307,0.0716133290461766,0.7028676821419099
3019,0.4133797550573334,0.473195634057681,0.5797888189040742,0.7024844366256092,0.030331597578123537,1.5982005318123804,0.22671778008993648,0.11806100065370166,0.9373902932424022
3020,0.5101591929117182,0.6206868200541342,0.24625753495325914,1.056673688470594,0.6900816585661714,4.318299126760407,0.06182984035550797,0.08884582128014833,0.8112173587614434
3021,0.7242405823466695,0.42905800988737586,0.2325016852270294,0.1619725348646387,0.3105814987685882,0.3448712774472089,0.029225831412507175,0.09465082403377498,1.0127267638574984
3022,0.06546450120753008,0.3337616113006997,0.8732343785023017,0.8345024567795493,0.6155992971190813,0.8919066752005453,0.13405206515625334,0.09766696590832104,0.654649695952311
3023,0.2725322554734962,0.8708993499513857,0.6979517666752211,0.07838915988812156,0.3653802380122609,2.4044894890220956,0.09815877864331277,0.08522162028923619,0.5834179557116234
3024,0.020603313735669038,0.3915737773153774,0.6872804377247349,0.534743852336794,0.6120542370488594,0.7512509821396647,0.1047800988018842,0.10304315031777089,1.1861842535299645
3025,0.20041970558370004,0.2447409463295856,0.34682114143526704,0.6389397940204451,0.5115492410090704,1.9006475660243245,0.10987992336470967,0.10830984688411764,1.8799554585396545
3026,1.0912502140140803,0.1594397811528111,1.1614257216778796,1.7688223475078693,0.5332187587188335,0.4006764964833549,0.13242813954834656,0.12344278899582081,0.34442328015651846
3027,0.17236665305227422,0.7475352053784461,0.4276963381745418,1.362261677772313,0.12589666169895175,2.331145807159456,0.025601192070972223,0.10838157493249671,0.10363927788400107
3028,1.1198793032858134,0.7585620370244353,0.4787383648725784,0.3816621823629244,0.489956083073796,0.9480678010428184,0.1491200839884524,0.052040441186570245,0.9682736052071956
3029,0.4892663464590655,0.7825257337600977,0.6557293488311791,1.2414622004614142,0.5406471501597233,1.016801710851818,0.03976226711165955,0.083767721206583,1.225437310802397
3030,0.7483212507576237,0.5794337268713987,0.24025639088202289,1.3449544800192506,0.5976496000719052,1.978727230630764,0.018980652119820307,0.12652199591581081,0.48686363103006347
3031,0.03046827148582934,0.9288309634821954,0.17579889638780735,0.08910488831405827,0.32335235191798073,3.298766744475456,0.10508072179817135,0.14910993898039565,0.4061869422422059
3032,0.5056115749113531,0.32607387135923294,0.37987776489741665,1.9462836889076143,0.3841851399106904,1.407212569055691,0.19262223528484393,0.08592778187605224,0.6637725434375967
3033,0.2045663779436499,0.40524708326219677,0.6212824549784035,0.5382840495460024,0.8021480731513622,2.1476867214454196,0.2043645961777974,0.05115750086303686,1.750434273189119
3034,0.4976778556898954,0.8178911465307678,0.20197640113399584,0.7119065617478806,0.5035402931265919,2.1219633637399826,0.09505741721030758,0.13902637308284763,0.7240784921489011
3035,0.3874583697507964,0.0989241009825427,0.47196980782620446,0.5783452415128529,0.3943979294999447,2.765998441148046,0.09974377126893452,0.07993540575210832,1.690010211713909
3036,0.029164071866214614,0.6346628265891465,0.0909896554160981,2.565130461323967,0.3593662010445795,1.4684168650035345,0.2690463039706024,0.10497219811458885,0.5699067798857089
3037,0.6489569670273307,0.3504339756211449,0.1264138128355947,1.015361975740381,0.49920681657203053,2.4554188307661033,0.2132189417774039,0.04647761179167312,1.9072819158198686
3038,0.2501141395312084,0.23117005757447573,0.9973753632100508,1.2808165771548141,0.564580886203959,2.3867445570753345,0.15216910331573907,0.03550744544605659,0.9987508153205629
3039,0.4712461721168312,0.45699448465918,0.2829973966008458,1.3652615164338961,0.833771493862818,1.0491662701138391,0.13921762271104207,0.07562242987193991,0.8410379483025099
3040,0.5234134617668973,1.0450101435901176,0.19208593035191962,0.596117953472002,0.578472653169993,1.6113398653921174,0.05828581760022498,0.07814338254312574,0.8122748887461929
3041,0.9064810518439355,0.9539536991184843,0.4456038741564117,1.180709800178275,0.4760245335245521,3.686478172828682,0.06054505509681509,0.013167716027958506,0.024504138274525022
3042,1.2553463787342347,0.13784296877831187,0.45560778972121213,0.627974388290488,0.15707561499404327,2.0528853315545907,0.29599321856320754,0.0671970588144353,1.4457363808162
3043,1.510089502839388,0.4114453299855071,0.3921856410655996,1.2212078978459644,0.8043067750485113,2.2262289911857733,0.15520066278214537,0.06257628815844134,0.5682281687458819
3044,0.7901824584340442,0.22568602047964598,0.7627023469175297,1.2155290373402612,0.2656461035656663,0.31800817143419735,0.18376591083396476,0.11911058857018778,1.0151265789600483
3045,0.3616438848996116,0.5156226507490939,0.1670294893032217,0.05627890988190931,0.24134679830727934,2.607264902660094,0.03508895564471359,0.07154550093695476,0.5554063187687952
3046,0.13167311907847357,0.344086349828895,0.09123336942528973,0.6306252465021897,0.14493243264141842,0.2991560695932587,0.1812468855508548,0.08100969346342846,1.9585683206393105
3047,1.69220017957134,0.778087517141099,0.21942201627368704,1.099744964927024,0.304727224023014,2.2463168467825563,0.11844781772337658,0.09076055276996607,1.9625531536474214
3048,0.7867396272483453,1.225940608189321,0.2826985762713393,1.483482233031456,0.49425472657969194,2.1339566938417294,0.13971758722033772,0.06527057882180443,0.9948070754033992
3049,0.7737975355822622,0.6190103573137937,0.2400430473071194,0.3530380096310104,0.4062778503350445,1.1250218763613,0.13440484128358363,0.108998974774102,2.2890576316399462
3050,0.4392702362233157,0.5579400006337674,0.3598788688711845,2.889018622618052,0.4159990983232259,2.5790902691707274,0.287915441626414,0.010497961529221084,1.9097047222512096
3051,0.7884039745738036,0.9214431050214364,0.6288493499032288,2.0790047606725026,0.5840187633865349,1.44884311357441,0.0002549126588211187,0.025068654662171397,1.8150439124070146
3052,1.1632868798380493,0.03433090877223216,0.316114027155721,2.1512023668369102,0.6957586852032029,3.998367807788947,0.029528728038180227,0.15840222974197654,0.4360728388733358
3053,0.38094030848484506,0.6008355545306341,0.17657294275602645,1.8514061397090003,0.46790400029731494,0.9052580356494186,0.1961521836679071,0.1515174374744638,2.0948832343827934
3054,0.7652749967006434,0.5369746582894566,0.7471025230476818,2.9111074969078734,0.6961278929075609,0.6564428399850974,0.17670188677305723,0.03238769263329817,0.4405902216324113
3055,0.07179410878537609,0.5177674035407461,0.8165990098718183,0.7476502468873519,0.7453613495012088,2.262726471750872,0.013071783806647058,0.14696210584953154,1.294996523660125
3056,0.26113530395138673,0.03272829262501831,0.32491262934391935,0.4999714863008364,0.5987190570072246,2.9609228370945937,0.05808687044795509,0.08808058741568765,0.9402585159364675
3057,1.4001920247860689,0.002069783421912663,0.02163573333105384,0.22762343855576295,0.6271413603168349,1.0023296719704007,0.03957059511039186,0.09048274277127355,0.9349479699670927
3058,1.0194897872613555,0.16706369781675953,0.5781832535322529,2.923985272951626,0.37210047271892643,0.4982064822836676,0.12546425645600134,0.15576885686569017,0.9218979749438247
3059,1.149062215860188,0.5598476470721331,0.6059190663669007,0.7270735368325156,0.24736439422238599,2.546639084410071,0.14721322446998386,0.1024019891936647,0.6030206689728295
3060,0.4034481899886354,1.0759409546397356,0.330469056560161,0.07108423653451157,0.7090045036045214,3.2283855145126,0.07925331682502683,0.09131882606666329,1.6838257125179066
3061,1.1426718371244735,0.3887038428198347,0.5377226413412124,0.6120296932285167,0.29604731672970874,2.8229813341349033,0.086389849773668,0.11196381001436516,0.4169718307838085
3062,0.2650783197948018,0.07217485805625445,0.11924075387754038,0.5864014063764582,0.10203716829565368,0.8864808390608788,0.07123703371348582,0.05913051115884177,1.2987896027855033
3063,0.49592827976984355,0.22225781766646446,0.772881977949498,2.1825968996945297,0.7881133419697219,1.4517884332333575,0.15199634454073097,0.12236923051154754,0.885638583516572
3064,1.4863223694163596,1.3655004269102373,0.9550375621258956,0.9274937842496424,0.5185213154506835,1.4183554803944864,0.09238170867254704,0.11798987633978977,0.2680062524259458
3065,0.07269949983542609,0.2714315958674335,0.6457118453437612,1.8031288684037134,0.6987040414845346,2.2171995005543184,0.24316598074772605,0.1104858725716847,0.7167573333833852
3066,0.8121579410190021,0.5686769423085636,0.2762389167277045,1.6695818571041432,0.7803324127014524,2.4740495663520434,0.13930405754301187,0.07768106179527691,1.336050106761713
3067,0.5360330888199625,0.036588997497068176,0.6210654532296742,0.9003889390268272,0.5409228625238394,2.7510527293862905,0.03165747882497569,0.07981130169844887,0.827045752632551
3068,0.7019625259140285,0.02201258158572511,0.6735913415418753,0.18670588888862583,0.43110939155938266,1.4569619062487658,0.12688979497667263,0.07466534660798947,1.1618476770914743
3069,1.1591804013515317,0.554262202360311,1.1259242212024712,1.8953270511990064,0.37105572483724375,1.7655913583340501,0.17400078051031886,0.09085053021875504,0.127415474863667
3070,0.8717286930578259,0.2810550914103129,0.31908448800140415,0.6928250662749789,0.2891098333152896,2.028566763138244,0.19688368279749874,0.08526988306787724,0.8481583181237414
3071,0.4632591922099182,1.1339800999961744,0.42495183938894887,1.4881446540939594,0.6046460467445088,2.6901178269402077,0.03274501905265853,0.08403809603001157,1.2012676394406676
3072,0.7540448912731332,0.19810475075779166,0.018786751966955284,1.3829316424768343,0.5959153632218399,1.781734204158187,0.04099707375509498,0.10010466316839914,0.6323804794337748
3073,0.028560590160690125,0.11380862883964105,0.3600924335399922,1.2529556973809548,0.6610379086501618,0.3526781001941457,0.2065557287505676,0.0406787835435471,0.35879542270184017
3074,0.4638248741836833,0.3015355229257479,0.4417809264596259,0.4183745378130628,0.7782192987916109,1.4284960271503826,0.03100748061432959,0.034575808845355584,2.322240129623145
3075,0.7337374363268669,0.7846864956407795,0.19331005867791656,0.9133935194786907,0.3443039422140956,1.8307767978523088,0.19736626476740676,0.17960378509667385,1.7238809199150549
3076,0.3394113564308168,0.16066234330554396,0.40699610993298807,0.6745102015109732,0.7260146310386164,1.8629069978887876,0.048909106495337445,0.15241502752875657,0.5617373617424751
3077,0.11219901405201535,0.12602890825763144,0.5959093212457574,1.2835634333236983,0.6616518431179559,1.976854436301418,0.03085508375026219,0.06717483459499297,0.18128442023928082
3078,0.30107333414772325,0.8747683697762725,0.2985515646934552,0.8633297550988471,0.5179530181849838,1.5213116716928292,0.1580109468609518,0.06452073438691061,1.628691493500046
3079,1.6133481970307946,0.5939667250248032,0.6218496930552706,1.1142415047645202,0.8477820106958895,3.2560973108568376,0.04541351167754157,0.08957211662896501,1.728067060404395
3080,0.3970410050843229,0.6363562223456374,0.6878371797276116,1.1660314234716789,0.5906581810100902,0.8005296198342442,0.02436744143315671,0.06281912796919728,0.8809518009582342
3081,0.07830285567970918,0.32376718585133984,0.5409469756884423,0.27924455406992554,0.5803433070117191,2.059430999233744,0.18659270901524713,0.04020557136042841,1.0002701095880975
3082,0.8188249404783359,0.9162018172037323,0.3652969837733941,2.0516201216504313,0.5046154110424723,1.7252435844259175,0.15405439070509533,0.09942043189722684,0.9300052792663073
3083,0.43186404233672543,0.2544363464652232,0.0855041445843504,0.04182888125584727,0.536883490280288,0.6416145795751647,0.15295780838084244,0.09141710924481919,1.3142693175465203
3084,1.3200028619029023,0.6086541395776289,0.9558400072780909,0.7515035966008432,0.5623516289312844,1.9198052879920946,0.15508791041024703,0.14978035867050152,1.743960267968056
3085,1.921503702044261,0.5056912825954168,0.5670352658532047,1.3981971696986397,0.9825745673161463,0.7297470889322382,0.15434897267167566,0.12237315399178154,0.14709059603721597
3086,0.8919135726142677,0.5067208052574519,0.45090135011633165,0.919167946074734,0.6164728771596789,1.9196609831575275,0.02432780106820613,0.1460600805337452,1.909294209560852
3087,1.2517586243617167,0.7404773026374276,0.3055123439248445,1.2386794490847282,0.6758612584593688,1.2420178005909006,0.1318985809193313,0.14731397873749244,0.2908505698667093
3088,1.618447960817027,0.7393131528055318,0.554860583203991,0.8258490361747032,0.8271105223031194,0.6718843648350714,0.16471793922689099,0.12980200585728263,0.8382280725889242
3089,1.7882638585037671,1.1625702327066276,0.07570324765955222,0.4258825935428512,0.8234342636118668,2.2189752443180306,0.014408847307976577,0.04873598148033029,0.6407544335714975
3090,0.5638695941299147,0.8515709832498337,0.13283615532435689,1.6586876977050307,0.5584636975189441,1.3499651593885453,0.05567251928247437,0.09991479955607606,2.1600564879213087
3091,0.7338041471714432,0.245990498140455,0.26455668466132987,1.1809983110464524,0.5497044189494146,1.1636635888011067,0.11544677009226915,0.03504653481726002,1.8136414947804886
3092,0.8855656440793567,0.5228688283008829,0.3025686997604842,1.8992589526991672,0.731491352442077,2.0068412656428056,0.15263182977858106,0.13782773579363405,1.519411527474381
3093,1.6549929145712956,0.24700762019913702,0.5114652397368173,0.8822745215076926,0.25911750631541774,3.465734817266793,0.14587420385256722,0.11066196984057042,1.9395743341738423
3094,0.025705822600995742,0.45359434395994946,0.3701228141247407,1.7085910846661485,0.5132429129414806,1.4345400077284285,0.1379874898179064,0.11840567698755754,2.0124670589046056
3095,0.575355070282568,0.6932334694470375,0.3075272663736488,1.3185287269335069,0.4885536208407458,1.318225303434555,0.12740908426703174,0.07175533554184654,1.5345792987655682
3096,0.46598799910472943,0.011218321062268277,0.24117085793464907,0.8668473850887695,0.6939870825041529,3.516168503628994,0.04776813178933904,0.0775854375463438,1.2337448134240288
3097,1.0548497147539297,0.6875265730226219,0.4870375171798836,1.3847404220550332,0.42490625327887255,3.922538663489645,0.11141270524204767,0.05960288992739026,0.4575802650132614
3098,0.0933807111547231,0.6192764212675469,0.4549975703154774,2.080401173886895,0.5030133039919248,1.7285287475099793,0.255869859450038,0.12905212833887533,1.5028172500120067
3099,1.6143191272635993,0.3527143185716134,0.3005961484204019,0.44753453291323675,0.48860713458277244,3.445728722430543,0.07540232695779109,0.18847772626829928,1.8709003408809088
3100,0.013277848472482312,0.3195791864693469,0.5358369833555868,0.0879493563985343,0.36059976924711734,1.5120520359483982,0.24505078059825303,0.10739482406039151,0.26376496583083264
3101,0.7821026237050006,0.12242946615958189,0.8770553140939532,2.2189512771574695,0.7030808867436144,0.7476543237624207,0.16921751318626854,0.116517129148236,0.28411509492260867
3102,0.45620783278058963,0.578932075424434,0.21670578133423482,0.6376989408540934,0.7643416087978511,0.8206637414907297,0.08065018502924892,0.13881846586077654,1.3854958827010968
3103,0.5089617585137883,0.885821791235031,0.4314587451935638,2.532937393099456,0.3018535646793557,0.9902374993476322,0.10106481122886064,0.07463439386186273,0.492656767033628
3104,0.24220876908754435,1.4124766612209505,1.1900703133592216,1.5976584796924898,0.7195738422795718,0.16513572019040157,0.07315776014160105,0.10828185597242229,0.9437049941513767
3105,0.994165607492902,0.27357379613602,0.0022680823640507386,1.5731729311252118,0.22059460509377593,0.9343243497629891,0.16203380790755617,0.052721071632845215,1.1944086552406783
3106,0.9338277249963132,0.40627438590897896,0.35413022170985126,2.7711354991540347,0.2406843056565336,1.5041761481666642,0.19102344496483026,0.10229377793538026,0.6587110805120138
3107,0.5229387795675758,0.07977928265640666,0.9221005198379172,1.8321852349955825,0.5381001135458302,1.2840388122660291,0.10453545999443532,0.07040515044417231,0.4523129235347852
3108,0.4914572927755221,0.36469133400070525,0.7591406638330407,0.7833982730743424,0.5389061303446857,1.7438956150146103,0.2538403740636098,0.08883660785866253,0.4677715008467608
3109,0.7874527743993884,0.11551823456425989,0.012341830047999935,3.040688452164237,0.5548555412967994,1.941949333824983,0.009858920926772055,0.07907153335913723,2.392222140268869
3110,0.8597301704603606,1.0486030330061562,0.3551197411147971,2.110306795308422,0.08673150551069364,0.29292826108269354,0.2717627005154865,0.05966957705367002,2.825431296292866
3111,0.6023269665236954,0.4982547394314518,0.6591852909718401,1.5851950825552041,0.6896858676754596,5.024549893362632,0.06679214801662917,0.10301469950987105,0.9824523957798035
3112,0.8963800503764723,0.4730488057924287,0.44220686217473826,0.8878820989886217,0.2842982522335916,2.4183512196074615,0.040028335598424544,0.06815724249385681,0.901691054693207
3113,0.7525486267720785,1.0178458664192884,0.6513349514953334,1.4507338755658097,0.537985347451788,0.863322434993395,0.12570319192706172,0.046659650241852646,1.2571259456073443
3114,1.3352561611974734,0.17740900944804638,0.5668300920084927,0.7732528972371397,0.6084142687086301,2.5728965491337332,0.10159047854962448,0.06285941438359972,0.9124899239764229
3115,1.3681593605900342,0.15694135405636653,0.21674172761175375,1.1202939282894846,0.510970617527304,1.8944979934866948,0.30978688531344,0.11233245911956172,0.4700397275237044
3116,0.708814728792855,0.9664422068744578,0.8587032693431057,0.05786822365396549,0.3922927643430969,3.6472487648902105,0.1348363650714681,0.13379506486202827,0.7750691670857421
3117,1.6637142419856008,0.4469867674620608,0.36830712326564935,0.590481015480404,0.7516388512442475,1.4905955153770716,0.18958215848412113,0.12426737344156606,2.5368218075646087
3118,0.29551769395426275,1.4579298809054793,0.23643019809807259,0.8091987588524642,0.5847399627943068,0.10511624648005458,0.23515593695382214,0.06668177764181621,1.0650707332360558
3119,0.8098958173985356,0.07737790910922587,0.36316392954067717,0.4545199047314127,0.21118664348170751,0.9316652996646199,0.04620622475751538,0.042436610983866245,1.0007493710066093
3120,0.28005304137483006,0.4130215500465674,0.0290406874077061,2.389469555752848,0.3136440763606282,1.3277019632062579,0.14285900256785372,0.09404436483739889,1.0865068959033102
3121,0.32146100162998575,0.007136517433207978,0.9522082331312006,0.8613940771967693,0.8858265624478854,2.2189651734832863,0.14483310732824523,0.05629289268240742,1.1687437826043907
3122,0.9470210525344995,1.114768236120201,0.6796223419637646,1.3911584417681166,0.43783560654243925,1.822121008542176,0.025129770754523703,0.14760681884363397,1.1319481525660091
3123,0.11639614232074044,0.39353488776262524,0.13510863037933876,2.158958408996071,0.6420210110161294,2.7194622953323346,0.22262016595179962,0.11091303272972933,1.4978557731161062
3124,0.25392954012542235,0.20736158463552049,0.2941846930286729,2.8792226519819026,0.7926581059744813,0.39494689489312385,0.11158311927595034,0.07159203153464855,1.2638705539460777
3125,0.5629729189380173,0.5062987944399799,0.5299517442581883,1.4146478900628423,0.8972091146771421,3.376764396139946,0.08060356559615675,0.08437486854015072,0.38046826983215387
3126,0.8666086593814666,0.8304046678823316,0.19646434174113306,0.16855798794580423,0.4590914047507049,0.8998318883754945,0.2322904730547635,0.012087555692797805,0.7938374727799397
3127,1.0184948163283496,0.3184492731334256,0.3165080027517442,0.5056529374536975,0.39944403379649573,2.2166009026871363,0.11611034808932189,0.037860947569962645,0.872182421248134
3128,0.8835318273147192,0.27382301471726395,0.5147072329335309,1.048266354382698,0.46881860231253847,0.17446351602954935,0.04850052213718237,0.07581140103878337,0.6191506072470535
3129,0.27832222713072324,0.30296207587810725,0.7754925308012572,2.1455104943264303,0.26919817496721854,2.1589879200212025,0.20394688934688748,0.08622715742751942,0.31563284795453106
3130,0.5586885154071872,0.9603177873240285,0.12418769526704959,1.4017507972207914,0.07333738409109192,1.8348795621952632,0.23581847415787105,0.09054318086327161,0.7688170003191628
3131,1.1030129595886728,0.33799418916106344,0.6741645082076165,0.6370306058820085,0.5359846342717296,3.473802221891516,0.1420083127532088,0.0855942035942509,0.7711366684858053
3132,0.5637521656731219,0.7338116463163531,0.658490233466172,0.1553590260446338,0.6077925453491017,1.8358101809361784,0.0668821081763577,0.12430849949072359,0.8563572082858499
3133,1.025523587083505,0.26194802389977634,0.6005482365858288,1.0268172267415425,0.5895186644824889,1.980779426412914,0.06767439475476658,0.12648395138118404,0.9600976279203159
3134,1.0707072336528376,0.4715176022564847,0.2712841473789912,0.8488091662463371,0.895366428981426,2.245335779665862,0.00035943232728360974,0.07909215609645077,1.0871639742070394
3135,0.2421734896748856,0.311724280274296,0.6772807083835459,0.13444160441941655,0.6356211336072394,1.5764303248612914,0.22816418831405338,0.08395141135355766,0.37851656813329165
3136,0.38479461063652604,0.7918280492872869,0.7355756957031132,1.0131226990775006,0.6082315084309303,2.378580420224615,0.15428618380372872,0.1189055588489481,0.7744011229642574
3137,1.128778923635137,0.6197213885261121,0.6499748644439307,0.40536277574850954,0.08414936770851617,1.6390387109458961,0.07775111886680036,0.03711405648312435,0.9373571718871764
3138,0.14358010346735461,0.22865820631193312,0.3040189506169128,1.231477104762178,0.4516111489585099,0.5527851869589837,0.1574712394559929,0.06667600613811805,1.2080364670029269
3139,0.5665495254735229,0.3885816857802418,0.4221077657169638,1.5306144499749705,0.12925673833314705,1.1180356969056606,0.1826745298769777,0.03199063230358347,0.28690379545416655
3140,0.1295497129309613,0.5198834116035027,0.5015698461895167,1.0927012966758642,0.5915857990073383,2.172662013356837,0.15978274031630083,0.0824036695769193,0.3869777237963391
3141,0.8032121139938895,0.7560591132087489,0.49909477420933235,0.6481226767439792,0.25272115450998156,1.811955304398039,0.16010737246582976,0.08583976696749136,0.42254842527357184
3142,0.9273489109944104,0.6169071524494003,0.6089173968565573,0.2545961813008113,0.3863211183908238,2.9777597267751523,0.22387913388116384,0.04207698770221043,0.7935222488831082
3143,0.41855992866219005,0.6170987012729567,0.5553146675079357,1.12519727673535,0.3479602578806962,0.5804247889519127,0.01838165117207527,0.0436587285852197,1.6597493827358143
3144,0.07292114908593578,0.5138236588423339,0.5515770436867327,0.6778739600071968,0.6914741641470706,2.8832481285756266,0.032579156433539425,0.10072422200740189,0.24509438523344163
3145,0.6703700875141219,0.6328457938105714,0.6870397462694426,0.9846262182746643,0.17860700162612597,0.31949973746673677,0.21919000713108291,0.033352775835154995,1.9640307969163064
3146,0.509672932771708,0.9950436636955051,0.4018780618257983,0.7603835228701008,0.7283913439685408,0.403484772325172,0.1821495643011805,0.048710998636550686,0.40596404471669445
3147,1.2487827563631702,0.18285788737873404,0.7752018395740715,1.027620474217893,0.5256331766815534,2.0748867062477747,0.06787498851597308,0.06511178907888358,0.2673207553221061
3148,0.510469543928129,0.47918917891644347,0.4447027210162465,1.5526756830021147,0.142257388893765,0.8698704842244795,0.11462934801605823,0.10129794767043204,0.8905584317921983
3149,0.05598839486013882,1.2334268271482696,0.0759296657509082,0.9533047935999278,0.48430429402733577,0.5449257915508519,0.13952243175774293,0.06876389086619486,1.4067579882174739
3150,0.837411606288132,1.0641836518650123,0.40648415504208085,1.1038988048700737,0.4836228057364671,1.9964416795989166,0.18133148028980395,0.11859033852740178,0.7463207985333399
3151,0.3718014550803671,0.5019422738698796,0.09318822204448537,1.21354755883466,1.0827494228596073,0.9466535425843194,0.1787252608677803,0.10933395055214039,0.7509799822005179
3152,0.217589542970173,0.39083009836373683,0.2282357797844834,1.9218092527125132,0.2708520208642823,1.9689626643185847,0.06187911993132398,0.08306461706279554,0.2178330393499619
3153,1.1191903174910454,1.1628716954571372,0.5651353638186329,0.8712244250008647,0.2283020259213182,1.3534129724546773,0.07706272848149354,0.1197192500624061,0.7109020270077305
3154,1.2929101462719461,0.6427254279645742,0.4971365416018353,0.585001580124453,0.5351569029521659,0.6608231625657945,0.22987985811776787,0.06601367403402664,0.7255081577509426
3155,0.7627644223645522,0.3495435482156523,0.05354747025920825,1.1182020258894672,0.5593465576277437,0.32258405575300597,0.10878006418847894,0.14146990396712306,1.3353571336250223
3156,0.017640244701627228,0.011519443252106798,0.6228658879727474,0.25574558862300867,0.4543718295573165,0.29094578340795807,0.14897830971715154,0.15744664171203865,0.4028003968160793
3157,0.360106832279701,0.14762411644897586,0.3684160480275757,1.7921696566444325,0.5715124305615001,3.5071737564778305,0.2899186553697025,0.1494551865816717,2.198813349315563
3158,0.45525840604095574,0.3923107129040107,0.8126138123222922,1.0903499427118177,0.6874240837474453,2.04089162582918,0.03635360676219207,0.03939324156496148,0.035466230572175905
3159,0.8929723321947627,1.0265947205006958,0.018342330242543448,0.8960713334411262,0.5903919890212731,2.122654009692345,0.22589075204224804,0.06192031857187223,0.3418755635775521
3160,1.20553571494522,0.8063516112231683,0.3431705904809437,0.17322867516304186,0.10242987783002205,2.067405815722184,0.05475414801517301,0.0951930653748958,1.2872379469879467
3161,0.11266320184884002,0.4044143227450173,0.5937619526074711,1.0772178917583932,0.40136362085394417,1.0672323637580972,0.11379144722646221,0.19025689754443376,2.911571033297085
3162,0.13308713883983983,0.3081187473542174,0.34174026985799477,0.8239171834375849,0.44046934363362406,3.120692516234528,0.05795521491099126,0.15084592147531764,0.37954555897014003
3163,0.5377064212290394,0.04326929367931098,0.2928467966398845,1.6740959340749184,0.4586370626768581,1.6476447201305389,0.07385590278995385,0.07274719269427536,0.37540489574936275
3164,0.25869193860553225,0.35320335732953967,1.1364039767076288,0.517600236951886,0.5430528228772571,0.29634499178836426,0.1788223071376191,0.13786863957935072,2.1733935175634684
3165,0.7324782542935103,0.7657086899553713,0.4446969853798181,1.9238219317022978,0.5685068196499797,3.116100851091157,0.07871267490755247,0.1035522019075098,0.7961117766821395
3166,1.19574146985728,0.18858845586211834,0.08634237653400587,1.5366124087641095,0.8073570064946098,2.538295093918804,0.0355616979838608,0.06963211621791544,1.403900364782353
3167,0.601390023329827,0.17077159089916677,0.6982060992575028,0.4558145308618683,0.3150986416084493,2.420184342387264,0.02064168428865161,0.11232862053705209,0.5799469989286281
3168,1.0024170867104034,0.15056814241440103,0.413389920432793,2.1850249742384227,0.3480059365162205,1.9740852270041993,0.04491002485239608,0.08479201399813495,0.20451369868896496
3169,1.072105924805481,1.1317987091572934,0.7616958872737083,0.15628420740878168,0.6025215960376965,2.874072733739245,0.22702000869294672,0.1276704668067719,1.173274845879274
3170,0.11248917465010652,0.383432734829597,0.17473106886745843,1.2948541952209958,0.7688984955046385,0.6909172570634423,0.08673766410197492,0.07294912471545889,0.19467910928711019
3171,1.2052571967411485,0.8402724078825264,0.6968490841518676,0.9421962445077403,0.612868404563151,1.0444085454518413,0.11311007504285528,0.12276477652577922,1.404694264890788
3172,0.5770382775722611,0.7062246951736346,0.2554384344479697,0.05348352025032965,0.686709945033729,1.5776379888356256,0.20937995832650086,0.07484452487652801,0.5252795026459756
3173,0.6930682606753118,0.3963716181088609,0.38535041488479205,2.464557877781746,0.4239465241206647,1.8683996886128778,0.1336587084936482,0.12242803787184942,1.1761836148876788
3174,0.45173153766937313,0.36344718050670316,0.3859879232541503,1.2303536635980965,0.29561497968680917,2.4262581597413626,0.14661403860912298,0.10798048537796634,2.1173179444462114
3175,0.5967936286714162,0.27408412963858825,0.4919030493244613,0.7717531883798845,0.4719407906062535,2.4163281965070253,0.0635102599750775,0.1074930082086756,0.8696791945512062
3176,0.13228119022745383,0.32585802738645536,0.08794374868587562,1.2430678893336193,0.4386439277838284,2.9195074353120063,0.14063685223603062,0.07350877086338099,0.8270650862941673
3177,0.49457404556915463,0.6844263977546234,0.55974996039231,0.9435784024427426,0.2767541840722544,2.0136870926347727,0.04335380068786557,0.026095826837003733,1.5821984348599356
3178,0.09371595166828509,1.1314812153409277,0.10094835722467807,1.4981262383683012,1.04291392315805,1.7238344835071888,0.056863621280213966,0.12087375381929905,2.443744071824945
3179,1.3228774272947081,0.4232429057492238,0.6697663669436091,1.3777605494517988,0.6157536023007532,1.7829579007686072,0.13281012765126154,0.11185228248475267,1.852320191164781
3180,1.9028707663036624,0.18785113499513492,0.3604964127929729,0.7156995300707432,0.4129812227330175,1.7644544406958622,0.10507412579415353,0.08941455536372742,0.16657469435916405
3181,0.5672426574138787,0.27235076243196477,0.22845060591841354,1.0181158757065614,0.2505963790037174,2.578145697263574,0.11914972180411738,0.12435222637803359,1.4554476540724655
3182,0.43926123960186214,0.49214040829339306,0.367517829751513,1.0032300425896064,0.8963378119688212,1.6215274250011738,0.17014744893589068,0.06558583436138904,1.5907214260799436
3183,1.0132118013469509,0.6626975678419087,0.6270571378357928,1.0036765797918232,0.270003855474114,1.839731623191739,0.1065550163094471,0.04342392998059762,0.05832677262068786
3184,0.8108506856150397,0.47179529462544967,0.4976254973687854,0.9319164100298598,0.5493268915237395,2.361958640817824,0.08564272115912216,0.08838076498360102,1.3431186493011573
3185,0.22603543549339672,0.5323382574588585,1.1179105542615333,0.4243164419445943,0.45205417459734965,1.5343409116056699,0.11338075685657867,0.08192118592896483,1.0571178483640953
3186,0.9265849150567007,0.9050006223449849,0.57933179360857,0.8259071972626102,0.4771993202094617,1.1527824220155312,0.17290995856415114,0.07698415518486854,1.733383728078217
3187,0.6422990544619428,0.10405382294509077,0.04325377185700552,1.6669185574363405,0.5803314579688834,1.3986518769057779,0.17707187156086127,0.1144582657247338,2.0596888603777432
3188,0.7724572470979094,0.6226043117472215,0.8693743553198019,0.9792092909546437,0.311290883493748,0.8203476759783919,0.20131076743454607,0.11843401696782538,1.2536968206906967
3189,0.5970186259412322,0.5093650119534746,0.22501677304531623,0.6087524011993097,0.821968886003601,0.9433866057960757,0.06386153047673833,0.05182775040870351,0.3887293792030157
3190,1.2169147414972834,0.10222304446760747,1.2834870536117853,0.027627071462273167,1.0637376252244928,2.6333537675090515,0.07341236399004751,0.08791935600583384,1.1974646213084104
3191,0.0636048854274533,0.9824566503270833,0.3166598139340035,2.3687340843453404,0.5580325392255349,1.5146533330428507,0.08904669145756547,0.10948890568912456,1.9840980514967494
3192,0.4621241995205674,0.5063490856512168,0.6379822317370099,1.8542773071535308,0.09738543155929452,0.6249898823818045,0.0485359851471937,0.08530703019312479,0.9301277942178902
3193,0.12574265183495836,1.3670846835027877,0.2958576005211373,0.36795199548534174,0.6322853662594052,2.2264036523190285,0.24077536234528613,0.1548722559636845,0.39747445295629225
3194,0.5781510268899466,0.2159479849663697,0.6755257909038216,0.7514248172991294,0.0880727733285806,1.1058952732059346,0.2508455432438201,0.014966706418888573,1.2259778491927653
3195,0.8585791282912403,0.14043858472666598,0.2299155433831569,1.8323885285095765,0.4075519975259989,2.702381604185022,0.17722569238530023,0.09951777800894594,1.6104516772850626
3196,0.04827752291742915,0.7692896787419303,0.5025085379570993,0.5689901968624382,0.3148956620748511,1.6153396525916108,0.14700721811480474,0.005926842500359852,0.1888801565831969
3197,1.0414341884243825,0.018085480111533603,0.5658409675424872,0.19844915931860996,0.7108557512009379,3.0546229931342213,0.09400227142720621,0.08383624209157167,1.4426895219611635
3198,0.7840010923843397,0.3191881038548881,1.0553173528130206,2.061675436520334,0.27643464435083676,0.3553238330346338,0.14068163009752704,0.13185220375254647,0.8646578104229711
3199,1.13943172570706,0.38197377290525286,0.016608755245593576,1.117313678435876,0.28039146799754433,1.3064662472521968,0.06915160735530064,0.09923820846256515,0.6648799695835362
3200,0.2506566874474106,1.1753593990369398,0.2418615073198121,1.3147984209966315,0.5148851658958465,1.3259442909961139,0.14415627759999416,0.02358479319091554,1.7892459608679112
3201,0.5751214577749937,0.7694794049221667,0.5357864114710296,1.781175093452747,0.12172194186249391,2.562521647805206,0.06959873192658723,0.16318988691523997,1.169341470748018
3202,0.2271614070720515,1.228107248153918,0.3818590419672,1.6986848665703327,0.3610450225242605,2.3412734296126176,0.16402936228195897,0.03549831325173912,0.691635200049949
3203,0.45633838653534253,0.04128264436517881,0.426997557144608,0.5827123267562297,0.7466966444363126,2.5628554866046374,0.08062965638694927,0.06700680409811031,0.8433269465489984
3204,0.202640619663099,0.23789332600562813,0.8738788832188288,1.2301241846816935,0.5723478165544599,0.9962746449711327,0.2766381468640379,0.1362660386247927,0.30440871073410003
3205,0.37139891869785924,0.17527684710829067,0.8713122225520843,0.38658796736318446,0.5409198777311618,2.441466507116057,0.044053766147540876,0.0562411323666514,0.5722128658960928
3206,0.6458803792398025,0.3336796444374386,0.2970422684555795,0.8294829348100872,0.5006534481026309,1.1378657261057201,0.10454850668603566,0.10171481984622367,0.10473059371128768
3207,0.8493466482682925,1.070964036378136,0.7592645483398942,0.735418321212527,0.692363984877333,2.727827063459973,0.1333865909257851,0.1256117502357641,1.1243956185899295
3208,0.6501839600255985,1.2792410656418232,0.5859306418073629,1.147574127516056,0.5064624244716821,2.0721273135913214,0.198245319346772,0.05334454649310413,0.9423557879911242
3209,0.6829555475973359,0.18253717897145613,0.061307360461801796,1.351942312461532,0.49301414305631663,1.0291556315839498,0.18534576915701267,0.1601677048363433,2.1042867610994858
3210,0.7436503608512404,1.2544047843115584,0.20014561050874627,1.2489194397786045,0.8438389572493596,2.356936369350344,0.2283822152129952,0.09904868862005117,1.31782939831518
3211,1.0929421516914395,0.7295132506246058,0.29884731118555113,0.37746085142162655,0.5098318128404998,2.2181627710430356,0.16975093404154573,0.0998377472960294,1.9924455776827503
3212,0.9490686248685409,1.2319593662761281,0.15075685468140387,0.17560845970857553,0.7316588885517291,1.8284765280266577,0.034458456630007656,0.09816108495825797,1.3056217633777716
3213,0.5003405783526,0.02070786192684232,0.5921054607515747,1.9575137399388471,0.8439852299277542,0.996973705290058,0.17625496466617177,0.08057805595497025,2.3136651727281015
3214,1.291458383644501,0.31226207792695343,0.1807931355371234,0.7458999157486116,0.5262253872509571,2.913550137758497,0.007689595617291017,0.07075271279866607,0.19274866159416948
3215,0.017579759630668712,0.48418993959040857,0.24183226593328538,1.1089670510587213,0.934784686558652,1.5812713799750844,0.13398033188362296,0.16957002966743678,1.3576883469972019
3216,1.2195123031196284,0.07991744025745195,0.5344259247191325,0.8363768967518997,0.46010699464763305,0.5972375628992248,0.20668886481279908,0.09135885636424286,2.0438474651767358
3217,0.5556610350131705,0.5978056100082503,0.7788145589415391,1.169639608207399,0.11708081519860142,1.6808449536214085,0.09066050779622241,0.09002612169726501,0.7100933762309205
3218,1.1386836163062957,0.45337512927700124,0.1831158024094658,0.9549990380048127,0.6795566682976626,2.6168292866257223,0.14802786038480995,0.08233560541634505,0.6389850417701132
3219,0.6924584857042231,0.45971339981542536,0.5672229785537786,2.707568515323165,0.7400979064550542,2.204488768797887,0.13738388061043552,0.10304894134953074,1.1211640979554514
3220,1.6244537933918743,0.23789219049951832,0.05293468425553799,0.04834759941374067,0.6916213688758477,2.130522186478622,0.05815167983015582,0.0654284329926006,0.7222916791373489
3221,1.7270088204553296,0.2192104940686243,0.5629058789767296,1.408456791929147,0.4638561605801764,1.5111140414711621,0.0909812828729884,0.08944585965168975,1.4074012261851832
3222,0.5066027171953262,0.10649077712659971,0.7120214915316804,1.8632141701391691,0.38173441040325906,0.06195057677022553,0.1500434119737561,0.1289785287162432,0.7587635110832325
3223,0.3783722271786294,0.16528603719452736,0.08369808558816655,1.1119263995832718,0.330708050652016,2.2442949426256096,0.0662258586903391,0.14243714078697275,1.130264944813763
3224,0.7824712018663236,0.2676143688645718,0.3247087142992206,2.072793475967289,0.31723693456918056,2.1216851863536093,0.15807693298278291,0.09494889278124259,0.830063826763008
3225,0.30513620732221497,0.7975925762142217,0.060840273282545154,2.353032919415632,0.35666207552206414,2.1809475521409616,0.07750714551513586,0.036588149079824675,0.6882062470453905
3226,0.40224124239263553,0.18714721292852077,1.0468916822606684,0.9582020501454641,0.7109880076367301,1.7416672268914088,0.08044453459929217,0.08547509332653677,0.1612668303951944
3227,0.495842868217632,0.055523778462695295,0.2339157304025506,0.5448473872708821,0.6489455113345086,1.1201873114622967,0.12016272482308116,0.10023772035419364,1.8221992154766138
3228,0.4430002606575223,0.34955971366004507,0.17205737355635994,1.4859581134804203,0.6334598940673555,2.250508409633026,0.20916682092292285,0.055394055987821884,1.2567326376240104
3229,1.191388605779427,0.629820583467741,0.6800127446144072,0.6945043177117933,0.12010932208708486,2.632897092188009,0.20744537059649465,0.13094877760969167,0.3133416259782601
3230,0.5130704877399858,0.9861055168862496,0.8360876893844114,0.07872067242428149,0.5945080278115278,0.23060194185744276,0.02844958809371645,0.1211585368365689,0.8089703060383965
3231,0.5799208738208408,0.1734692087285031,0.22942803216754665,0.5407461723902343,0.49058101654069014,3.476095848694073,0.050931605393900875,0.1126650824233705,1.0407207802482392
3232,0.26170777257584493,0.4192181855194698,1.0633988127786878,1.090461227071319,0.6753418313437544,0.9020670049406604,0.010438236442720725,0.15888283096392242,0.5345872302545915
3233,0.2708974185245844,0.3408916421469553,0.4745861210072302,1.21199799687239,0.6209093660483056,2.009927133059751,0.23035790243729734,0.11597793646269157,0.6989224311508825
3234,0.15140227133268203,1.5381819019105372,0.37777966705561383,1.1720702136242864,0.5494241820103772,2.477355824951974,0.10466650939038198,0.08478133643738006,1.613600078406332
3235,0.29370146996394036,0.8515196828163545,0.5560444546711293,1.192312058870209,0.7961254458239474,1.7721274086817191,0.06972027606652188,0.0928183092868992,1.8741953070763255
3236,1.2107427677488345,0.7292539289276238,0.5027681422922528,1.4975571876315459,0.607593050251674,0.3226168349710794,0.008003737649857748,0.08942756652337047,0.21568025077441488
3237,0.17317653776063974,1.0994629076893867,0.15495838022639827,1.3407867109271543,0.4134777093950487,1.1155650588497852,0.1442945259010049,0.07227121998574146,0.6487655561183954
3238,0.607292018548782,0.2375041086988095,0.610636468019718,1.0914572737336576,0.3533860288374906,2.5775411245358275,0.017273187487628267,0.07979493789856783,0.6391212520854624
3239,1.1041270346489989,0.17316067367987795,0.39392360660467646,1.980251276313855,0.9026228615129299,2.530393248686625,0.11511103630000383,0.16683572567129915,1.6396041794445777
3240,0.00776232076814376,0.7209303744688751,1.0818667431770632,1.844918466218549,0.3999449925694847,0.7769240533959486,0.20161746707060585,0.14242625039991216,0.8512713768666481
3241,0.26713674114322333,0.5002432066545713,0.3484007513685623,1.0489595401608929,0.25854348245912234,0.6319670467003582,0.2181993531958175,0.08169258862998598,1.0018519596008464
3242,0.2640984168611036,0.21967735051787143,0.7048785810051416,1.2557377256600217,0.5294500111811697,1.580862930937899,0.14713319222053908,0.06138549206244828,2.058957878578755
3243,0.45513742826848047,1.08268392636332,0.3706067922440776,0.4476804323776552,0.5553035705184508,2.3635385968870875,0.08879948518189645,0.1015029753799137,1.001100264712413
3244,0.8048304197619531,0.9249424388801959,0.23468349236374958,1.3274460387842213,0.4072052697161857,0.880825173832567,0.2957996669492477,0.10711618240842746,0.1484441845835679
3245,0.7639408923199418,0.6467436627419094,0.06391181247944744,0.8908395663328061,0.6225410422404033,1.8162113077496351,0.12427798853681259,0.09435992649319123,0.509069925896551
3246,0.08283420191747876,0.20426886816892645,0.19682722113028409,2.4516762121580227,0.7845188706749878,3.936273497541719,0.14340515397305206,0.1235754689543308,1.072662559555973
3247,0.19344845000615862,0.3808860550515658,0.4257254439267055,2.165576161176147,0.8310451451684177,2.7867505547276594,0.0550794966435689,0.1027725658434626,0.5159471425545124
3248,0.07654156455805664,0.54488436675082,0.07535559141499815,1.2076800193764663,0.11588408657230487,0.15883187052899328,0.11669522864509901,0.07839476535881448,0.9190211408153226
3249,0.16299435775431126,0.7763236246078882,0.15250534727325313,1.438693114323984,0.31125567537794663,1.366017803801474,0.02718940843944194,0.05341427354321184,0.5938335791697117
3250,1.3406830953070297,0.3486756396179252,0.6214362724368834,1.2356398157871133,0.6535353467523399,2.0097614484362403,0.10506134198337151,0.05777971351836065,0.6269851630583095
3251,0.43335591057032596,0.21121379165474308,0.21835396391019715,1.0393526784364293,0.3735920110072716,2.3546452100201485,0.09350772219065051,0.09355966282629512,1.1145755214283868
3252,0.9525046937795905,0.39111739840769166,0.2288716489939544,2.451114290647851,0.5672501380666483,3.3757840020695573,0.3059223983295668,0.08350687898479504,0.7925693230060743
3253,0.7124306046837702,0.567845445458838,0.41490062093456126,1.2680656120031208,0.445711587008465,0.630408297626698,0.1753156270358937,0.15290413958822516,1.5758668856658158
3254,0.9095731404730949,1.701377250955107,0.022841981400530176,0.9122697710414459,0.5486664187292838,2.303746597576147,0.1156251478869509,0.0676303820133665,0.2289829081971665
3255,0.1487878462153067,0.4976942270361136,0.5745186123851795,0.9289635064196183,0.18829141982312475,2.732553189239244,0.06872669632691786,0.0786206764087702,0.7378193091642195
3256,0.9602967018854975,0.8019364230679705,0.563538647193449,1.8288368253282397,0.32850945737401227,1.6761624130957655,0.15007178336542254,0.07966440360973123,0.30434092035777993
3257,0.6790261117391714,0.16916836980666777,0.4201458643963135,0.5871766805686389,0.5455952063230195,0.7123572969323492,0.017578040615292723,0.10335611840946414,0.5678564556850887
3258,0.0234427043515279,0.3714424668382238,0.7083347987137507,1.1514180763891186,0.5657632024600971,0.7412168359465174,0.14990918606219406,0.04960525307726749,0.434291215807179
3259,0.7004990997107781,0.16206320896640095,0.5566504239214671,0.8520726745760924,0.6926128842658444,1.2443933607365472,0.06373162089914844,0.06543313367987193,1.5312692267744445
3260,0.36425609142969495,0.5079237247193137,0.8405552594436596,1.442090641300731,1.047641178424708,1.7065362287093457,0.17328125026747834,0.022249212090761764,0.7036399305814738
3261,0.09162696552744029,0.3286360062930704,0.3627879945257939,0.7455832353282661,0.476294080842873,0.9554923909772091,0.015707720278451923,0.017825330886695995,0.4946254182890365
3262,0.4005398850101275,0.9489153937447288,0.17429811393718264,0.8107508108728634,0.5012301829466427,1.5989152723217208,0.07492911683141285,0.09340838489618417,1.0084856921758514
3263,0.1628433081932698,0.5981279867883904,0.14709021936007433,0.9221107629218602,0.47137913353725464,1.6685694150626356,0.30181175702104446,0.09685833393108505,1.169587132359259
3264,1.068429531715737,0.35042106621152974,0.4640290212783864,2.1602972500681346,0.5958398446033814,2.163419082750879,0.013227771974710756,0.08512529128372612,1.3121825290728224
3265,0.23850273676979294,0.6751288588902227,0.7249237033580869,0.990130961821396,0.36342454728458023,2.0842659559546988,0.2578768047525273,0.08954377925522906,1.7143706290598537
3266,0.7477468659134285,0.1030591471007824,0.2993156546633892,0.7532892663795053,0.5137635108638356,1.8058220402743157,0.16446838888022683,0.13236452687321318,1.1932365874498836
3267,1.7641548476450757,0.20842532095006894,0.7396663949528064,1.213875239101398,0.7272656948737899,2.8519607506928017,0.14492737346348591,0.054434999199812706,1.449947768799654
3268,0.28854701023323187,0.6174755426070424,0.8311588387346621,0.7562508079392263,0.5042127849630725,4.16291917344431,0.2384472277937837,0.0983905704585068,1.1672557872816713
3269,0.6972838727951971,0.061598100555077695,0.22938745882977135,0.14806934264659255,0.6534312759021486,2.2171534595097016,0.13436630216332485,0.08089863031725088,0.7830129284624757
3270,0.017441171691517543,0.7450445661694687,0.4155305810639718,0.6331429659318405,0.2899188355756493,2.9957621699888892,0.26960575475889725,0.09262183255129182,1.0217547351649134
3271,0.484102113905097,0.3502699849117199,0.4781722289852746,1.5303371726906985,0.33724489695372134,2.7778793875250223,0.22680203452441833,0.047849662545548004,1.7774616350359627
3272,1.1178679902263655,0.959459248920526,0.445134134811686,0.5659191876074043,0.6089527048664038,1.967137646752922,0.23750056570351868,0.18996100641851693,2.056793580385136
3273,0.767253310904709,0.7664094732746347,0.13637648294625881,0.907200745800796,0.47759593242787846,1.6799192306321884,0.0696590158671348,0.07694516185870752,1.8850364033805913
3274,0.09641759440914949,0.6134084079008564,0.7380952770975475,0.21627582758442798,0.5727574634965178,1.8042682248054323,0.04785832581994863,0.11337932463200828,0.7022576821292466
3275,0.10249740077977929,0.6532277173039861,0.38879836791024347,0.8451532716567742,0.37115187847247055,2.6224785472136274,0.04426044306269436,0.08484238185635776,0.8720133762628897
3276,0.03699041160300531,0.36768893820204335,0.21995340591243673,2.02163336093826,0.4833352947756818,3.305068884287325,0.03243713543569905,0.05462963504038967,2.0515734796121605
3277,0.5216445596387552,0.11692501148688014,0.06349716217224127,1.4685207581810635,0.34771415097696545,1.195245035987822,0.09280661131560597,0.055629093402342594,1.2849422488645672
3278,0.5747368121250986,0.42753578720038465,0.19494347315705815,1.4038275111544916,0.5203982710304528,1.6633852454296063,0.005113080219894747,0.06392519461226978,1.251341288398978
3279,0.7154907899696777,0.9719934327890098,0.7889190184861989,1.2946975362678654,0.5860813325351144,2.0410777632295805,0.17677927683854422,0.13406857373519462,1.5782142474219802
3280,0.03122671115474443,0.45604458394792063,0.021504828400001397,1.1253534094297277,0.3198299310739753,1.4723701436010441,0.26182511144977194,0.1114525615184855,1.2562776592931209
3281,0.26238255004765076,0.024923197826281662,0.38636310308194205,0.8160068073285486,0.6391852543924299,0.18443515172972424,0.08585482874378422,0.18707113365946826,3.3907846050673958
3282,0.9684156062746152,0.07215668044109252,0.3952165615616281,1.9069727049238834,0.6471755311235385,1.3183173646430968,0.15304973519736845,0.10671463062309468,0.5735131969869298
3283,1.221569274586075,0.47658791077566265,0.2482311004536601,0.7205574032496782,0.17544260590650168,2.4672022623742422,0.1138194887015618,0.06818126647000669,1.4303920337976646
3284,0.49637967291570173,0.3890602413022914,0.4178913416046733,0.5264980360111347,0.34549771314500544,1.273494138698951,0.054127651828276536,0.12722022670749275,0.0023202829092987542
3285,0.025517478797181525,0.4898043363023156,0.7548562223691053,0.7454348265175244,0.296501690699798,2.0036011478639892,0.13324789612876947,0.04929255287703584,0.9833502429507719
3286,0.2569609197615533,0.21250093671873174,0.5111644912239648,0.4103199500933491,0.388391464823036,3.6005288080966706,0.21246555102188952,0.08860153169561259,1.4311888466199538
3287,0.8838029533698972,0.556250385330644,0.2583284669587469,0.6702904647650998,0.8005876772349209,0.029772790135500937,0.14747980407668043,0.07088638497940966,1.2306310787566095
3288,0.7031249961155865,0.3496793668770698,0.2582021960475219,0.21325022315762954,0.8721437477985783,1.0483581123942143,0.18655646070137905,0.13783978177891004,1.4535290806032621
3289,0.4870124179693647,0.6762155849770424,0.3896645949465042,1.030606486248741,0.5733280069726466,0.7757840848049754,0.11995877581423214,0.10988097923579265,0.275310307213257
3290,0.6949731676032284,0.20267715400860678,0.3402929222639166,0.7022789418698234,0.35943081536529536,2.208855177672791,0.0377154086858507,0.08753670573776519,1.2978407027186567
3291,0.865018891624729,0.8474722237832559,0.48893776427081953,1.435804598450265,0.4106476239090978,0.7231349846288012,0.18071991993015774,0.04830477278385305,1.8241116416762835
3292,0.4932147865341823,0.4988433335203326,0.31420969892828626,1.1498311653191857,0.544409334587888,2.301556558947502,0.14377934784362856,0.11280290151266871,1.3057930126190362
3293,0.6491399681940117,0.81669633313101,0.7875715065086712,0.37691192402280604,0.4931747148609277,1.581507628134955,0.18655056080089577,0.11334592738557912,0.8093442503219723
3294,0.08130893256683974,0.2882083486287601,0.42597063441699745,1.3386747772849101,0.5492121254347777,3.0602471357151773,0.099118153001783,0.09138446839479825,0.5116450713288782
3295,0.15930291680722095,0.42143876102669425,0.5491470825563134,0.7245300810303537,0.5758418026537444,2.848338710654966,0.14232249883010775,0.054730976784821056,1.3445449815511938
3296,0.07105091794520077,0.07848926682350327,0.8799701988538234,2.4206935450205487,0.6261975130377226,3.470920091143661,0.3406143355339633,0.0739213501608634,0.5778807966803889
3297,0.8166431349679504,0.4763062941122441,0.32012599954831933,1.1553507379000527,0.48865206116829085,2.2010802333136157,0.1983353326343464,0.09474235214148535,0.18406788855905165
3298,1.1014980834651342,0.6072787152278516,0.6859885133760264,1.0033990228267888,0.01132357354784519,2.825287164536816,0.03678012119488472,0.08958031044534927,1.322725356559915
3299,0.5563732921415945,0.32935431921057345,0.675142775569016,1.2391477488074385,0.9326902430393855,3.0097513995435223,0.04964659903006819,0.09788060433929753,0.17305539218121346
3300,1.172156026891018,0.7665228484004905,0.3563252636399564,0.30030683419719784,0.7196522910014862,1.6688304066644855,0.14844974173476252,0.12136395247427711,0.1467540436089102
3301,0.7072330506270185,0.3809858272411868,0.6872372084813019,0.5707290879747602,0.5624011007071041,1.2140913633488974,0.2281080536467458,0.11958029435551194,0.9379032422929969
3302,0.772226188278602,1.2092063928180896,0.3317200305439191,0.33279463082576577,0.6132842333498386,2.0777304341536316,0.16099738482346362,0.07849507915899884,0.8929797418040696
3303,0.7538339793948095,0.14474077884999964,0.2367959253736855,1.7650801309128528,0.6888278492685987,3.420267974731866,0.12679753840027433,0.11138895303842428,1.0961490256671376
3304,1.0614180563331892,1.0196453736587157,0.5563754161491383,2.3717860548676764,0.31832700045258866,1.0120839222362763,0.12212625633381664,0.040451433018429545,1.8960281638694547
3305,0.4244443562273529,0.5334463612619806,0.18568198686487009,1.1669360198476528,0.581348691315748,2.682102782208381,0.2019879790636543,0.07193513078774395,0.8486198133119828
3306,1.415810669665199,0.546812573651147,0.18352711469382585,1.8894949205412033,0.4510331848867488,0.8217910690951874,0.10294713265458028,0.13413870432911484,0.7940466831274444
3307,1.8856094495974656,0.659103943416292,0.6211716740172688,1.8344570178905102,0.6469738542383007,2.498881699341155,0.223108498428936,0.15600583107392665,1.4472962236188383
3308,0.46366291647273217,0.7933894124716114,0.028300611169338907,0.4152572402580137,0.778063292762911,1.3734519198142026,0.14053831975150782,0.042517461731822394,0.5524034113298326
3309,0.636507253489266,0.23704162946900859,0.24937897278150173,1.3600890736358553,0.3415867158965087,2.0596928511339345,0.12933852675270996,0.10429759730731364,1.2464476325012055
3310,1.8387763656336018,0.959227170484132,0.5719468896856478,1.7083074307847625,0.46679673470185207,0.7701450892539375,0.07773635045108326,0.06967845349735895,1.0345040793212277
3311,0.2910120824381909,0.140002376558766,0.13876145934040834,0.34453355414049713,0.4362665452035144,3.1944077816564627,0.1789008123757156,0.11390664792990095,0.1777622863368874
3312,1.0957591102364692,0.4943837804721268,0.042856039558546555,1.6387102262099718,0.5720252956640547,1.0539542154893553,0.14844966418618177,0.1079535960923162,1.0420811882935679
3313,0.32887037449912143,0.0036775903242781682,0.10166356987721323,0.9688672466801324,0.7814181406894667,1.8550641688094043,0.14306830810012416,0.09157108213292775,0.3331770975297059
3314,0.7549616468313345,1.2363635054848223,0.5665460736171696,0.6022717215421478,0.4390387718852911,1.5349933354187835,0.13059272805872169,0.1497181196773943,1.6740832298954245
3315,1.047928732379634,0.45202896651252633,0.3923662832635866,1.1502484794796346,0.5494016815530068,1.815229699731079,0.08921488583338963,0.01361658842365114,2.1503994678140055
3316,0.02286716314530718,0.3522508383718878,0.41537091323789016,1.0863595216352404,0.37222582809104526,2.2344031603767642,0.08996338974726184,0.10805881671164884,0.48173347911526665
3317,0.03249573055811322,0.055093103953732625,0.05201759693045244,0.0028033173308568138,0.00350905767541998,2.32090909134763,0.12494528138805983,0.10433499972460197,0.9468730726870392
3318,0.21697226619417856,0.4415705404608028,0.43385775700825774,1.3727310182921393,0.7202469633259803,1.7336282351512708,0.14400527731346524,0.07056264671093808,0.5331809778210908
3319,0.12583707951378278,0.334017086426925,0.3813095831623865,1.1582709969062475,0.6280512693427888,1.6981470225173736,0.19254548453800252,0.11032441785421786,1.3814245470811843
3320,0.4082286390356349,1.4150785354615802,0.3210685833499298,1.9875760085979004,0.5868248424957796,1.00567947109114,0.13281647981444025,0.08675797821153093,1.6531325655823448
3321,0.3842027926105147,0.5909137533092627,0.41934653263161925,0.4130883396640692,0.9871243746405556,1.477956251033957,0.01650274044934595,0.11141876160055283,2.225458835083714
3322,0.019925956240515186,0.6831109984654763,0.08698605978313823,0.5754671062244682,0.9285080439927296,2.78281644038583,0.0715004166525457,0.07096875112808483,0.19298459892779973
3323,0.2481898095354933,0.6007627280209931,0.4701992242575421,1.0646478072130765,0.42136542504782815,0.7712930790460101,0.09716339270927196,0.04302299839888282,1.184674946297187
3324,0.5153990075740551,0.5713623308018377,0.005890536162763027,1.0648076626482648,0.6142049708809413,1.9609816337617865,0.33129815984056166,0.07428418076726045,1.39375522793053
3325,0.3664336428345565,0.7121360177970697,0.7272995758940384,2.303585684614324,1.034344890647297,0.5418172414643874,0.12080783143106531,0.10353967838302527,0.8368237899273304
3326,0.22353098846017477,0.09613812804903532,0.5495089058805351,0.4060539101882744,0.2912013345293558,2.637807096846201,0.1859649023500757,0.07959319855971266,1.1624116873551071
3327,1.728182451412677,0.631847671801827,0.662285852410543,1.590587001556043,0.5245119807339571,2.489602923171998,0.07549401521208497,0.10920800208882941,1.9069503867776756
3328,0.39625593999756376,0.3657853627761777,0.4695153967511558,0.8982786535792303,0.5055273280859172,0.12933989476641972,0.028954701842304267,0.018451620066635532,0.548744300639725
3329,0.3474192661579941,0.6118597251650129,0.013529329677176682,1.3622127768235148,0.7836966889611353,3.5252436363101634,0.07513929680698495,0.08366738675583474,0.020199182922375658
3330,0.2303663052625064,0.3148772105824631,0.4748564596526695,2.0644104485464227,0.7755118843920896,1.9587270508600907,0.1600555131885496,0.12633913531351265,0.8786785938900313
3331,0.42020933586192777,0.2787754293553768,0.42444921510820366,0.44342508351792786,0.8695526899070052,3.9936173455597883,0.1274079002470434,0.08755726676326056,1.708621102454849
3332,1.193850450516853,0.17007044274358038,0.18564493534243467,0.5073776174132842,0.49741521948774003,2.1884331953582112,0.10606414327692743,0.11098299644923362,1.82252239986791
3333,1.718906754870911,0.09091249240521909,0.9685924827229802,2.4702554530746794,0.6252648470158108,1.8720286835729578,0.12103825880544088,0.1356092887303162,1.2133307509422522
3334,0.3223379795989415,0.09002618393374895,0.19373214399909908,0.8148693821724908,0.5786538073813836,1.287289225689736,0.03761086003094427,0.06153165474517925,0.9441479845752376
3335,0.35769821768472565,0.18227469534348759,0.4766898579349434,0.086254465541734,0.11437742603919554,2.025141110704307,0.17496271773384184,0.08780031426118497,1.8552572627709236
3336,0.7603429094063124,0.09347698570586926,0.4601875626561351,2.106187376875287,0.6216241213417888,2.3676883685404855,0.13330622077871662,0.07572097884340738,1.103846673199811
3337,0.6768160808896828,0.33810635846215537,0.3442706514091904,0.1601294465483568,0.6277524062383629,2.040196443174426,0.13403385672548027,0.08264598651885319,0.08299984384949288
3338,0.9288399032404158,0.2636876479834066,0.6305589500199364,0.9327450378132123,0.15719304967262782,2.090826800578134,0.06525125837032084,0.07195458216962274,1.4696162918043862
3339,0.3013530296453522,0.59414546026072,0.7178660749503609,0.9692211424403644,0.41591553025601846,1.3695920221304834,0.030757612364643652,0.10298169473384225,0.9024331317184751
3340,1.322843882004213,0.1184768244085804,0.21865447743198135,0.5203306194281806,0.8663021245394575,0.7184972185805255,0.11793699329061044,0.1353213192760204,0.1649439550573505
3341,0.2947915769279656,0.9611581117912116,0.4390368652146194,1.7841123200125075,0.40364495395836364,1.4430680454616762,0.0608224823507776,0.0729220536981734,0.1451791122200955
3342,0.767700285735297,0.4889374937754007,0.7513750479947859,0.10064111367773021,0.33242312061546525,2.660283594955966,0.24260448081230562,0.04662597219240755,0.6940847321317122
3343,0.2493683166757437,0.2737963887174978,0.28710312876137195,1.9533088975794952,0.42558827027643115,2.1452338243356097,0.026647582386644497,0.09474465634851716,2.2844241947848953
3344,0.6583758595315166,0.9169869635669272,0.4127889150213334,0.04798494886429061,0.5037455567471605,1.9707609248397484,0.014344390155957953,0.06222233245261877,0.7350213755790383
3345,0.41021859813527894,0.714000913492759,0.02676540356492524,1.2283202742018404,0.2398302476684041,1.5005942514411459,0.21652184753835962,0.16368073282319306,0.6824028554171059
3346,0.838479466032299,0.6019198597716204,0.9596289950657153,0.8996156189758994,0.42964604167538634,2.4559547685602197,0.13885786503141062,0.13645317921294733,0.8612594829948697
3347,0.5452780273485985,1.365928327377959,0.423627943797833,0.996109353138447,0.35145516977507074,3.2236940912331997,0.25959564898880094,0.10757915506644805,1.7200789249663622
3348,0.15504752018264442,0.3790298021729931,0.347876789711131,0.8534320148169009,0.5156883778939416,0.8424916632640105,0.1644507844072991,0.08449421984402845,0.532125789483229
3349,1.2108198383498925,0.14517664417346043,0.8816864494297048,1.1210225249024726,0.3708483967343977,3.9827525631459553,0.05058002879817266,0.12627314072929308,2.7113475855561915
3350,0.3010891757615062,0.01625357565141544,0.5878005305744534,1.4303819433676908,0.33031117727942044,2.1855619474592265,0.1593914642439908,0.06988226041435776,0.7227302136600255
3351,0.9980358131863856,0.24218423764367425,1.1639603246439132,2.2593474797031194,0.5791581408094935,1.2305998866424874,0.002959631761941167,0.08103786062392335,1.3760145624902753
3352,1.0013946422008302,0.05362649787202989,0.27246855081172927,1.6766318200421426,0.8481359531797719,1.8467956311680758,0.11195367979219005,0.08449319532017262,1.5509452361687246
3353,0.6725630782105297,0.38415196998885315,0.461113858085786,1.0258449049449254,0.7363479716895863,3.458831905062736,0.07968915672421986,0.11957248379823117,0.7562667806491115
3354,0.7776121227836689,0.16576408635397125,0.8443337467610456,0.24933008904699372,0.8439573674265719,0.7181503278930784,0.28879678465364106,0.07267657020187518,0.862583499723504
3355,0.9970618200026702,0.5072947877943341,0.4452476017996802,2.2011097388634,0.6438905377314754,0.55787540381586,0.10946160151490231,0.08510079133018546,2.167916539859493
3356,0.8063295374574058,0.05334073680289575,0.27805064834456367,0.6858208094548579,0.4859413575124721,0.7856051478842593,0.14527611518858857,0.11262808163744711,0.1659002281331715
3357,0.8142267845931546,0.7724764775311456,0.5683982833589716,2.0661275523002853,0.7688181193520034,1.642062214538928,0.1258389872248019,0.041962842717220485,0.6032956690058728
3358,0.13935907141431,0.29966060757237817,0.1356058373550036,0.8625426967855773,0.4123062706455668,2.65132622434054,0.12654762524476026,0.10881029684666185,2.6199370967843336
3359,1.0984003320695963,0.7215890312079174,0.20224690513998703,0.3874465743440956,0.5378862413055081,1.1634442618199863,0.11745166127899002,0.1224242479746537,0.6540343802820832
3360,0.15397604579712065,0.13253620640040623,0.6218653316662544,1.0830629935837208,0.6963469938060305,4.4483483425775825,0.10050665492235356,0.12517466896796026,0.9220684164099591
3361,0.36769226273734096,0.22956668145421721,0.4823245428519377,1.0377884621632383,0.5913605447751346,2.596404062675397,0.06867504003832363,0.1537640672550801,0.43946555389768677
3362,1.6689966956479783,0.6688830405367228,0.4965140558041534,1.1854430076369589,0.2902905731869498,1.0701794854704334,0.036785577485224985,0.10787041944400269,0.9779224441403003
3363,1.2639978400043985,0.06128471723528972,0.44293189845719416,0.34109192564724966,0.44980087111400086,1.7048222183610282,0.1687612898709678,0.08406578969683248,2.219040277058685
3364,0.573653800601349,0.7317973508632126,0.4752669918606102,0.7931511080657837,0.8010041286062962,2.3740026409302644,0.05957699440636913,0.1122862608129302,1.8312786289768095
3365,0.05684452968873052,0.713877551798882,0.36645186701995563,1.2867332693656424,0.36989233292726387,1.82241545256262,0.05250160955921321,0.06960632803958262,0.21227750494556474
3366,0.9776764475298889,0.13746644271752698,0.5482790610817053,1.3863897228488564,0.6453988393633544,0.878183520853555,0.08789142797912085,0.12227746734590451,0.81785425294266
3367,0.41539314293913365,0.192964550577782,0.03838549826268839,2.0685848034789784,0.6565583952484455,2.0469994460589627,0.1908104803875802,0.09416957556358471,0.36922684695329483
3368,1.3790036679680706,0.38956252828731375,0.07560986550980703,1.4097461185989275,0.5492300611858073,2.7486643055095783,0.2206024612613352,0.06271569015185832,0.42350956783704174
3369,0.5812967439840414,1.0398105162481146,0.6928366073256602,1.149120897956069,0.6301324507365373,2.254235819979578,0.249744143539622,0.107863632320578,1.339756477548871
3370,0.3386373588353581,0.4788451606520776,0.3440970446449957,1.4189577530517041,0.5494668164051019,0.8401843407635449,0.06579842797790106,0.129734950781304,0.4585452421869121
3371,0.4477086005542594,0.42991956378227686,0.6451837121298157,2.2850695286351086,0.4972701752488932,1.3378210786138753,0.149976504534574,0.0665998777880283,1.704927611745534
3372,1.3538000718568874,0.19435941639257123,0.0598432600793104,1.1484186251313546,0.4858138504612671,1.636645323795206,0.12416968755868822,0.12089305668240849,0.47714397642305856
3373,1.634114205465637,0.32527744794545144,0.8077497304037442,2.7217847365701267,0.6389937887679555,2.083039127825564,0.007142524291222266,0.050218136871776314,0.5705810747541168
3374,0.5319311085231428,0.6201280449041068,0.588686658519576,1.0028221126931318,0.36559160756793435,1.2950382465756727,0.16253211988764915,0.09219806269324414,1.3342474999030116
3375,0.9838319682487255,0.46439785680548523,0.6735057396663747,1.0061360107865922,0.6731296558934685,0.9039195956985522,0.09378583880356481,0.12098960881759165,2.065297778411808
3376,0.3264046400101206,0.5871725959362141,0.3567796460393383,0.8740127477442928,0.4742380254380351,1.902362127403513,0.18092135075657265,0.12060582331055501,0.8846771728119781
3377,0.9307117394605005,0.5999410089128892,0.25625397279800954,1.295950204202156,0.6712279135592695,3.4200533717553827,0.08310005237225786,0.04093640710676166,0.22037124804261066
3378,1.1845667408980738,0.4687228953881964,0.8491536070152794,0.3497120297033687,0.5440856150390694,3.2040853424849276,0.09007643539008703,0.07727942088588242,0.9158651799789866
3379,0.3351862893251438,0.44677104256166694,0.45008816017541364,0.8221160738589114,0.2948854250397078,0.7303362025965248,0.136283630494566,0.05121074422832263,1.6283050543796038
3380,0.48850826949600246,1.0483032291679915,0.196414831216833,0.26154928723193105,1.0853810571767322,2.7159552912847134,0.03549622773550311,0.11793604814591738,0.2778008052819506
3381,1.0193829560175236,0.8217613408886928,0.5663337856987462,1.4405880910563695,0.8740113871884865,2.63331160119035,0.321055283650823,0.0624114102292122,1.5056938242375606
3382,0.227006352831904,0.384711724212908,0.45921717410979823,1.4383741426377985,0.4786574481285516,2.1566429442494726,0.1577869194858948,0.07202897382754912,1.4310986841140299
3383,0.8574715039338319,0.45990878183203676,0.0025632363589188634,0.22413895021756947,0.7806876453130764,1.8999679136195982,0.08301485135244345,0.046057496465372084,0.12296093035662725
3384,0.23415966263156707,0.5986118015669615,0.41212789763220425,0.15079402814221898,0.9337403221556259,1.9723906685587795,0.26407784836828346,0.08004795598816629,1.0132071675923129
3385,0.8605305654108306,0.5544084094471549,0.08202086285322072,0.20775609883190926,0.7207131023951003,0.5650170404812811,0.26733752767932867,0.12219002514370592,0.3202484802771378
3386,1.4601929356732215,0.46177604826804036,0.06292202886917636,1.1467603165347084,0.5732277465827406,2.1207967252776188,0.09034194970386666,0.08179726844557508,0.15925722615293636
3387,0.8950250071489365,0.35705243473298964,0.5849772374525208,0.6122961365442519,0.7246930862906664,2.54067128976052,0.09569686546902956,0.16710950705492,0.12182665899839229
3388,0.3544126254530584,0.3498257269069069,0.6145856612890364,1.7222846283112907,0.7996194945604672,1.3441323514640895,0.11134970625873168,0.12810811534635913,0.6133868595521309
3389,0.43446944306861635,1.0009643589145398,0.20749145676207142,1.554963126123036,0.7642159504185939,1.4717290527029105,0.1286796148995837,0.16280428860665502,1.1996841631766622
3390,0.3871974381397149,0.3115686810709087,0.018627297305749746,2.4078416804014835,0.05048364899121455,1.505097418659124,0.04871579413836821,0.10796557507468806,1.3847746504655278
3391,0.3585869665413876,0.017902474311808192,0.26189000113475747,0.7384621180042761,0.7883332532350746,1.56141795525034,0.07327080811407605,0.11471281383367095,0.2006605679665675
3392,1.0060375583364716,0.012896107146156077,0.36242101438795077,1.0677697475705457,0.6070092458696692,2.8891311404897624,0.09000375335700661,0.025618447900442612,0.03161664453879032
3393,1.0467246496524174,0.9294505678541833,0.7598479394789119,0.6679407235070848,0.41949651144165234,2.135073965167688,0.14133607792501635,0.09091238177815696,2.1488030536923843
3394,0.2989491386788812,1.0521775818693349,0.5647228449203996,0.00011568778734927232,0.3876343369133342,1.8097368326619412,0.14353754828802198,0.10943773872504263,0.7828676691869286
3395,0.26397532147792124,0.4316141496188073,1.0598013071649208,0.5108733573789023,0.21333667628607028,2.8724112739789947,0.03012988459723548,0.03529494380071322,1.5149366422537363
3396,0.07515768059633474,0.93561608697845,0.37029816721455583,0.22943689284905222,0.6886109011160466,0.5556543336681565,0.06595246342231198,0.10176841421052817,1.8667340144975293
3397,0.7115389220867874,0.3392814452832594,0.42110450855778025,1.3297465055750781,0.5720967957132832,1.6857943158342992,0.10325991057901399,0.12132724558359294,0.26663257529884776
3398,0.7225587617140385,0.2715429658664,0.22638805024583858,0.02299928553321895,0.7081393014310973,2.388270352077951,0.11762484023085223,0.09062436253868843,0.12470185725357019
3399,1.701625360709148,0.1420807076653304,0.3540361522003253,0.4331430388499644,0.4619613056296973,3.080389392723167,0.20198162482586923,0.06530109250327024,0.4026078213109804
3400,0.5749942983939298,0.9244485572252021,0.5400868208154074,1.098490081806442,0.4164066662233109,2.5575300472186546,0.15884100578214655,0.11575128783309666,0.840899453927291
3401,0.69730907096422,0.5253923255865074,0.792241459311917,0.12634778545397696,0.26838350975672554,3.7772877695710756,0.18583509015771388,0.06954897365758282,0.9588381803126791
3402,0.6820543547763825,0.28867349557376165,0.20766114420108553,1.8144337718276762,0.22379597734458645,0.5023748278347235,0.1515575167794438,0.07484597390676079,0.5537488659366891
3403,2.4998929183542713,1.041562908398718,0.2713139909060622,1.928645632347241,0.8941667288676153,3.5731802773757195,0.12062354279870842,0.12934481820620647,2.5617822896321987
3404,0.9937613382405428,0.09318252850629538,0.564128476877612,1.2567827069749888,0.6148112539017637,0.8612622821469441,0.2516357257633691,0.1369960262331181,2.006807013398522
3405,0.21097960033973673,0.7521085581307149,0.3961026730669075,0.12270441338135851,0.4880329278490944,0.27028173494125185,0.13931726830388075,0.09887621526189713,1.3394656820235005
3406,0.2322598420182175,0.22796111001637925,0.5107202366365216,0.5828719285146822,0.47098905857317097,1.4260713534672744,0.08843354094780581,0.12801042015065725,1.6077923288118106
3407,0.8860455646005454,0.7101027041434531,0.7886085956659825,0.22597331568724677,0.40681294170015314,1.2671044807472787,0.21523189180989394,0.10735598368631034,1.1211604236337576
3408,0.05880840114798461,0.3013328581515805,0.516683713603521,0.9979878803358453,0.2828333546071081,1.4279129301154694,0.17266258024174977,0.0868561035565339,0.3152020816827368
3409,2.5010180022610164,0.5522020508220902,0.20378934062870732,0.20525675242268937,0.5520816520170881,3.0958617890869866,0.06608637436268774,0.07846396044097503,1.9101103545080331
3410,0.34525403944855293,0.0018485841370034506,0.7691862541347971,1.4730941609705552,0.5012998213258533,2.390672984242283,0.048890796546653424,0.13673483421918997,0.007940037201200845
3411,0.0921450298862049,0.100250988214339,0.38734424100294,0.6253606886278535,0.25023049021473487,1.3657823501541226,0.20153742074884778,0.10915308126609474,1.0886515851620104
3412,0.5273642794445854,0.09882388363700265,0.1679697367906323,1.1044132926335752,0.15084203229382748,1.1865058839789702,0.15869187263770348,0.014091839908458428,1.3702145818030194
3413,0.22254678566920524,0.5601396539987729,0.9531185428505843,2.4323447883571006,0.37888569725244886,1.7642206071065014,0.17124099293121536,0.09212387266443155,0.8213999380462862
3414,0.11890176262906896,1.203648331572384,0.6488682851335599,0.7320485419854539,1.010855308557942,1.5641615669593905,0.08115128928177276,0.10447134581050464,2.5244150803881826
3415,2.052875392658958,0.15202250310440513,0.6089612106365557,1.0023607592421588,0.16996700520822522,1.0010714123496567,0.22405149748756817,0.06823404204873647,1.1301377941441033
3416,1.7294662916120873,0.04553649204911553,0.6051685147445018,1.1089055924836435,0.15522579899624228,3.5241405612097694,0.06840505667353267,0.1179563969492968,2.1619586676995635
3417,0.29883276448485785,0.31300153489819604,0.15378251022302666,1.7715405457874354,0.444184213324058,0.7045849455143083,0.08073665150279109,0.09606673599064548,0.7186497029626153
3418,0.11127431139297586,0.7244372894205267,0.4948923878790113,1.4875760653525838,0.4186962373353348,3.8079093098285366,0.22173709372866257,0.10347211783140631,0.3988271665962361
3419,1.117573482725184,0.782829618540262,0.7491848069653089,1.3986031257956484,0.54458872273726,1.537254191830859,0.06750185226012394,0.05214794049301495,0.3314440709135551
3420,0.13424687147483116,0.21857833646984756,0.4414621239119518,2.5261348063518105,0.5158006017416285,2.408785711628185,0.1406249132116606,0.05441243760058659,1.360952725208024
3421,0.8102783839189625,0.6204563784835141,0.3317011923582027,1.3855932491397291,0.9370503935940824,2.1845263024424098,0.05345540740449588,0.06788044298879378,0.15456516803104092
3422,0.17384415647935259,0.9399931369809964,0.5609255005294128,2.791430875849393,0.502271329143695,0.848623059128558,0.08535032259541002,0.06461807095504694,0.22769900708629587
3423,0.9113385009424404,0.842186673110138,0.3943492151991178,1.1865336557047823,0.37941437824006025,2.2598940789531636,0.04997463636363567,0.11257750776038146,0.8194524634962882
3424,0.38481931378661355,0.8191878950044326,0.3848358446606987,0.40235918814123006,0.5954818961940809,1.200280658091222,0.14959517861397373,0.06381461166636962,0.7791476129180853
3425,0.8578994626736371,0.35571248901287544,0.837314858849224,0.10273196827195286,0.5803230922226906,1.494482796665153,0.14568755709703846,0.07353262261973686,1.9940368863999833
3426,0.4896035044081184,0.3280638212746811,0.10642955544969313,0.1484998321987726,0.6632742358582068,2.2189200164685214,0.08813685509997066,0.0831134500420134,0.836446032757637
3427,0.38447125729549814,0.2183433318263038,0.5990789352386501,0.5807720639208908,0.41204802284806785,2.4043643596163564,0.1363096357234451,0.11354631707996593,1.43772056084899
3428,0.17136014913040692,0.41084391752960153,0.1383400306226759,0.4846165948460247,0.15354847691128892,1.9831750003437658,0.1932136581312311,0.08660154997898782,0.2886806956241116
3429,0.6310567247700979,0.1571926430902807,1.0023712965666958,0.6676758177054107,0.737572924829281,1.8282759606965429,0.2412165523960736,0.09395115736360593,1.0823189686443908
3430,1.1783692326787687,0.9579184852267362,0.6299261919596516,1.9220042463752343,0.2826468354306112,1.1643080336711402,0.39049051247499733,0.06856552428439454,0.5952835288235674
3431,1.2045269699839727,0.587926828110056,0.30998017889722645,1.1502126206368715,0.5820772642546808,0.6202768323382193,0.15269479710538914,0.04995818008514421,0.829678603512023
3432,0.4062192642187121,0.899778769215696,0.0947069498687598,0.836761445849142,0.8486018801599275,0.7440499853092178,0.22966062085078837,0.09142891878075984,0.3886755261819069
3433,1.0164724228811546,0.14981166491280878,0.24893769818677638,0.22684070713210835,0.8555705587053035,0.8404693341140431,0.12732092809387735,0.0641625839392676,1.9403376023663053
3434,0.8001118797480009,0.26088656978190944,0.748744079022766,0.8854567454301931,0.6381846139118141,2.732709214382397,0.09533135794724762,0.10828774211417641,0.5936087591348156
3435,0.06234045886749978,0.6306911090434384,0.058124986089801156,0.5340669679664972,0.6001503715956505,1.5240549918319246,0.08217739731994674,0.0669297207185174,1.300929231990432
3436,0.3568109283427971,0.0478686323880545,0.45828547257945207,1.0675313264444939,0.5368432405230269,1.7998295565447666,0.13414755987439894,0.13242208141636577,0.22568466558163358
3437,1.3113166492439225,0.5319295206294956,0.08323229219915615,1.8689592605027596,0.5696171977640777,2.1816778597916624,0.12924881804389418,0.08938984966368317,1.5548762239516778
3438,0.6254733539389279,0.4758916262402567,0.4287375579620698,0.42548154788299264,0.43505898660282255,0.9178087171549532,0.08605424721040951,0.10794220390009086,0.5641032931199128
3439,1.329552090111091,0.056820480673629936,0.25096617998280585,1.1053933760855235,0.7483974747670672,0.8015544042798194,0.12480483730757161,0.07994669790370998,0.9393420349421477
3440,1.5202447541976094,0.7809540737735908,0.5910047696258547,1.0981310880631205,0.6520588428531949,2.5088264651328114,0.1883068087631521,0.08809113691326692,1.255731103898324
3441,1.0810430684109356,0.051997704097875685,0.49432455396332503,0.7357360357933658,0.6626720923167291,0.9211269934886697,0.19677533624093801,0.08759986422917844,0.9105738357748195
3442,0.016780730492536866,0.019027816830544553,0.19514534626068117,2.055918130209129,0.38384850167994183,2.687381992691605,0.0411396146955179,0.06579431160790561,1.7785840615900081
3443,0.26045444570165144,0.6331895716185978,0.43618173372302893,2.3970776470675985,0.5002243191436501,2.0668128563015604,0.12008328807518774,0.10918715441514895,2.2310207766234305
3444,0.5354877724858453,0.407817008774787,0.3422704661601623,1.2830545175140735,0.49314738442748657,2.1881811818007546,0.009046782102465178,0.028732102147346325,1.8868407159589797
3445,0.8643792673014172,0.8685893111088099,0.09722171604591628,1.489489909175635,0.5541313985331859,2.1474073111545824,0.08963736085846763,0.06745608889246427,2.1690360274748617
3446,0.49893957113911946,0.25732687826780876,0.2512209684211024,0.8073865550439402,0.36336800109311,3.1744835599263808,0.1677834749345083,0.06870989813014616,1.0621212232265782
3447,0.793638621704114,0.7780400366929153,0.26058468020077313,1.2889790453345142,0.8676955040782792,2.397705076804699,0.22213193768083492,0.15986683231583598,0.008311598921373342
3448,1.0138875632240854,0.2809173264406454,0.28673641700852687,0.6496561482312603,0.5011664595867109,1.364103073173973,0.22643921266893507,0.06299818850511243,0.8454484776600276
3449,0.4914513680074895,0.06739119440907015,0.26533363243380204,0.5832773687690704,0.38686468119284473,1.0746180881677307,0.28360811775353406,0.034933247766752835,1.040060800779965
3450,0.6541443779650575,0.6849421248388401,0.7359733770431436,1.533005505962134,0.37864684189286046,1.3945720197750544,0.014163073951433763,0.045189004844613356,2.5166901708432503
3451,1.1995581658315027,0.1787629902092712,0.38178997175245005,1.182224148788853,0.4920031791801098,0.7328720480972233,0.2687542224702573,0.06553663782609997,1.0111373937435737
3452,0.11015167337311105,0.44303579498605233,0.5450925299606704,0.9316590244267585,0.8074985427300693,3.0354031815578324,0.06407161187483532,0.09335953025317564,0.6856570522216047
3453,0.5462843206350678,0.5633602880577006,0.18679167991414247,0.07838987697640853,0.368941383063693,1.2373860875623546,0.084654898652006,0.00856215938151228,0.9067145524960623
3454,1.178863850238253,0.3232248383626973,0.46123970178721263,0.4508638953694386,0.338481784588164,0.7752324455052672,0.09002547111907232,0.13455773244520267,0.739143403697831
3455,0.31501661351333815,0.9421991205144975,0.12687938249504496,1.637357218242164,0.6984660045595494,2.6399541404994507,0.19733086005979755,0.13298113431163594,2.191200500197721
3456,0.1520396456995222,1.7818403928191409,0.5661204820752923,1.2282341924272906,0.3146504080969821,1.7865277740088352,0.14144092924719007,0.14495128864585882,0.017699329174514777
3457,1.3221378159347459,0.6482329963377009,0.23076428374699812,0.37619017014236256,0.6749355058431156,2.2326967548167147,0.13944177510236214,0.10067127098562614,1.169462568599633
3458,0.03668248101481633,0.3976421142783133,0.37075112339503213,0.8346982128624701,0.8227582505572553,2.6405816992988713,0.05918702133088789,0.10555348231849675,0.7968359099026371
3459,1.0116469961330297,0.02219853429685098,0.6187902581339115,1.0168686393284423,0.6945223252511116,1.9668843961925344,0.1693197744845484,0.08410408201655968,2.322118534966051
3460,0.33914409329038236,0.922815917991993,0.702506946458276,0.6906670183828176,0.28061969378998486,1.9084271189345003,0.06294702017329235,0.12247383335555513,0.84506713930054
3461,0.2005780286791506,0.6602872931477177,0.4920203965680929,0.36625397212598454,0.4624692701691443,0.20616756740429287,0.1243540162045815,0.11094076143364867,0.6362158903437483
3462,0.2693684266433475,0.7464600712580447,0.3437874565171947,1.2663070002235548,0.6998670295738592,0.843622834856808,0.06464788799542162,0.09797283257640664,0.34755961989061346
3463,0.5073358863966977,0.1926214744649989,0.21149343372317256,0.5657621579814063,0.5618914345489961,0.4672713617589477,0.06878069471213719,0.04714350062075002,0.2565835711493868
3464,0.04321667892822467,1.6532863331709813,0.5343578227183022,2.1839337388424913,0.3643933040160534,1.8974742139848655,0.04365703341586248,0.1366292049657208,1.8218492117498155
3465,1.4242309503808368,0.06363713240294955,0.4272223195171524,0.7309758188776071,0.41830423622978496,0.46187681769232936,0.1693208838374592,0.1314990664628939,1.7886901381631035
3466,0.7078027782136196,0.40448008143790193,0.6373555160809676,2.782906371462743,0.636334100755605,2.22845547839137,0.18796782407141285,0.12752072213923238,0.9026974333068026
3467,1.2973467330015573,0.3088900867988477,0.7165273245805988,0.014643541059225607,0.4291994713545705,1.6083278202844544,0.22751918814285876,0.12401017557992088,2.064865441259301
3468,0.21602535264161243,0.27232265342536216,0.26971062808485174,0.6095819539738196,0.6296728106803927,0.5803126794873512,0.2735207513819411,0.08372807490017481,1.4854693334511535
3469,0.3061150078644331,0.9083336603207048,0.2994123856893499,1.7406432900893267,0.5882441180042012,3.175075081042716,0.02990398840020536,0.0577191599488011,0.8816098684049196
3470,0.04873223198592838,0.4778163853188632,0.31905872915359684,0.38729493122462266,0.716018456688587,1.5910648760387445,0.18225064408346578,0.11622008366973444,1.640009436040955
3471,0.2666248479110175,0.41698160630214387,0.20305804232370325,1.166867016324307,0.5867288787107564,1.498953740700995,0.2043178229330836,0.09802720478037998,0.21550014726761801
3472,0.5302181502380072,0.371275044549934,0.812734017878588,0.7509021228439405,0.5013982865662433,2.8383934119651935,0.050850900862737955,0.0726027996777005,2.665716742232749
3473,0.07582949878521439,0.8813291126564817,0.8324494926660119,1.4302068267414474,0.5230830843725842,0.7629390183360446,0.06928400784060582,0.1263995359662815,1.0276322535921563
3474,1.4175019310763222,0.6496743570239465,0.874780503327006,0.8167681714842254,0.6798301251736495,2.0596306280891907,0.01142922834954696,0.07416162493503045,0.6154835873461009
3475,0.1162471193755169,0.7415204660499837,0.29094385129239886,0.6864062177319747,0.7833696476199565,3.322537022654705,0.17710582893738414,0.07340315905986654,0.03449056390855387
3476,0.2539205507312397,0.16594982617348503,0.47717223619301563,1.9489829357987427,0.39717222047705714,1.497910018441305,0.04544492614492893,0.10595095067533766,0.41746301221592796
3477,0.4837138337953655,0.11245762883235486,0.5594154478956359,0.2279419005026223,0.4553177375085218,1.82005945805864,0.16452689627379624,0.1252545370615553,0.3638137365969575
3478,0.4560285266698738,0.029077313193905108,0.548642541613918,0.7989661040318384,0.3365478955788046,1.77523933907796,0.048135615731564774,0.059335636167788385,2.570854799453361
3479,0.8125706623785502,0.27696437741216406,0.7748069967144665,1.761038090716935,0.5063914477767246,1.0545205856611384,0.19191696505660127,0.11944452376555799,1.4139741137067134
3480,0.6883347056897813,0.4298936356795098,0.24797597752370137,0.2968000431030048,0.6815864877892556,1.7958284678396281,0.10617867270890907,0.12860848381592094,1.3627817580103059
3481,1.4964316727102087,0.6416245631203035,0.19083379180641044,1.2371886128107263,0.6698984874366662,3.0232891628331524,0.11778979976627493,0.07630978263000276,0.0714889635595386
3482,0.07099263892578431,0.2533612520485896,0.34317999956541045,1.0592179174697065,0.6460933983885453,2.020275362204317,0.04123283590567553,0.09447748391406974,0.9758661783995475
3483,0.1482697811740736,0.5488261735335126,0.4288289963654254,2.0157093246727493,0.7257751564506151,1.335665406471651,0.1492428697589097,0.10432717848155873,0.5302284947848487
3484,0.7192906531154967,1.0639043837337903,0.07187364488049663,0.8391396216950723,0.7016610045810981,1.532288277032039,0.28973557520682974,0.08376722655804791,1.2684593155698836
3485,0.9233993562340943,0.2666930921097329,0.7546334649402763,0.9044322717041382,0.6763966107173696,1.3367222098979754,0.25810838146591675,0.0774280334238055,0.04417751516710866
3486,1.5486818297299945,0.5245903619938668,0.06195657672190713,0.8780525691017566,0.4442413454444456,2.6992162263753214,0.12821475039713187,0.1056137158989324,1.243707175705977
3487,0.33491795480394776,0.8229384028637392,0.278917539976171,0.5395553286008996,0.5109589819577798,1.528708541047139,0.054656190451575964,0.08867135762743873,1.6307653654356402
3488,0.7139204254644402,0.49245716836576064,0.4753673055427151,1.2997271395262662,0.5914536412582267,2.0085309994620517,0.21456918155417937,0.10272670127717975,0.10743683259691417
3489,0.8252549681622321,0.20216492583446583,0.26261431781598027,1.6216026673400048,0.34080072433379327,0.9742963090993092,0.08039696020692304,0.08195918022902654,0.08722393547919516
3490,0.6788845441063556,0.5041976006086729,0.5940526311029621,0.9815467879297435,0.8649883445931672,0.5058244832569234,0.08864591221888081,0.10972364530619111,0.6022198614539814
3491,0.09728965565832004,0.33321597320996293,0.517910741322571,1.6605352026570892,0.6484966406906084,0.6481297029333228,0.16514194165311327,0.10754705132753502,0.733713932188465
3492,0.7734046685857469,0.7268656846257211,0.9476030571421158,1.0819475461762909,0.43098748386395314,2.285906271467719,0.14818349821405208,0.09541695302135496,0.7229738495615016
3493,0.46510942734177896,0.5252471425902998,0.08287192830747642,1.527005642261277,0.47563193603479964,0.09181574392538061,0.03479380003162752,0.15617480119718813,1.4802601416344643
3494,0.21646333017704775,0.3166524823005673,0.567803376298852,2.6926593086088624,0.7928764673354002,2.0526410426676276,0.10098210583167125,0.13432103767399817,0.6583748576169055
3495,0.16037761347588242,0.19845513262238354,0.5886180706600745,0.8276551865773739,0.7749591504679529,0.9888975212419859,0.15999198008135834,0.15190383715024508,0.9146004133354378
3496,0.8568986516598447,0.5895088359711205,0.33537333668596486,1.712070391904437,0.39988409296496874,1.0649554612405772,0.17091950371032683,0.11596439363369847,1.5443432375491812
3497,0.8972104307489488,0.8521391257229738,0.42089213559650057,1.9990620247890436,0.6826165843275112,2.84158958014421,0.18373781505530135,0.13104855443831911,0.12220922930758737
3498,0.5994601728243717,0.15548141053495843,0.7835185978663277,1.9625371477894564,0.5627616415086889,0.520407136894675,0.12189540892323371,0.047701218339763915,1.6354525539866351
3499,0.2945287746351205,0.07935836931063073,0.12596564151644787,0.9537939983531061,0.7988296436120078,1.9537712244289003,0.12307941912261744,0.0908679231161385,1.7231972835509048
3500,0.3715938245666809,0.8077656822102316,0.4924117584590002,1.1534204472033842,0.647764420956789,2.41777978394546,0.3477101507886074,0.08260557427950961,0.5386336548629403
3501,1.125593059683091,0.35341350804792643,0.7668745302255144,0.6768566756724061,0.0638893151219963,2.4042668330113703,0.06743562862892863,0.08255966192130565,0.7764368694806936
3502,1.086876447704297,0.45804252356085867,0.47559218112545304,1.6059562623893124,0.5348495264720216,1.3848842386038438,0.13302291739929994,0.10379796487884058,1.2530944807921496
3503,0.4793599388686215,1.2489511862032945,0.1894460627265491,1.5268402405518566,0.617635297646656,0.7965888486479661,0.18077576726768402,0.08010559848059766,0.3521853018981207
3504,0.024616555518810646,0.35208307090604546,0.07789758370107736,0.7312211223905832,0.4301293473541794,1.2521475805975402,0.107207035571229,0.09868967558314935,1.5581621132171086
3505,0.352647643598782,0.5722240906415269,0.4331604001039051,1.4906837763556178,0.6534992551933866,2.846051502121229,0.13210362279273016,0.1392058841424332,0.47349615798245254
3506,0.3086700764144586,0.2533924286906336,0.5731824265302885,0.22348831208122544,0.8453371644031005,3.651507780653154,0.02516000124410621,0.19538424892408707,1.4557269692132153
3507,0.09030991671402835,0.06079560100256681,0.2943327289739615,1.8519638282682567,0.8526979772975294,1.9531175572118524,0.18835452830909039,0.07275650146357637,0.16529013867015407
3508,0.4072165180810873,0.6060320036767566,0.5894215256223408,0.532440389210471,0.6202692635823932,2.871409155211043,0.16379752718048826,0.09545071476124517,0.9796263188335023
3509,0.3792716386558049,0.21438086724799052,0.9097790873479019,0.4397039758669773,0.6072474394915024,2.801001365539806,0.005805911248054796,0.06433961468178964,0.4308415026598353
3510,1.7766625782304117,0.17541454049349955,0.523997605609897,1.0429825422489254,0.2186921403763723,2.6069353796409764,0.06221174043472351,0.12497965409710787,1.455621571367372
3511,0.48782920378393924,0.3188191591581467,0.34525007513661693,1.3992779937627111,0.41353185083378546,1.9555778053346726,0.07663461663376889,0.06662216853177153,0.18778700957110428
3512,0.5115784305122725,0.032525825418059984,0.4659899604757426,1.3405491546973405,0.4686964399647545,0.8267657745385905,0.2750759815506819,0.03651391725250611,0.26894331947077577
3513,0.09349794944314321,0.7267673517027441,0.323655298575518,0.4055635666863836,0.42545459356530146,2.327545862516018,0.0437900808587056,0.1025845114531332,1.307847404353464
3514,1.2307364005171035,0.27850993616826725,0.8489665546867997,0.631095601846033,0.66372899781612,2.7738233407803974,0.09037177905993213,0.08330971604695685,0.29611808645534543
3515,0.5763552335863349,0.06820576756510754,0.5434486358390163,0.685458827850548,0.787111925902529,2.0584112384066398,0.052088945371916454,0.04056287530539369,2.6007210003032704
3516,0.8997605709022645,0.15101457804035953,0.3127283820397063,1.6345694634678507,0.5831467242446992,1.8808335046684976,0.19472623375875509,0.04410343070145403,0.435404994347451
3517,0.056824064812201286,0.4357410681517586,0.7012172288806229,2.257711201388365,0.5935078386862703,0.5852526924236043,0.07355884531596675,0.1331996330460791,0.07063561389404904
3518,0.2461176721287366,0.32882849111709805,0.32659955343997144,1.3191054148147323,0.34989460203765055,3.4273980179945958,0.11673633482877888,0.10820805246509395,1.23866901367357
3519,1.0713757586757362,0.49441113364274986,0.0812056447745913,0.9781233262939527,0.7203217986010039,2.261716847266462,0.1872156445347598,0.10935101209939108,0.21359880553890642
3520,0.04003498714611731,0.9161544632090062,0.09860671878542457,1.1059333796934965,0.3020580437666496,1.7704042456464733,0.19467768336943797,0.08124443411146998,1.6348675575323492
3521,0.6842016920140721,0.1728802140121835,0.154720159350742,2.7207493591523555,0.15575979591699418,2.999642966238285,0.12998008980689632,0.16535714191341205,0.031093066923037815
3522,0.49334116196952094,0.47290981823460215,0.3680506925747569,1.4829226369146817,0.7729454083447778,1.4177010007615103,0.2377560135063566,0.024219904429436306,0.42444400954370554
3523,0.7354202152443434,0.0895739128925151,0.6927299711449943,1.0881020472452612,0.78985934943379,2.3493118609801895,0.1567972890404522,0.09284607313751196,1.38665663474183
3524,0.34399796869098903,0.23748233985527503,0.5230208791743609,0.6833700383047021,0.5183242856665367,0.35891401911221377,0.15968870832646626,0.11388654716048556,1.4374442723137357
3525,0.3125467177294728,0.3285247182368694,0.14569048348538843,0.7857540205914715,0.7569380608110302,1.507210328771962,0.1601628881538571,0.08505770045414948,1.917821978216345
3526,0.44931569143138184,1.6904644551881802,0.5281008119916917,0.9163727640532036,0.3807950161524327,1.727167581366026,0.01622877909075182,0.10093016890850588,0.9247534326176303
3527,0.06792409648567868,0.9966582846177965,0.3489047003671833,1.983563830416316,0.1431189251942293,3.212680635615951,0.019244083463347703,0.050709730924363636,0.2908034420344344
3528,0.09602442317763696,1.0607366082663219,0.5252869280097814,0.8137169696587682,0.32640673183680524,0.958759414750664,0.005822255920328284,0.07680218669707847,0.051577788993929286
3529,0.1412477839122441,0.25273412147618046,0.5609075615571537,0.7263058186326363,0.39459621546108953,1.6522037491848212,0.20519192566311678,0.14439853354677093,0.5535008016656138
3530,0.6634167732491931,0.4136266179718764,0.1882388847004525,2.295978856760321,0.3347395388516161,2.161694400264426,0.24928463347427993,0.03148092958639416,2.353011721620187
3531,0.6578454747774583,1.2099205729274354,0.031553656471388136,2.1500409143936223,0.7007867714736995,2.62798087957821,0.12666795104062878,0.0896331007886046,0.9627537988133171
3532,0.507987258674786,0.2972078629233959,1.3471608060649363,1.0335708131137253,0.43884634251857857,1.4749022976016029,0.07990374431389864,0.023764717784287404,2.720526594387791
3533,0.1662419280916751,0.5265023844767788,0.4135426462086659,0.4771428966102365,0.49862419754495446,2.5433196947228205,0.1617108044404769,0.10742057529707177,1.3830753852392652
3534,1.2390146026849913,1.1644695465041743,0.5130921468746069,1.504971720392425,0.9590388308085338,1.7817520784597654,0.08483488095849542,0.06286282462390776,0.2500850937496639
3535,1.3158090339232102,0.19875803072930695,0.549490747259364,1.0387530919308814,0.463949307811241,1.7014184906375318,0.039374380785662966,0.10454988306184776,1.9732936741361597
3536,1.2699198114612835,0.5382444374445617,0.4603881178866117,0.9371844611355188,0.3296601665472085,0.9606935615773496,0.04307444018638598,0.11771291215825704,0.07717530396478367
3537,0.9769953413706796,0.5957528807217463,0.5896912286965093,2.3557203393872395,0.25715618310186006,0.7255190136540932,0.06080149727866714,0.020517840128945627,1.7999543906260294
3538,1.307405872590425,0.7634287510364929,0.45111129960355806,0.5610702420571867,0.44571203715161134,0.607760630037538,0.13331433247850005,0.10381233433173032,0.10776204296659742
3539,0.48583903631142816,0.5485427404230641,0.14335187384472275,0.424292106990948,0.5730269982176426,1.0083615960573866,0.31160715455520094,0.06335604558797472,0.7207547015775025
3540,0.879392945036467,0.1720075114148688,0.4638147040134758,0.7478621377891432,0.42147878821256995,0.7441312318155834,0.31574972577795446,0.15386571274712477,0.5025040735036788
3541,0.07929451116372782,0.5027928595457365,0.034060476868738976,1.2478471582327606,0.6652933845875698,1.0483656384396158,0.03463747607824243,0.12753656401798674,1.2177826245904844
3542,0.40771936359811095,0.4902714805347217,0.6530910918324426,0.3679126677521818,0.6583586960784448,2.3913767862348134,0.1650319751149127,0.11660019940322072,1.5267882484650923
3543,1.5229907027241296,1.2172499329082067,0.2911830042896045,1.418094605080948,0.9145513218302563,2.00648602817124,0.03365981477218137,0.09088878889161,0.05731747062380543
3544,0.5713482414490763,0.6868858246857643,0.016235499342137916,0.6825646171303019,0.39488330078998685,0.764123565065526,0.02946053710570405,0.10721473329971652,0.2610332073251649
3545,0.290310304230569,0.4200662043144091,0.4132224612325799,1.009771460585016,0.9868063012823336,1.1766834398691062,0.12949949778512929,0.06892133007672355,0.26460479770164624
3546,0.7121668522232822,0.10122109017981032,0.07916616378187602,1.4002090675130128,0.5118183217736343,2.054889544124132,0.1419278438137128,0.07894311025798106,0.41395625773561384
3547,0.06322532802982445,1.636196233780691,0.08508180165486975,0.5857578855926617,1.0503921687345819,1.1173275523211046,0.25994847959672696,0.07725480432657744,0.6664986694519978
3548,0.9255304690581105,1.0847943051193918,0.01391970700476225,1.5120737340514996,0.15352964768839483,1.218172450728035,0.1826634825159339,0.019515546849958335,2.2866875325727793
3549,0.008769320633254973,0.6863138172950024,0.7389937250205265,0.9602207767561953,0.7262906475765383,0.1948766515332383,0.050038019887670204,0.10400060750344725,1.7611063146245787
3550,0.39651352467513223,0.21719200329546698,0.3313779396647065,1.7002266924694864,0.719825234000467,1.3137918456579605,0.05020749071505819,0.1265499467369225,0.5246198178457275
3551,1.037204073028792,1.6596149776770774,0.6722950851460865,1.6128949204778513,0.31242742945477614,2.0709180174578,0.02861559351473135,0.06540610264965839,1.169706331492716
3552,0.876187307858471,0.2925390081843368,0.348755538555708,0.9126848222425141,0.5889246109504793,2.3531508641855994,0.27934875530943054,0.08197491842793556,0.3145278078701246
3553,0.7021585623961426,0.15427249195323553,0.4002975163347713,0.2714532317806976,0.19040759977084565,0.39598146410390256,0.24724367021352728,0.12675547758911573,0.031846870349679035
3554,0.8108719571483152,0.35033040446944796,0.27208266228195754,2.8802651919940607,0.8392675017758725,1.0034918285034427,0.1499838992210572,0.09135340468010048,0.5144341888299216
3555,0.831225554535096,0.3418580157903209,0.21268614717246628,0.28116220413645254,0.7137184269057624,2.6469039264969156,0.07746198276707325,0.12333924521751795,0.8723005830205892
3556,1.2833051192219858,0.1249894040878193,0.8854216608114625,1.0559818283994193,0.2546820153905378,1.3233513824395589,0.17249870325351976,0.12540482965271688,1.2978360156171678
3557,0.11465014275929047,0.06735526508638917,0.04313508158434454,0.6188177544142461,0.32474173985228333,2.0494562224804125,0.049181508197214945,0.056265932311611436,0.5820194483097472
3558,2.121888449148136,1.2379980145984846,0.07401927617704657,0.5417652223609126,0.30342753994715715,0.6846372341225031,0.128794029451527,0.04133363781693913,1.0557828648353884
3559,1.629262464422223,0.8988974891533761,0.0915993105929245,0.3370157246409782,0.374234390848357,1.3659602899480294,0.18854753806001534,0.06905208997139656,0.7106906014168187
3560,0.7376065206955216,0.9758027204847226,0.09419714223272807,1.0746538279119713,0.2854872437229048,1.5563483534635374,0.025269198019652397,0.16912693389640923,1.8054640797491794
3561,0.2369470616769253,0.22917165025256342,0.7311646552983104,2.2479189820592014,0.7858149778947567,0.5662791298801526,0.1441626893491036,0.04444617062187439,1.8934888369909069
3562,0.5222327390477514,0.9122980652603778,0.40466421607265496,0.34366934764913115,0.6664422285374169,1.3811392920092196,0.11513563212854158,0.04686359810493074,0.8758390627853122
3563,1.0398592064954477,0.6406684477172935,0.8540622610803913,0.9356853897029451,0.4756372872468153,0.17638398127919097,0.2181022868842093,0.08247809546986637,0.7653098846934985
3564,1.1979551700083868,0.20206902579730304,0.2761930438171986,1.968544671421144,0.6569750557150404,1.1497703871083669,0.09943150127940378,0.0922559951420378,1.5256743994764936
3565,0.1191006740292754,0.7999662927657392,1.1017437308084963,0.19000279394774144,0.6144648958642001,1.7623229348983687,0.16512674434349578,0.059902771468331034,0.11588298650513507
3566,0.8207992300843894,0.6644011297751073,0.23257237468748693,0.46021291772818773,0.3279878930753934,2.289456090191122,0.16623082371673026,0.03323322409168663,2.3025430291825595
3567,0.9745518892456131,0.22837655548582386,0.6711113040373491,0.17875492353635147,0.5920051719755536,1.4656992394622281,0.011106006921251604,0.08350702538414045,1.3427821401629774
3568,1.0154031701810404,1.2108169991928721,0.46934903313709225,1.7731606374995312,0.36562764726550845,2.4390594595320647,0.23110926154960643,0.07523688881836556,0.7532178030994827
3569,0.4426530769388193,1.1434810002774412,0.0397562968996783,0.3233329360797683,0.6936224450382011,1.002992998928098,0.1592595732877396,0.06808431780713418,1.5718057872784188
3570,0.9767631692408769,0.20034505423500074,0.40274748340387345,0.4738261132447916,0.4072238087566781,1.761899702154116,0.24859800462216325,0.06092903919018123,0.17112583155911654
3571,0.7675844163018116,0.25811653795232975,0.3594163142628706,0.8383951434048205,0.7859667942711392,2.8081770745021197,0.0840775753550804,0.0693808184854924,1.1459605117620744
3572,0.10497878429304303,0.4509161995322665,0.4444766922707148,1.129130469098559,0.8543313148360295,1.4249361881184277,0.16463384632691366,0.10214810570766444,1.0198621474732212
3573,0.977352725284836,0.850536438714538,0.7884832682216163,1.5111507462004745,0.5050478856072296,0.7195462858724709,0.2031362265684497,0.08314288861884205,1.7979199478479817
3574,0.26332712290289334,0.5526806608838222,0.1186116521668926,1.098625467670443,0.7041602595014478,1.1956763993141801,0.2841078022775416,0.10606606246815761,0.41229912143034775
3575,1.2885167517886247,0.7034512155224089,0.16633324078036646,0.43112827168318457,0.6594116432719095,2.33906598394962,0.09423332351661778,0.15304564343954002,0.8089501112754266
3576,0.0902938171126311,0.18385920419146518,0.7405068378987691,1.0736411756323772,0.6387741635091214,1.648938577568589,0.07865629050386769,0.09371206841852532,0.19306444884045004
3577,0.23201342777827075,0.27294367573536804,0.8258355080280955,0.5469977075964678,0.5469969040251483,1.5558357940440555,0.14757347320936703,0.07345650452916935,0.8301959983252638
3578,0.44307089911295333,0.11091634781210744,0.6890219165233141,1.7887565413255895,0.20189084157452764,1.565332820489157,0.20392837475999726,0.07289133045079779,1.6028419074976294
3579,0.3303007648142828,0.8196356567353452,0.8098388833888007,1.0152078690608197,0.6498277128716247,0.967133010994705,0.05873905858848779,0.08827537676274828,0.4844972237743784
3580,1.5471654408253703,0.15419938531533026,0.47253287152544615,0.9238837369361955,0.635660159701009,0.6813149433835155,0.16895838948177622,0.10496378455595134,1.3115397181403539
3581,0.696233461341593,0.26771027636635003,0.04317306705378504,1.6610224909987883,0.7452210267776078,3.2613803576214293,0.32336998566961167,0.09232721833670218,0.6447437649690584
3582,0.8293851171050899,0.8595550563063528,0.5175753564864577,0.5828371973850377,0.552867592050895,2.204785215683133,0.06648319907614894,0.07930101856726347,0.17617498038564539
3583,1.0551697430436182,0.5746282447909004,0.3318265628396101,2.0513912682948146,0.778748168177746,1.3623837506306549,0.08927139669787337,0.05163264080711997,0.5112779650215993
3584,0.9119919849333373,0.6187196809787163,0.5673224634882366,1.767244186396481,0.18769908292154136,1.2672909429018018,0.129138004112759,0.11988329311560424,0.2945950926595988
3585,0.203227624494031,1.2289946004858774,0.6611373353424599,1.7765193194344842,0.7366046274438158,1.086272350478326,0.002323812785648971,0.11739029415006133,2.0334236042937426
3586,0.3336873160929994,0.0740583668774224,0.22398100869887383,1.4596049633551065,0.7096192015605453,1.5488390154615963,0.148521443633702,0.09967686875236292,0.7161097458979915
3587,0.7473605915000165,0.7117431340917837,0.5147285638748186,0.9716388368032037,0.3563564028903139,1.8247171072553445,0.2077015686298555,0.11009098374600805,1.13706361659512
3588,2.038393065018396,0.21071921678965408,0.21707874013301848,2.134255992607404,0.30046030959283543,1.112813281438772,0.23053280074411114,0.07250706323627792,1.0444535848991015
3589,0.741116440640581,0.12802692971127538,0.4997486024252632,1.2583448505709605,0.5727436527094478,2.4585324661175667,0.02380234906512077,0.11972156423411395,1.6012435888616436
3590,1.0999224010885125,0.331010295633791,0.7728149887520712,0.7137960031963824,0.7461835813604641,0.6305112843279439,0.16863228192073096,0.1071439761659666,1.4230463251654144
3591,0.7482645662846568,0.1292278265582377,1.2415278816460007,1.5081308888616212,0.4415676076192312,2.4049084751125913,0.1824416818133197,0.08112776577836632,1.2540230336838367
3592,0.7467628714826617,0.6007443381409718,0.4688859838611059,1.871589919325988,0.2347822946764987,2.6203301899184837,0.0340027759362439,0.09966729342225225,0.3835114479809177
3593,0.20001217470378607,0.1563690906748685,0.18948693300477504,1.5263650314100201,0.29157310077426857,1.3585235687818424,0.1837843656441973,0.08271341186505472,2.1139205090497812
3594,0.9754989706069674,0.3121532923330682,0.169089763908782,0.06910068986739981,0.7436350334066855,3.161843944437167,0.17875927725411958,0.09888126344912126,0.7318334400885596
3595,0.36576136276460625,0.8423632495679242,0.27008369001803795,0.17350659656781542,0.8087447972653259,0.13225561230425886,0.16059066759406054,0.05639846937008276,0.8594514733452592
3596,0.3749207603966454,0.0714387854036308,0.796464205253443,0.1524564816935956,0.7348803187688936,1.939588300698643,0.08892263718748852,0.10682085496962082,0.017140874904802095
3597,0.5623955486210535,0.5974052452060366,0.6860648589709206,0.1270456295819653,0.5677530569646974,1.7318184304080815,0.06939591431915783,0.0829012915573235,0.5687797817230313
3598,0.14684010130662914,0.3804693571298569,1.0218751480473245,1.8849071019806907,1.0166752209900332,3.642447753350447,0.10941054682678257,0.04381136080270705,1.4430156294305307
3599,0.7374713910568516,0.6238725858144913,0.32256974641846325,1.647101682149359,0.3930737569996775,1.7009265624940546,0.2345440735062438,0.0754676122134143,1.491565507473363
3600,0.4749850414807948,0.250720054225539,0.8202736869871305,1.850761467993438,0.5983699334108119,1.8611886515944547,0.02929650154545438,0.13509125292068538,1.9701469033158165
3601,0.660398721670129,0.8263492348392693,0.6357947508090982,0.8145364683447867,0.3963709021564332,1.6055084258918693,0.17218893397056828,0.14821055060731064,1.0162757832657774
3602,0.23622044408403903,1.1550750617878855,0.5277898505516408,1.0635831275391183,0.6636426210461583,0.054043534197568244,0.19896367309594132,0.142951213402233,0.6875953396639014
3603,0.9116142320661809,0.3572172786646388,0.22898823124993414,1.3617484460906655,0.5114968647233085,4.5095289057880255,0.08801613567710384,0.08133479510102744,1.4502276113006447
3604,0.20492495848062525,0.6373666607193037,0.4658576819916512,0.44335677575717036,0.5834855794907348,1.693187372064551,0.14396675525500846,0.06048888006879248,0.18849686218735984
3605,0.3848616916121518,0.5950818488693806,0.212048198050172,1.215559710202073,0.6529177713189734,0.9449744376978729,0.13063026378838655,0.10241505027786686,1.0960777672253574
3606,0.19302498421083147,0.04223086015559768,0.40024691841930693,0.6103307780301881,0.43153755684158246,1.3321136551639328,0.09531798690943988,0.07342315061449277,0.8356573708903641
3607,0.5423300874155277,0.35482715213558585,0.5478266671942414,0.27834373031165816,0.41795574669327995,0.5699060039249984,0.08653591293477406,0.11961080246269272,0.9127548943474425
3608,0.11394558216126377,0.43734229652576695,0.41654580576905464,0.43578725554001463,0.6058271770984642,3.599529652113315,0.20406818049056158,0.08474019768128764,0.27836020150329277
3609,1.8700468145888642,0.7947539236977351,0.626542520763258,0.7910902969446441,0.6775963465175456,1.6992378880252141,0.10062911300468112,0.0812474699929353,0.6613003572940436
3610,1.3953235662767314,0.016880708321026394,0.03036393376604729,0.3479539278775804,0.6193218874179138,1.1763143361309543,0.06818455372385195,0.05281322408786576,0.8157369064210624
3611,0.3095747468476705,0.2735123406417286,0.8105713164041124,0.6555268499296247,0.7445285189055458,1.566546249457166,0.2429834918928852,0.0831755776420728,0.9740348180826077
3612,0.7630731449296791,0.04755526933709747,0.8788454590972585,0.9823604823585756,0.1272196521082028,2.7749142599496928,0.0832682603322638,0.0901223959783055,1.347791466869965
3613,0.6372200756241948,0.2638117057356107,0.32878234638529186,0.45906164694901086,0.22095918821144528,0.9850612158374915,0.19799169437687958,0.10499441024500329,0.13303148589371028
3614,0.4253353197695231,0.4104884409576036,0.29909195230036406,1.4723990544925516,0.4644190145341901,0.38669650577628367,0.17741368214288203,0.12279556603643546,1.7825027430508391
3615,1.3637193433558066,0.4754920533848406,0.2974550185827306,1.365340430988989,0.30686374857725807,1.4272806921187673,0.0841327786953395,0.10713119637756215,0.5984003876149504
3616,1.0088879550499312,0.19249758813767476,0.3138772005810181,0.6745936398576802,0.10837046048105209,0.7807899193604009,0.056335377315672154,0.12453732864569175,1.4972897594293877
3617,0.20728142715766332,0.8241512694382539,0.49614633358637195,2.344441150931167,0.39071464403784095,3.6982131773684284,0.04830287572314309,0.06803470867442586,0.9060574794216117
3618,0.7225063165117309,0.20137523268316893,0.15018109953194705,1.8608578160285347,0.5854318268343611,0.2918829499395714,0.048384773623622805,0.05042615858375608,0.7514891359272968
3619,1.5172650224252646,0.0933854417138929,0.26088811857199107,0.6267920433471286,0.29043233808317787,2.524668405114942,0.09267365694060997,0.139527167423621,0.6823517747815213
3620,1.1362744760282382,0.42897800353490934,0.3787617966210805,1.866001962302784,0.49144480209650987,0.07988663869268886,0.18545072832434084,0.12962152260051726,1.3245890921926888
3621,0.37602484061499974,0.15762320629453153,0.4670369801840866,0.3606385874835587,0.67609025473234,1.2624658905242894,0.0962931420443063,0.11326021423619599,0.22806677670992237
3622,0.312930723591564,0.43203643982068646,0.30549836387551177,1.0888899635850473,0.4393506493848361,1.8251475183804886,0.11699899624213295,0.07933299412224046,0.5865498154687627
3623,0.8015078841598549,0.6283089809536486,0.10141923146697676,1.7165876820445902,0.6195440683065055,2.932036397865666,0.1759633585883617,0.0763599290954758,0.43021141754154985
3624,1.575780512930673,0.6237627157373906,0.7145893100476308,0.911189265138256,0.09111791032402256,1.2547935129774606,0.04494395239025087,0.17837880570970535,0.19712916474150632
3625,0.9111742961864739,0.403003688259022,0.7099804637999261,2.7468326580325932,0.5667019497006501,3.5212374186338495,0.015906596213062396,0.08048363366610496,0.09100449813639722
3626,0.20306164089078083,0.7237515177953905,0.6458170855543252,0.5060345861572062,0.8443517222773937,1.030596481806366,0.10078137837175144,0.10242179011990693,0.561614458610779
3627,1.2114119983405407,0.8982116051003717,0.5914761999566598,0.15233855156074372,0.5011792160590389,2.3360819681600518,0.170549070751972,0.1252696221472625,1.3161303784594873
3628,0.7438990228630097,0.04388725712328728,0.31707374438244834,2.579837825948258,0.37554611710843755,2.2206996579121383,0.059764598535679454,0.06199701598853513,0.7968373033742423
3629,0.7772203784891725,0.2162477060123756,0.6014939981579992,0.9566728437173858,0.2289042070035966,1.7508463504499834,0.006899997152908219,0.0822412414208829,1.1376044758882191
3630,0.9435546379036193,0.654626021580396,0.38867730087863966,0.9684029376169078,0.5113329494109702,0.948148288489569,0.12856801159142986,0.08021092384427743,0.23777623157414252
3631,0.4214249176505685,0.49191576169371865,0.4145200820010738,0.7524668554069879,0.6821355823759743,2.4924183131568665,0.0867547454723216,0.11193433967266288,0.2969750211985158
3632,0.0966829903840489,0.15758560027512555,0.09697458054906999,0.3251672770563543,0.6983875091728129,1.9221370918501326,0.1533557250187148,0.08513315169852448,2.3854956227242274
3633,0.6771393153906049,0.10405030614942803,0.24970911844106197,1.3489851725406492,0.5011461019023735,1.7252937748073451,0.05938056391255369,0.06417560511344533,1.245096332219245
3634,0.4515709152887723,0.7872235790996289,0.15141255960854041,1.3763460895187922,0.7107306039931085,1.6386275991341324,0.068246399578217,0.08584226217487131,0.8462215692961234
3635,0.2299553901005127,0.34396218676317847,0.4009521453644271,2.4689636224407376,0.9295486991903044,3.2986341086783963,0.05029004522268697,0.12418440539801454,0.5410331688571137
3636,0.7595066680959944,1.1253631956232686,0.06140261811526104,0.9555556423909031,0.13303594171243216,3.9523988181863707,0.06375446668263732,0.06508152285541503,1.0796316598541862
3637,0.3042486424126496,0.5931947642527218,0.6364315739676664,0.9026046977427775,0.5598003671994777,2.505462301166477,0.11616962497071434,0.1153026381271269,1.281825705690324
3638,0.8358943490981969,0.12115866251639235,0.9473829460579805,0.3247895885996148,0.6642802942673688,2.419789995406891,0.1364104163762807,0.09613661601359688,1.5653545843778645
3639,0.46869459687666937,0.7144187608025547,0.6313410271827514,0.12550089064674097,0.5064385946956038,1.5392091522112,0.14010217267331604,0.14931305597027816,0.6987955214145228
3640,2.0093408198178664,1.079067346242712,0.21859271539688696,1.296806647330098,0.5643022012319704,3.312920797831366,0.178118855094763,0.08459928699563125,0.2561975484893698
3641,0.439356494209003,0.5693733229306175,0.4454311928901099,0.6178325468663827,0.8687412911910952,0.14895647589561123,0.07285725355461406,0.06789563594534555,1.3104361400481528
3642,0.19922964720975136,0.016902114045732497,0.3242380986862992,0.7569155946029399,0.35740448532399394,4.171969288721163,0.24163593426325913,0.04336831003533073,0.2977438026448458
3643,1.2719088833378438,1.002968889811877,0.5642107102740608,0.7977334696515553,0.4247044639922922,0.496996242864697,0.2325859766379825,0.07776410437245704,0.39025016467861656
3644,0.4094993903056512,0.993854098550512,0.22197771492040513,0.2735019093739375,0.6229789478772796,0.18120018133183913,0.10466055827803006,0.037328375095798075,1.367553401743613
3645,0.12160246207047856,0.41433861425633456,0.2512665733979139,0.2096065367242822,0.4808394654724437,1.0525413412468423,0.07432529946430902,0.1046784690430401,1.1076082767939006
3646,0.4321997301387476,0.690126001333764,0.7391863534463394,0.19603252623456735,0.6524082720577696,2.417188229407585,0.02482614973157586,0.1447225865720782,1.3462257048641346
3647,0.010576252850245549,0.005079020131201817,0.6753858118705415,1.1793597723732083,0.5282243973998588,3.2269829490994644,0.0678848032467719,0.11625879943455072,0.6120194638910385
3648,1.778242417092526,0.27768006782476523,0.02750471689796269,1.6574093077074703,0.47548772851599047,2.486318193648104,0.061735738732898546,0.07120022962247823,1.4389655895387827
3649,0.09183702300956267,0.7108281130010403,0.615681875126451,0.13208153435629277,0.3958206966930836,0.9020208020786752,0.17289405362549118,0.045757117732020895,1.4850820444545083
3650,0.11752135968548688,0.259603725934731,0.2111622955841055,1.2093888228379854,0.582933018520015,0.25001844969551024,0.030178605767444924,0.11460464149332086,2.4539661682720646
3651,0.5127937052996236,0.11794442844178984,0.3773641485408982,0.4323066139049032,0.7250149435986611,0.6060967319360724,0.11314964782242397,0.10276940275782998,0.8455309274880497
3652,0.4917173464845598,0.8613502000228956,0.30414543092467927,0.7804778731118422,0.14497263910571667,1.4483383356276218,0.0800806129623128,0.09265768821971748,2.643273741638426
3653,0.253498451139942,0.6162297132308232,0.1516265264849664,0.6911840080736897,0.36763948203475305,3.410442767035902,0.21163783581601464,0.07921899083808208,2.513142648970803
3654,0.06455511746885165,0.647195099998976,0.5524333082867856,0.9197718741954296,0.9162057433887213,1.79850327099278,0.07703522095526828,0.12645439955900895,0.40767679925792566
3655,0.5268074911658611,0.6375298949345274,0.23106414959832872,1.3088202410969254,0.5681998034255202,1.1350390434497,0.10558885862140563,0.12075422064257664,0.6131761935598147
3656,0.40199483016116827,0.07777821214112862,0.2547877384915023,2.328723479442481,0.6569013667917849,2.4521984178732517,0.10580879286641587,0.08597193293283706,1.4823262349250708
3657,0.1839688232011293,0.07764766741549195,0.3893289013075971,0.5500737395380314,0.9137192915961094,3.2003728953711077,0.030794433404688765,0.09129310579068288,0.35905669263938966
3658,0.23106008329226665,0.3430131100893058,0.5883511108219236,0.7709322997676353,0.14927520924178816,2.4330342297564753,0.014624872488249466,0.06792008454698947,1.5279867625396042
3659,0.5946830402015977,0.45110006130412666,0.1252184520364007,1.4408280443838068,0.28944132208367723,1.1699536100215193,0.04938774301667066,0.14123494156547559,0.8463380947323909
3660,0.3553992501850939,0.14604533998858069,0.39791295246349767,1.6962057192679114,0.42848677314973266,0.920844440075485,0.051854403579064005,0.058841817964795214,1.4806768951715852
3661,0.005118492404799113,0.007571882544120556,0.325676245004515,1.095066763024007,0.6391396909826703,3.272379758702394,0.05684928320822811,0.11160316117192867,0.046170604053955344
3662,1.074438446114498,0.991399710865144,0.03153254217717111,0.7717471695714214,0.3908898312538613,2.313582522322057,0.15009861635907118,0.08617595726249207,1.351663779901395
3663,0.21232010954957548,0.33029466719945494,0.13909888267975526,1.0022408972581491,0.5272420992878677,2.1008018208695796,0.07855729627865293,0.03083376613951038,1.113372667373829
3664,0.733103598062503,0.9765004876232763,0.6352635554407334,1.2246651947630327,0.9751062649888859,2.8880971599842535,0.1930679061653936,0.09655298861982434,2.5335376471769653
3665,0.26662628051979503,0.8101733705546021,0.3036355265616717,0.341108237997258,0.589673074452194,0.6445190094958766,0.07959968952707258,0.08472447406701301,1.2829805133642798
3666,0.1186945876352109,0.3620648148045354,0.192436647596121,0.534961225627874,0.4412637606433226,2.171552987332035,0.12080422585014937,0.1472343659581441,1.8980950544981154
3667,0.08816552067868993,1.0048764100104042,0.052967837942806406,1.017798590373341,0.5594746253778751,0.2218961895315532,0.08805890794418111,0.0702820026357772,0.2707050959577876
3668,1.4716370566636254,1.3424818118312212,0.3891149005128989,0.6355321022969325,0.5008182758250402,2.334151938102753,0.047065656497647004,0.09331048399784055,0.13820033818300292
3669,0.23958728563405274,0.7320068896268357,0.3706175707225996,1.3388081480753768,0.4059704938206633,0.29721010639269996,0.019438997178980122,0.10849314410424296,1.8411747363367752
3670,0.61147371129129,1.1135775184780397,0.0016726656292611608,0.2151715521888904,0.8091972044775392,2.044072332586155,0.017443524883157355,0.10145450411228482,1.1477294539735357
3671,0.8700693815445675,0.33877121847534636,0.4224358974867702,1.4596481015079554,0.5979559482293227,2.273478456913757,0.03838396905898625,0.0816984436775829,0.877988872299682
3672,0.25646809821179356,0.4056846370656485,0.5119773785209917,0.8095863140623928,0.49792554512260295,0.8735737046410548,0.11473984557204442,0.06566325379381789,0.5179560799589211
3673,0.35835294310926014,0.31103618131135186,0.4258893491946371,0.21898613739379413,0.9774223304640625,0.8103613917004745,0.004407983644847069,0.08943606245150937,2.6182106740592697
3674,0.41707289501294975,0.4360108671536617,0.248558451918796,0.4901423200042532,0.25379358823425857,2.096461092462399,0.1357616804180452,0.09406189335117365,0.8977851623060473
3675,0.08854236387436154,0.5630574394078448,0.1156307319776547,1.2110000547891366,0.3899034428700465,0.6779312283540988,0.05269363823064916,0.10883234041058122,1.001784659342209
3676,1.1781419434885005,0.9532490962103441,0.8299914341734176,1.3873457721456206,0.3598389769036642,0.8945622642042459,0.1560607079870557,0.13842343578923802,1.0774180587986715
3677,0.24001974132907927,0.4512811721284073,0.1987132139127441,2.392146800059258,0.5829899616054112,1.5614067014135413,0.0678851879244598,0.09776489291892469,0.007847381036751866
3678,0.5213609370752489,0.43799947414416585,0.02410273495203652,1.3447942107583706,0.37391671883384703,2.7930685364941024,0.07943766516707128,0.06433630848188833,0.8212067912209229
3679,0.19843742373622436,0.2188893469115896,0.013853563245690703,1.9986258133317243,0.4723311604054453,1.87098871099688,0.15892293857460232,0.08060014792140575,1.1700667436272052
3680,0.44615976804995716,1.2219617991242537,0.10267646525002855,0.8850891812239926,0.7235609829271791,2.9253944810062427,0.1527496024144004,0.15450043593298923,2.369573973851859
3681,0.7818322766011359,0.6814778245959843,0.40954240622690996,1.0318762399838963,0.6506970332715173,2.265760377238539,0.06662918023377715,0.1307009984104407,0.6237910038651329
3682,0.705625429943258,0.2573542592842597,0.45676928187137783,0.8267301767749752,0.6652729088324552,1.731856994742312,0.276663557159791,0.035294344105788154,1.1377877440718844
3683,1.1039509022152043,0.4752025700561451,0.21744291934711862,0.8962154829595433,0.7581832981014962,1.049791104469943,0.08538692866881858,0.09649368148265722,1.1369003605591943
3684,1.1635493564657908,0.40615374604196647,0.09173448696610903,0.5762773332516837,0.6548098299712829,3.1044997828540173,0.017533157093175086,0.058887391621277506,0.3525575954577954
3685,0.36021750110941786,0.06052178669146169,0.12361943444775347,0.9351851887511736,0.3666438042464304,2.939416752534574,0.08456585573213042,0.03448883521036234,0.6720170806269999
3686,1.2897025494179024,0.24409248499677727,0.25006544378139844,1.9093007321070177,0.4999167461254616,2.933071333113809,0.15779306587363848,0.1018929677942216,0.7716532188348932
3687,0.304290717839812,0.3731751032357667,0.587255400966038,0.6652482521687111,0.6169263056579151,2.23365426285959,0.23889449861701273,0.07798808217115573,0.9000547948712939
3688,0.3017468638665803,0.6862503798346682,1.0327120868659092,0.42321841532335713,0.6071422820909557,1.4712096733807616,0.2556040322893644,0.1310048107126755,0.3689825736511645
3689,0.4197044822978008,0.6426226029199149,0.47344117959982773,0.6746224346588303,0.8287676311829371,0.44571061886313235,0.16687449588549966,0.06750162084877355,1.1076918531965698
3690,1.560665050798832,0.26470990301823505,0.4762996988892142,0.07969357675786348,0.2310021432877824,0.4639117737777785,0.1064118240096991,0.0774994502257438,1.294196082217951
3691,1.2242689517512875,0.6559253167324905,0.19008942677025056,0.9122921029028593,0.6043393225538749,0.6002917919437534,0.20394490102612128,0.07406935626839997,1.9316912334822343
3692,0.749643860142307,0.4036711884609353,0.25409070271492634,0.9977061485694863,0.3915934939405168,2.352165809552423,0.10708947702292733,0.10535523550186454,0.6230556890023963
3693,0.7174640744544818,0.6508600219274951,1.0619676836397498,2.4581625824680287,0.30609112441317754,3.003196718843542,0.08060499832772974,0.12865595360148588,0.6248683389347643
3694,0.8881445791112281,0.33094101757905303,0.6966245266364608,2.0889738882431277,0.4133222089013134,2.59656072340368,0.17021464280952475,0.0675589144760221,1.6326775898027863
3695,1.1523826100029686,0.46597311718782164,0.06869013903234178,1.0788577356377949,0.3208418872898312,1.9061115945406366,0.10958627363517208,0.09815163625535434,1.527019724417982
3696,0.9983219471005988,0.46421830460301006,0.8566341115688392,1.0150835560497935,0.3310593689658693,1.3932416672519632,0.07934188178947456,0.06253912665413174,1.5428525381645701
3697,0.3710765072627308,0.31234904547427705,0.06692350923296253,0.9894031212867359,0.3552468142304658,2.8273262742073624,0.1322356367517108,0.10148358961506701,0.7624781799198665
3698,1.4627898939697774,0.1633151713211755,0.2617699110129523,0.1917530029743355,0.4830145046387919,0.43774172418962753,0.1947279062019341,0.1186595964414573,1.5137509419458837
3699,0.3402229384441248,0.8382680419769339,0.6469849208500194,1.893379708411966,0.6105202799713186,1.259939324612235,0.1653785849369862,0.14062081264532558,0.4944375833045449
3700,0.6152082077442974,0.14885610645014233,0.09234541011715613,1.2792412978494645,0.5571592052424899,2.347428072382999,0.23273917797899674,0.09744074239567328,0.9671007956827643
3701,0.6817882622513409,1.3654830525753083,0.048717757049953625,1.9677389752341359,0.5026333658340177,1.4418578228579613,0.005233632664086732,0.06381402883451465,0.4985639317696778
3702,0.828576941430228,0.20933263007084618,0.4251919625334803,0.7013792734986841,0.4474833613424665,1.5141428351384032,0.07927152073948851,0.06402393157135876,1.3341503584623609
3703,0.7510279963233532,0.517360191995427,0.04122942876365754,0.5962664272956872,0.24964978905287594,1.4706775286145177,0.07495448895784759,0.023685825056559348,0.5470338274965365
3704,0.7376295015427254,0.535347230697221,0.3667371198737394,2.1652872233035616,0.2913316803323407,2.9852920967279735,0.12516279813201003,0.09218028394961685,0.38621219276375846
3705,0.18481950744982545,0.8805069458111805,0.3672997468970221,1.6098684263847352,0.9211128427736044,3.1126455835030145,0.12099259989049865,0.10254661234438109,0.5913042598351976
3706,0.08562947923710981,0.7278014185289621,0.5037630589004563,1.5607699084828632,0.34120578669537194,1.67916444266001,0.13087190832782378,0.11639468139614624,1.9792393384117264
3707,0.17355980446413494,0.6251139008641529,0.2536268458530159,2.232617706333555,0.6750602407669609,3.8534043439335317,0.16617042880103175,0.04022776062650158,1.2750792907597708
3708,1.110445920333655,0.5543539781513283,0.8513931783520629,0.45816721400850147,0.16515945814290472,3.7377094234733352,0.19786346453414627,0.12117665843513706,0.9281762869608516
3709,0.5316437418823367,0.16247079285504243,0.635481163072113,0.7030403052053664,0.6264210338185732,2.3232912410874595,0.22552301231375038,0.1084932490787182,1.486943356791428
3710,1.0096129015176358,0.6730458324865356,0.4880773648472829,0.43950881306571576,0.5750926374716182,4.174654412102308,0.06986493641900557,0.10742868973724218,1.543053376407813
3711,0.17014165431033268,0.17428648818126075,0.02935028049220706,0.8524560842060018,0.47578000462561754,2.117016387278868,0.16151022391455447,0.04937888625097291,1.33282469125814
3712,1.266989855914728,0.8415545093003868,0.23454168052614388,0.9108995945090071,0.8768565740064203,0.708990353602665,0.04674189703180758,0.10964249291865298,0.106808931511855
3713,0.9561091940395927,0.31636547538761783,0.14499230312863262,1.7228455372732516,0.41181633527241984,1.379692618956771,0.13660580936782632,0.12735298795055178,1.009201308105768
3714,0.9530966778412835,0.2833255424661681,0.7278935238435393,0.33482208346447273,0.5852713983319049,1.0971622569576107,0.16617047495489173,0.06501799431579101,1.4215881621028834
3715,0.30822186544504154,0.3804455721329656,0.29516745496158053,1.1135771798546379,0.19904716934085076,0.9970124895938635,0.13316405791489558,0.0866088892794725,1.5050185865559953
3716,0.8323703430729275,0.8985933336266114,0.353038713674357,0.8767246604181784,0.7265393713857471,1.3706365714890785,0.13453070366268804,0.07648965676898732,0.6049965617785769
3717,0.29553087209628115,0.507000643229458,0.5326382719923421,1.5829896355646738,0.7030316630752393,1.6843237109072529,0.04274424975761609,0.10340037899679207,0.6222864278313333
3718,0.7791906414281697,0.18685290188979303,0.37874556853414776,1.8944608750140386,0.6307181634967732,1.357032458746401,0.3079303818394686,0.09443472687692182,0.9387532325723748
3719,1.378244886807025,0.8275243941486139,0.5384300273983599,1.237907967583177,0.3934237401347065,1.0850426960278066,0.005842036711537005,0.09259650397028228,0.1615469588624846
3720,0.4575271547175649,0.2901454895265186,0.15164491016494963,0.9996548805331318,0.934804972702614,1.2698701765068647,0.24784877538050565,0.12632421044302428,0.6708840221753771
3721,0.10375477012076745,0.7160372672755531,0.07802277643241501,1.1255512441994464,0.4722321427496113,0.8015125902706222,0.08238492183229,0.17003784055382126,0.6949151919036649
3722,0.1398376552993156,0.30415408656355536,0.6173825071176315,1.3711194544094176,0.5338959090499789,1.5630110754613977,0.1814678551832404,0.08251357281126614,0.17199718430255684
3723,0.534558746866638,0.4331585018061819,0.7298071854677215,0.30845709094020024,0.6576280489891277,0.943197399704415,0.2646336201585239,0.09411978668533838,0.45916751137678113
3724,0.8626738484907348,0.23260549878678843,0.007255192055436344,1.580443818745002,0.9897022978933074,2.739995441509784,0.17858895884620746,0.1759845872367774,0.41739549321683617
3725,0.37590857473748174,0.46821892499694356,0.31619168604050785,1.3169247969447375,0.9354513821645456,0.9625102931059994,0.08149589970759288,0.14089368659208168,0.3851914120002861
3726,0.652102633006669,0.5146456937101295,0.1458209445440015,0.8508728859434006,0.45482756035123073,1.7955424489457326,0.030456059464584517,0.06974857392809106,1.2861902421879423
3727,0.5531042101254122,0.4093812266778491,0.37679200379099154,0.8634338474350364,0.4044046287143102,2.460263188845059,0.18305788405068169,0.0966527005499838,0.9531649197462105
3728,0.21553902820324117,0.8187461894884215,0.139611379193107,0.4320626724152188,0.5490008942422554,1.923485206565984,0.010362542546229203,0.16465944403524657,1.037644175916065
3729,0.5860866456981411,0.43930458372331854,0.5434290072532626,1.4405440006253243,0.2533816457333613,2.453641886322359,0.18231482250655928,0.12303354716451174,0.8000111714517097
3730,0.537099707911859,0.11352941460436536,0.6443674905835988,0.716183153194091,0.054555896317520225,2.795925801841771,0.05188288117551598,0.1039782702063188,1.2675439628018266
3731,1.3153641179183067,0.7100982017755979,0.18063803695967515,2.179048131745122,0.6477434857861942,2.830145260604954,0.18282269192152165,0.050985025909194105,3.021774457761279
3732,0.7601413637919041,0.3953229245151323,0.5510910320534361,1.5959322097149222,0.3215453312208294,0.8854613002750976,0.043504112564733174,0.08726957101452955,1.6829986331885158
3733,1.5263778017558378,0.23821041716424662,0.7080351046210863,2.074064463988904,0.6174380149001971,3.6845048862539134,0.1701265892870223,0.09953255067900414,1.127750504353461
3734,0.0016650185268385354,0.3264108605865335,0.415164663626335,0.9587238948956305,0.8276576706625229,2.3187153705719123,0.11715430509458291,0.09419595622847315,0.46034880150768903
3735,0.5659577478171206,0.16471551606362725,0.5818160244139575,1.5230546464164463,0.44149533405552577,1.4686220720049816,0.22805550108329276,0.036673222152812227,0.08025626856285739
3736,0.5555605787481381,0.35901412263051413,0.6017965268813312,1.033935092737301,0.6139556380991271,2.8048202121224652,0.08167641903613693,0.08676944287239922,1.4594838715372889
3737,2.01551018388314,0.5821005734740905,0.5834575473471623,1.6964093095959258,0.5443188617338909,1.9449505051617977,0.04973903818213094,0.06357242857900973,1.4355905082560039
3738,0.1851467413788605,0.38273928100251725,0.3055122112078288,0.1529089846603019,0.42234870717066686,0.2021490926882461,0.15554147352023515,0.06718508303016985,1.7415192275869344
3739,0.033260359616096746,0.5480412488497729,0.15604973506362488,1.5064930383519566,0.47214370098719854,2.7386092621812765,0.002383944938604707,0.11583557541738775,1.209307297844521
3740,0.4916363600972973,0.4989269646643638,0.26951041789512087,0.28460230243669915,0.4776048602494639,3.8239872691535153,0.13726923899189628,0.056407013781800984,1.1042553428914323
3741,0.7764900577216147,0.19641853091489705,0.15050822854611884,1.0717787101754168,0.9450393325900919,2.4242244881152195,0.1739237635445155,0.11688537830253916,1.0197278526900169
3742,0.08361256906977108,0.7233155301047167,1.0025969673839397,2.169940443555711,0.02445518115592832,2.0015590431874317,0.026689238585433525,0.07465662221962316,0.6412077064215397
3743,0.3238521806888132,0.6797109432551609,0.4897311429095793,1.4357790228272969,0.22532178489029503,2.6082784914158386,0.22045791269246767,0.1261713013818271,3.6422811548275877
3744,0.0681085996228574,0.6281450821609791,0.5230626815080153,0.6764216910671317,0.7553927466136913,2.6235844426957384,0.02121278630291097,0.09677500247333218,1.3394681996516025
3745,0.16443703719509833,0.32059387648144666,0.12765384573886138,1.0132705724970583,0.8725041086380929,2.0614144770262106,0.14912373778192572,0.03635896744695129,1.1132464657845598
3746,0.28069078077134774,0.10397678362654927,0.2766069584982295,1.4716176967669616,0.32881161715019724,2.7503840577485015,0.16910979225613304,0.1036003273149378,0.6908704568444011
3747,0.12892898569198696,0.23861817884861675,0.13233244769956076,0.7197520203235146,0.5944096469783375,3.4039472302852545,0.197212942796469,0.06181436358953295,1.5343901399716224
3748,0.3017583211884827,0.3256800411189702,0.9214904772891295,0.8197276321550464,0.8224053991561247,1.903919332302072,0.00043275954202885714,0.12143227521799028,1.2057186410201148
3749,0.20324837408457402,0.6236756886653632,0.0756520487704318,0.6405988420986881,1.1170756708517535,2.3009445175115992,0.12625431790325664,0.14631090105404632,0.42329047166042644
3750,0.06541714709772692,1.0461457381120105,0.749090212844311,0.7941594513398823,0.24205694265616418,1.1344415831015804,0.013182567529553046,0.0890761131418488,1.6584901684973374
3751,1.1377235218816206,1.2196263203496955,0.3518996216023502,0.6244698351620313,0.6780602425797665,2.4733942018361157,0.1342056174385655,0.0907796092890636,0.8695270478878884
3752,0.5682594070232123,0.4575005686932156,0.4540565963802932,1.3079810247996209,0.4503079477572232,2.3974843013210534,0.19473015954232167,0.07367946559213556,0.5118302997287829
3753,0.8075199051430246,0.5619845102467808,0.3165945003292885,1.0415246007002952,0.27318750755361626,1.9540064951819058,0.22103724600928132,0.0808907680601505,1.6457469858004794
3754,0.3363901445305423,0.7144786564130484,0.6199004877845515,1.2787809211284418,0.2739794495139617,1.7212974396024336,0.058789148847868976,0.04802068176076419,0.2957819914529841
3755,1.039968802911024,1.1166248723318914,0.8016868445707253,2.3535925980620314,0.35717199599713045,2.0589525603785512,0.04838445263996169,0.1810176069287095,0.18510933245899375
3756,0.7279745541866864,0.416063100015791,0.1223764157345909,1.1900154218999286,0.8151624579092873,1.820807530227559,0.15337146274181032,0.1380687783906544,0.5573572799211675
3757,1.3003219801644317,0.012803236011727781,0.7057426519441061,1.7697585275373826,0.5630590451999121,1.3804130484926957,0.15808695344170226,0.16002741628228123,1.2832118040121956
3758,1.035207619210312,0.3500962932902881,0.4896116785140304,1.4104360409308483,0.33211609452235324,1.520625725428939,0.06169997653763015,0.03924804284339516,1.0516602699947575
3759,0.07688878396942478,0.8336279969790317,0.7823222422646586,0.6945000933789831,0.26302215998942535,2.6209918577334195,0.07416820766332088,0.07030110364124138,1.1688388348506937
3760,0.5320994655583855,0.5041613618318262,0.45861955443426905,1.230044314303937,0.32724743675595314,2.781710031286405,0.09776445536445885,0.10908093872459584,1.495741972145414
3761,0.31430065867930956,0.15568361348008,0.5743167961719724,1.8922572556338273,0.8457307041538729,1.8710615004896005,0.1562666660499139,0.06745774250680739,2.2109017413246885
3762,0.2873228588623181,0.24221897460314512,0.003797199869298662,0.2561013847945913,0.9430158965157689,2.538029884887131,0.032482483090093495,0.0921037826105039,0.4377048813477758
3763,0.07237703507468349,0.691749779989384,0.011043569945028864,1.1326954102370437,0.4556320814376751,0.6717739724300595,0.044942938248630854,0.08559306292836068,0.7488896050052045
3764,1.4340889715312721,0.44752699206649427,0.40375369939735706,1.7554061639380858,0.11185391906304543,2.8343080945649577,0.23769340936333633,0.09521815102883426,0.774035640863444
3765,1.4112720679259685,0.10393911888710597,0.5855183302736922,0.8603434491512917,0.38193454280746,1.3759751480457678,0.09249157403131511,0.11280878647021192,0.5275911466750864
3766,0.25992236884350267,0.20721218256287413,0.3887779670551396,1.2827181983049594,0.5613054995857304,3.8985896589947,0.19051768733715257,0.09485973822009694,0.5650373120422711
3767,1.1330049232848873,0.3843355321565881,0.42982530442372463,0.27961799845113866,0.450872807959375,1.5814352358093793,0.41361479261502676,0.12722855971627814,1.582866615696508
3768,0.992538735119997,1.2649121893229611,0.6671159334929794,0.7210855733893466,0.5565842031094131,1.430581146185154,0.0716952527037237,0.12295167669727902,0.6138134406698414
3769,1.6485610379239912,0.3174332877691736,0.41087931022995994,0.7547077308777612,0.23586403396833938,2.454628400149225,0.02965693880405075,0.15181624528710116,0.12593423814154536
3770,0.0016544075277762915,0.8037289962795298,0.4501352039102209,1.3429025010615572,0.6552743512276314,2.7243635540691065,0.18843689777249217,0.08491176040804707,1.169102882294117
3771,0.4037644553253121,0.45033249245411566,0.3924061830933925,1.2629140786040118,0.7011613726842771,0.6137156790692926,0.16134133405218495,0.06844629279116018,0.10684162768771632
3772,0.0046022111853410985,0.5813867498716517,0.05552835679794915,1.7369768778539831,0.5148863419555437,1.6804934568635679,0.12586730855290476,0.12232507326918335,1.05767131963082
3773,0.6025909332046229,1.0373702227869452,0.4905016333826191,1.8210184791755757,0.3098395695711158,1.3001647978669477,0.168614557123738,0.08935615329102717,0.25300294387219
3774,0.501833337702408,0.5629812063680588,0.6560125375031627,0.9502062576032247,0.6168102371332135,2.4922784472960497,0.19024767267744724,0.06503354368617703,1.3291975249687003
3775,0.2806010499549349,0.4937068609063421,0.30473620017686887,0.7337783669271761,0.6051859316548234,1.9490446453432624,0.152057896900495,0.046644835431634404,0.9731571522079141
3776,0.29819779380192696,0.056734883840024064,0.4613165444502787,0.654879686093143,0.3245273091918154,1.1760120216359122,0.2872073323419047,0.11633050913679013,0.2348128820281925
3777,2.3009166552817337,0.12679737014860293,0.30838129131681524,0.7918464428870656,0.4294422227829168,0.9214184202191418,0.14542961946666527,0.1341480700596562,2.100820411051312
3778,0.8010054570897536,0.25967806649200575,0.4867676826708026,1.568749543765958,0.3984545214068492,2.2637231591362115,0.17665222782443177,0.07188819585897141,2.2298669557570494
3779,1.3851575504182396,0.11180078168542881,0.8093708052031996,2.3273367252863766,0.7465418844579186,1.2595352474614034,0.24405419198036932,0.13433039718022638,1.9028438681979944
3780,0.9431808483501225,0.17048859561916146,0.20584395675104605,1.5487744746468355,0.6409281111491203,1.983197529696696,0.05318259742223379,0.13076373679528902,0.7591131520499361
3781,0.5411193266040457,0.42536965081959077,0.35155496309172635,1.3126519540347243,0.23112224405764192,4.4892297149043,0.16521654380223622,0.13509701101590527,0.45063685655636093
3782,0.8906405568588678,0.9851555918216846,0.5256555496386744,0.8802869858480573,0.8708881574192917,3.0687609604233734,0.1265219675586028,0.0975089429942962,1.3225692762388905
3783,0.36912613771764413,0.6221288113776835,0.5634260738555638,0.8131838151373114,0.2905230687833079,1.3042230600446023,0.11151823472945152,0.09839927086940463,2.1570003326678497
3784,0.18139301730262136,1.1569911276264444,0.7705664572684103,1.647687527046953,0.8786894852561986,1.6520381235482215,0.15193012374813053,0.056005314466509186,0.6563339535771601
3785,1.3167315446822543,1.1252097369787986,0.5070603693671271,2.367378172242228,0.21232047582049013,1.5632572077788454,0.11518606246110098,0.06888284283845669,0.5645185293409806
3786,0.12132260374904341,0.24669019398975103,0.35981258692451173,1.8096783992888552,0.8878007213811492,2.3740820622590166,0.017371007038394892,0.12979043279570707,0.9443433896404078
3787,0.6419228076477642,0.7163507061270907,0.12016311236121602,0.9232587459994928,0.5280898184858399,3.2111184775113237,0.11605420815382134,0.13092746670894911,0.86454814190786
3788,0.12122302304163293,0.6522157704356417,0.5938570039653253,1.2954926284518353,0.5307835164120425,1.7544862078074441,0.22755165425807547,0.09277803334520518,0.6287938452168558
3789,0.667158410400718,0.5122045411522619,0.54072281081261,1.0575720874841172,0.3086169264187649,0.797104319422306,0.25613353804266126,0.05840542292178045,0.9966197622706433
3790,0.8863829306347208,0.12590043860098812,0.3813040209266498,0.14465152070154075,0.31365668533280155,3.8796010708024102,0.013336634358952784,0.07435242909016515,1.7056267932873026
3791,0.20581356387475558,0.94108642601554,0.3446475843157488,0.97845722472589,0.3665043108531745,2.3559147436927415,0.14451191701837068,0.15287662324985948,0.5433985200702387
3792,1.0497642190367067,0.3209648780492839,0.6479795739816105,0.46759912456907704,0.4311891303127303,1.510652341119684,0.20454891030725036,0.11655852735230116,1.3775425196337234
3793,1.0236272540669762,0.5545342615493917,0.42325270309044094,1.022952529827455,0.34390823094250766,4.067757821703673,0.1941636237449983,0.17256967720397376,1.6905300945221091
3794,1.7809631254418978,0.9142435383693375,1.0024447509446688,1.2800201962034063,0.4624806896894517,0.7964516219608707,0.18347342534375766,0.1056082374137606,1.2640235428517832
3795,0.3500072615841194,0.43387649003841616,0.5549837138589889,1.059615647741426,0.6134231464252805,2.0503909248662073,0.15960548895476742,0.08402949457579535,0.3102546222650314
3796,1.2071673013220638,1.0285134088100287,0.23629545624633397,0.49112040996965084,0.5861080220144945,2.937032071980436,0.017397096225078998,0.06405576744148428,0.4127492456374719
3797,0.17498483360393766,0.7100235234057651,0.4835537412653096,1.4212206085070385,0.6967312711539195,1.0885373263981486,0.11441939246164085,0.10559596019016995,0.20785941011748055
3798,0.36399674714068925,0.2940995765842616,0.12367744876748696,0.033165161045871194,0.48072428380130383,2.351435780612654,0.17623622091529267,0.09377111777592773,1.7097561508257884
3799,0.8257365462718507,0.06519208581918351,0.3038182276975928,0.06267619702206673,0.2927774549965424,2.592356865475644,0.004834834474854444,0.0875953740338964,0.6059787333583277
3800,0.2862891102389368,0.18288971467273404,0.052400852607022985,0.587447242374858,0.7287799320274099,2.1632294753107386,0.04011390900516949,0.1575382391371284,1.2045857258723296
3801,0.43785032140523694,0.4951495849762855,0.9055235531374808,1.9927818265164015,0.2296422756691499,3.249856542956371,0.17670663468367537,0.08938146207231253,1.591006866666394
3802,0.17342892900307838,0.3313416191410167,0.0451035710974384,0.644553072180656,0.7248095024345996,1.1044232577387563,0.02953649226795843,0.1331267052637464,0.43069001495573384
3803,1.0406202310542434,0.007325248239415105,0.5136084636001361,1.3391298148522441,0.6172612391222475,0.8801126209628458,0.2012783059014534,0.12251822246165188,1.5969994004117534
3804,0.8044017923479077,1.370795106226427,0.4224760305085551,0.40800919433115335,0.5786630241379221,1.720095110487722,0.13491152241635204,0.04316588547582473,1.329822216934155
3805,0.7764880790396729,0.9443448316102567,0.21528960688839502,1.0661637838907896,0.534495600464454,3.1322641680012895,0.08498460157682645,0.09031791202886585,0.28787245249437
3806,1.2455171433184042,0.674897295963548,0.04892955626156825,2.1497157783321663,0.6234479782528235,3.7426103743305275,0.16327901745687096,0.10762511044218608,0.7608725722950377
3807,0.5529907882745447,0.24022123855363814,0.41604431344201226,1.1291918606569018,0.5695084326909138,2.1789319611091473,0.12657207344763577,0.07313823973480398,1.6894033196526004
3808,0.46072663766362,0.45149415016734507,0.6174112460886412,1.0942465988889598,0.7397445175860504,2.0703250201975574,0.26483324083847787,0.1761317472256569,1.765722856668603
3809,0.4060651681546116,0.253375468269304,0.7413156170381052,0.1925184311552408,0.5810399736983562,1.1367969444913761,0.08589662389573294,0.09446310680041914,1.9480004124426256
3810,0.2868276998928679,0.31649967525976824,0.7550774782511699,2.2015245325160024,0.5887741522325897,0.8581501706831938,0.042609369147783335,0.10612024827677541,0.9481721214434256
3811,0.18390159270653533,0.3113647546693547,0.2494126748441661,1.3529700172049994,0.32705581585322696,2.9068581490269327,0.11678340153423747,0.1321062117920957,2.4114000086637852
3812,0.15003481104972327,0.9987000293735606,0.6096756108720665,0.1316793836010538,0.08709217558963439,2.3183213820224227,0.12176520121373365,0.08122122671401925,1.0697933491281688
3813,1.3567581198968632,0.192058194166056,0.7601481400341196,2.254747880173956,0.5586563199731465,1.753027141580647,0.31728821416566105,0.10167075275876258,0.8496064032349053
3814,0.7229363955091349,0.8431760222746558,0.8230741329960061,2.0176006603487426,0.4721092031734827,2.0365826982583397,0.021016323261402736,0.11847644007312412,0.5134239191218016
3815,0.6002327480926625,0.293158417269336,0.30715237349205027,1.463405548251597,0.6215344299015233,1.9183048491980583,0.16738610930252226,0.07510998420506518,0.03973975356136539
3816,0.8239528816591659,0.09703288507737637,0.04292937373568462,1.8914062225248816,0.647369708007606,1.4855534518935651,0.08819651603402748,0.10340231347070417,1.0912087542678586
3817,1.0355192264778463,0.3156575343256731,0.6489282685710758,1.2053352882670918,0.59482930298873,0.39437337295689034,0.2629722040364868,0.10497870531851825,0.8143745959906097
3818,1.0792053394167913,0.3650693930883299,0.7054248119643062,1.119675714046326,0.5888336829695511,2.4347173589505786,0.132880696369945,0.09667995558466659,0.23849597799483524
3819,1.6054013504049538,0.5768488836039786,0.6463030047484903,0.7362102460614511,0.624107889947779,1.9547669015444673,0.22542738779776106,0.08986219506793115,0.8824034918693957
3820,0.07316448751080804,0.20398576564970697,0.4405911561664874,0.748567421654019,0.30707448132149606,1.5080838870925648,0.04362380673332185,0.10529435424542323,0.934401334197626
3821,0.23343491325551205,0.5475905280221838,0.14867930533845358,0.9988334219781232,0.530638302335572,1.2306228417083547,0.04549848203433342,0.11510856797739259,1.0678385843192195
3822,0.43135978387620066,0.8070406690966734,0.414828734238775,0.6375340807641274,0.4083452300492069,1.4841649961179755,0.07313772371512885,0.08502846176923119,0.9895125847184121
3823,0.7533263188672337,0.641998440087505,0.24320279404097628,1.6850823131785213,0.565952042885911,0.9806321167854883,0.20664601604129507,0.053088216809562855,3.1652212956096406
3824,1.9204067672152598,0.5450705860399137,0.11291717817451691,1.0331219829682752,0.5018753020490454,0.37157624136752476,0.177453564149842,0.11189825923220144,0.07927056005366317
3825,0.3854332406930527,0.00985552469187334,0.9645335627294227,0.22553934811695564,0.733293410261824,0.8280549354801104,0.19145006208851445,0.1242693994185678,0.3437793882480511
3826,1.4034525063835752,0.7770797503833308,0.11273322103866706,1.0226959507063826,0.44983313053895546,0.4296017477301237,0.07361249970180928,0.09133502867084453,1.1173187535257432
3827,1.0571462266577611,0.205481025859889,0.7581029479866948,1.4289554565587699,0.4394250360243664,2.112818573909297,0.1281578187871267,0.0496738291593264,1.1799742619274896
3828,1.0060572922185889,0.5289216445700831,0.7798748836837472,0.10986716676251007,0.18867041269570145,0.968667309096585,0.24903016337245348,0.044463369644450995,1.9394501531721386
3829,0.11525575491962817,0.5436239335731992,0.4070199584930191,1.3063313025175811,0.4741727685495704,0.2681476618061127,0.06901622791804579,0.13019918761148394,1.7963826875930375
3830,0.6602027861549407,0.2936298587919554,0.4222275942905036,0.48432428594394217,0.5583918209168405,1.2891116518914467,0.21105618209978372,0.08067933465585488,0.44140036281825273
3831,0.2011360493242229,0.06297287140031749,0.5593401232822259,0.8230662016327848,0.6505671476783192,1.8017809161830696,0.18421742935798405,0.08781415753012264,1.1137126396313277
3832,0.01935506498520212,0.9518796878374629,0.8531504242944982,1.1988706735177792,0.6631433070553201,2.2185221791424192,0.04642227056074369,0.06055819350395849,1.4786477299019274
3833,1.2647967546235914,0.038592000520719316,0.49555677672334975,0.525792235341072,0.37817683221294607,1.7105507531491715,0.21861543064406797,0.09401734405399657,1.914933629187377
3834,1.6756531256317753,0.4452445979750709,0.4189137882986186,2.153884853049665,0.5069388434725602,1.4364999396508433,0.12443128895327535,0.10045149703269199,1.7143248194367016
3835,1.4086995248279703,0.5104575424331396,0.26495626309351383,0.8004145306518654,0.5235236836717414,0.9118737962734459,0.1128528118154719,0.046313709125721955,0.8021668528572538
3836,0.22457646791874647,0.6189726281570662,0.5695087968600003,2.3221832823945445,0.4835995127644171,2.5370437557493144,0.09658794966363579,0.048640236410532396,0.9581607985426105
3837,0.5332094140910104,0.0663763168332307,0.38936412451254077,0.1469985675335278,0.3558508698376922,2.1619808621887175,0.03193042802075648,0.060602234078022024,1.6754304501544823
3838,1.3592362742135267,1.2586829789069984,0.572536465116342,0.3273850822663117,1.0096995737843466,2.5134198165546526,0.053422972638756325,0.1329103147291033,1.2335583666922374
3839,0.5673709509318341,1.125977039494049,0.8826170567915591,1.169065754307639,0.40884905296950336,1.9789864179253522,0.2120046034203193,0.14882711211328037,1.6252841204272825
3840,0.5704419512875353,0.6991404380804834,0.43109694162887097,0.727335776369008,0.6333073788056547,2.0961558863874625,0.1450707148729103,0.16195536999377916,1.142189290161785
3841,0.012230020417164866,0.15741768288607227,0.22978410732498683,1.7822382782289612,0.3555788763690575,1.5793313951531252,0.0003668754503320243,0.12488985867656169,1.323155297028141
3842,0.03631650218386581,0.23947335368735478,0.2474052322455117,1.0041279659670213,0.43295342585636026,1.6741385973217526,0.08046580402423212,0.12015805732918948,0.8667993573223346
3843,2.1370359971447384,0.34198166660250257,0.9216778841285448,0.6380993841109164,0.6071912664234758,1.5046928339816137,0.08331177610778064,0.11460882444011311,1.6880394830894851
3844,0.7765762699378023,0.15191655239499238,0.5259820726807614,2.4403532790733027,0.6710493749483437,2.0301344322034596,0.09420519113137599,0.1263434061294541,0.19758677609329478
3845,1.0529966300926588,0.6726119330968855,0.1293903879392902,2.081108545012135,0.4924827135718098,3.1126218074221352,0.11181517739749221,0.06747026049271945,1.8144952780333443
3846,1.3636480756289102,0.190462343469149,0.766826951518242,0.6786925410104669,0.4156981017745611,2.063100477025447,0.19168403809611825,0.11225771625678493,1.1876605778648384
3847,0.1679486295010933,1.1473870162683115,0.15711402742393754,0.18531987242378045,0.49923581578710624,2.369890961580815,0.04997533371154767,0.05387359142687546,1.8567885792593362
3848,0.6429636042506668,0.6746944566358402,0.13878542500177998,0.8330936060610264,0.4879745254458396,2.5133170517191794,0.17542771895920914,0.044948032920017825,0.8335385926143961
3849,0.17219458466353876,1.0420955135237306,0.2021989258837287,1.3041036227155272,0.6152686996009462,1.7728447405490935,0.06898651529701354,0.12582624448864807,0.6778232916152267
3850,1.1854927903119334,1.1081157446476337,0.8783441631899784,0.3671651271729861,0.3541883356993239,0.49817628955078175,0.04647512096310026,0.033696812846904595,0.8120188256779701
3851,1.2038198645202078,0.6658979907165217,0.3680273638888312,1.1516426794310315,0.5291946597382908,1.6466855059214756,0.12459708871775696,0.07027357400178,1.3993315083877125
3852,0.9822177250057285,0.2638204990973381,0.39184728869823643,0.8009513611556558,0.5335272822048225,2.3702642021278493,0.0632312886580062,0.13471855864698562,0.8436435449817316
3853,0.36118213549864175,0.538686197896016,0.5768739086795174,1.7063551921897444,0.5958566414752491,1.3937632771501967,0.0960117067613894,0.04040567414951584,0.6308573878585287
3854,0.11638893711916665,0.46320465343322437,1.1830089969498867,1.5734465021407635,0.6332109303770473,0.44801715467637804,0.08578929259851109,0.037664444866184234,1.3730654879763313
3855,0.804157522031163,0.5984255523365575,0.32928493079466264,1.43000119672601,0.8263776041664765,1.5030646054246941,0.0076686715059747085,0.08367823764553371,2.6113019913018203
3856,1.875210726204234,0.7213937801947993,0.6139502008825164,1.6934723760975672,0.7012499313999209,3.837844475547726,0.12271851813228563,0.03666630716714014,0.04379099930309749
3857,0.6834871171399537,0.7428717690513496,0.10304512640833297,1.2855983188930502,0.3497297829640956,2.9415116682143427,0.2698339427182418,0.06511828347850987,1.6301388204877432
3858,1.0895784216308686,0.6924161845783224,0.8872592609546388,1.141508899039978,0.5121826647418452,0.9981179310818681,0.10893287311880415,0.07857420930503298,1.2351189884506244
3859,0.4791816035955948,0.4454488393252958,0.3921261003385395,0.8792136810616246,0.6343970317947962,1.613572413822872,0.19039921414287814,0.15149139131477407,2.349849188366358
3860,0.48468614360558004,0.23216502496228048,0.22507457443543208,0.7804639059155251,0.5099549170623705,0.5617393383551332,0.14681393956001695,0.05663777608802275,0.9317144094844194
3861,1.0979423573234284,0.47235521689534576,0.5987398111928437,0.624481181782307,0.6272667076525101,1.8853195825302278,0.21867312784427928,0.09540644052913601,0.46345351502918575
3862,0.9292590770737303,1.0960669292985574,0.6529231962269326,1.12023052876824,0.33762460863303373,0.9555808491382872,0.07270676477923928,0.10323489507485861,1.0376168750294412
3863,0.17289327458852227,0.27742402480032,0.5696956064990415,0.8585692714041053,0.8298019749242207,1.5438432963330615,0.04737881622666635,0.14460920835447563,0.7122987721495541
3864,0.6987642883413121,0.17922085285289455,0.21309969937857096,0.7401767375364475,0.544789452576796,1.44947909699097,0.19598818674413185,0.07059626901691375,1.538892344246948
3865,0.6827240559429311,0.4459059432590784,0.5446034407279154,0.5547441691005508,0.2581742337696071,1.07107697834741,0.07690705138058054,0.13015103942297568,1.3173895400646363
3866,0.7377678555865168,0.8817834001854896,0.4438772611364107,2.257818464872939,0.33666990237069283,1.4159696594981424,0.15197476393236953,0.07871344850060226,2.029329884749675
3867,0.6895292642305886,0.6795833886211944,0.03989469611300667,1.1618051874394808,0.2731011966006246,1.0248073237826127,0.021055554097188053,0.13547043519120266,0.20280766545923223
3868,0.984180516626399,0.23186606843012814,0.34987892336318455,0.656107743546678,0.05288237492350856,2.2802596062122316,0.1670602741633222,0.09863964321945023,1.0308410680011209
3869,0.9565240043811765,1.318892283904909,0.6058509500680735,0.8347319889002247,0.155012665616929,3.2526318842450754,0.3311926005541216,0.07620897903461066,1.4736185464729388
3870,0.2135351029627708,0.4156511951210249,0.1600179921863191,1.3376490880910281,0.6701079307580453,1.7861675376476045,0.03987250927961708,0.07361112562275561,1.0688882199360745
3871,0.020005855649782245,0.4344533275772831,0.5750072607414268,1.376251806593119,0.10526539453511013,1.0824328280510298,0.10076594617698738,0.10940973496552805,0.177093936207383
3872,1.529995278720454,0.016291247222227412,0.1570513582956926,0.45261918957184777,0.8607371072762083,2.609460607300579,0.04219423903427433,0.10658230379146066,0.5548618658233154
3873,0.009176743453506497,0.9327381800519485,0.5058450727540365,0.42815677975650035,0.6632816261556941,1.5841206410983495,0.20386881387320926,0.11126455647584939,0.9471093357711708
3874,0.637663633109633,0.7364167426308477,0.3410244460840422,0.03130629127379514,0.3960045966004752,1.2235570332851216,0.1578208992811128,0.08249697513656622,1.4364175033581148
3875,1.224207017573142,0.2551002606205969,0.23122592148765114,1.0544767254802245,0.9394076564533304,1.9733144911860552,0.01665175994793594,0.11040617168240374,1.1021914043077645
3876,0.7012388745559947,0.018142991241660023,0.681746686156533,0.6251498424197608,0.5442539404925285,2.645670232697668,0.13337291049159883,0.08365796756072341,0.6436474934141077
3877,0.34726961350837565,0.20169367498268145,0.021193323438213785,1.014354296852892,0.10684159933111936,1.2346243966667694,0.15331740983206507,0.08908616669244779,2.037123628868726
3878,0.6271648344294063,0.4233080010669421,0.6017708981890084,1.0895810781774622,0.3056627482471867,1.5295393161257778,0.14761592005573887,0.11918329441739194,1.1407322706174001
3879,0.6918163652863485,0.9856990475688239,0.13820289868125202,1.6529588981185324,0.032585048545041295,0.3185273724563793,0.10692432074917405,0.08081796974290421,2.3020175932629763
3880,0.36705540290194116,0.19501499149952686,0.33029511148841617,1.9843248276192589,0.5134956939015664,2.457228175119192,0.12380816024016181,0.09223848832255169,0.7908778812379507
3881,1.0339647467697324,0.06941559548507115,0.20904828195458097,1.5072594959393553,0.6866325645713498,1.2059846281884015,0.14086806840837707,0.11279962361627682,1.6595325837737125
3882,1.1723992425100187,0.2842322275384207,0.5152245372026062,0.1808265239508562,0.7073996346813745,0.8335293347939807,0.12683944699039315,0.085835458816374,0.630715986312284
3883,0.12154110527227158,1.1667885035442163,0.04869215647267622,0.5513412538524978,0.5931922635825366,2.1023781257036798,0.13291842453435626,0.05974495233497878,1.2777572210423203
3884,0.27481825009856087,0.7771598034337911,0.5394261620174126,0.20654916522857558,0.5999592267229146,2.7192636318010903,0.010435108568219886,0.07460767856337859,0.9200355806935817
3885,0.5098935628485152,0.08900313676176635,0.10293552145496951,1.0567777725582748,0.1352820349013259,0.7368182767582243,0.21798386584627827,0.05524887732914277,1.7018897936086619
3886,0.23293623865730595,0.6368200411893703,0.48009036642055697,0.3894880984900666,0.5058728527111901,2.213508138827321,0.14019570376857893,0.09416470891146808,0.4119025105574478
3887,0.16006472951957157,0.6397137587187491,0.28970820328369035,0.7491654096153373,0.7198983343903421,1.2277891687638938,0.2085517875909827,0.07891086465415953,2.2041064033718367
3888,0.10036266588301876,0.7705364693160159,0.20510638786155172,0.9282604773594011,0.6169184929245823,1.2748830209523625,0.02918023263061016,0.07310640160465826,1.8312212161125931
3889,0.5676673534403527,0.7144930821382134,0.12102729558061642,1.880651875526489,0.8651863544295841,1.6819437338471162,0.14282906578121327,0.0724169311080502,1.39463454738816
3890,1.2772943490235336,0.682935247606099,0.698473722021149,1.1411836933603057,0.6778147242526749,3.2817711980139825,0.18099488290815177,0.09375507069879228,1.1551476717333122
3891,0.13864254463625714,0.6568929558744422,0.31538510692291344,0.647045216527768,0.16494917989706082,3.929342432915557,0.05665023057111223,0.10746063468631369,1.8746635866578583
3892,0.9275592060062308,0.16423923183727346,0.3506033762868694,0.9881339959115414,0.7900075266648401,1.6671749680160737,0.1697594662576813,0.16600387396209496,1.4600866753328954
3893,0.02227702121433145,0.765715222546428,0.7943934222462659,1.417513541593257,0.3237694530051655,1.848014652934785,0.2547620543342211,0.12917285138517548,1.9773774901525993
3894,0.2232618059546378,0.5588718701623782,0.4355550304685366,1.8500319378719832,0.9535947580573224,2.187757523320979,0.07744112616006583,0.11656590426937466,0.7749045190117823
3895,0.9213873733281643,0.06302504035768652,0.5139572326638949,1.04005464171468,0.6920241637562825,0.8663766673962235,0.03443580487708747,0.084879359011688,2.4749045933679
3896,0.29913109860730647,0.7461259541015497,0.2162168087750196,0.49190455418295814,0.1269486357742951,2.342911845458803,0.08001579426061382,0.09192614913911329,0.9875704414966234
3897,0.4297030650892383,0.12454423969629269,0.8129510438799867,1.1491825709391474,1.127168557986277,1.8310644740333022,0.13252676504419172,0.13034365403115802,2.074643267616503
3898,1.678928771645524,0.5223091749084262,0.151871609587054,0.4090527441771491,0.37940220823922144,1.8671876743196028,0.16836903132380054,0.03222331044602376,0.5010672135377057
3899,0.5435138582046524,0.09229063976801166,0.2503630251338482,0.5648333023017682,0.6993452225153853,1.353707206346494,0.2647842884279395,0.09372649923269641,1.9849031530883585
3900,0.27534799643474794,0.18523170655096652,0.12593624469146553,1.2822172102710763,0.40023115021183153,1.8099555565062868,0.11339093471824961,0.08074908551924719,0.795757770201868
3901,0.20748877057798415,0.5881277631832718,0.4000834899591596,1.529721918388944,0.5576725501637847,2.439188892535321,0.0012446182320745847,0.18803298365847368,0.9031045152487934
3902,0.7514428805651736,0.11744890489547496,0.12331460297361982,2.2811470859251477,0.5377543288794705,3.1166238990552837,0.2123711540472994,0.05141949078334903,1.5011423717917314
3903,0.16327664157399918,0.5807552919479892,0.6405354393742122,1.340716288401651,0.5957982281771607,1.9906274078696242,0.09983200554418853,0.06891514773511771,0.8774399790008559
3904,0.1929084353217042,0.28570621696609777,0.181703920837812,1.7713830786561533,0.19069201415824577,2.2499569908049213,0.14170412535198387,0.05117972391828553,1.6342487044759435
3905,0.6186660652589768,0.2205006868189278,0.42770049137217586,0.6341249250445807,0.13169677061645796,1.267121626377184,0.1746013133210414,0.06693343351195465,0.13305187471488278
3906,1.2949409116243367,0.8867408478629684,0.03177774187469523,0.9763358803896773,0.4669300083845753,1.1750308093169246,0.15960369820155948,0.08713936061153557,0.8091741894751108
3907,0.272353496798577,0.006166422690720819,0.318243256739726,1.4233146152908125,0.4672264155444058,2.5758869783512526,0.25149157727121657,0.08429193762316489,0.351026828640818
3908,0.23582665730287464,0.9892225157296135,0.48635032487733565,1.1247485447341024,0.23514389894927823,1.0613835346602905,0.05047608415914639,0.10732842296201751,0.6694209979583519
3909,0.09027653713848946,1.3999212787610233,0.5292702934857544,0.588405177796274,0.4942752898021453,2.0826790753280644,0.2332320978800641,0.08045206496428965,1.623140537845632
3910,0.5740370886134507,0.29078094695075457,0.2289414646372272,0.8627968240883205,0.2648566981309477,2.3979228654611777,0.049575316028740796,0.08529013494524089,2.000260379773118
3911,0.5718975015966723,1.2272075377186202,0.7190646875690268,1.1589775565527574,0.3968002550943501,0.9645663504093688,0.11065610620779283,0.11788334737754114,0.26701720604172174
3912,1.0710571794144088,0.6270246276636058,0.2701585263982787,0.8923998615451154,0.741882905019466,4.288874491458772,0.14617025045169257,0.014241802178367458,0.7332198247685591
3913,0.6790461013693048,0.04844504709325814,0.7534502916871351,1.3235088517818505,0.6954103006226321,2.3945506870190205,0.0533352864207803,0.08069147766359462,0.6275825828470626
3914,0.1724115804358652,0.5093825608012927,0.7514893097111057,1.483531138707507,0.19013279400378597,3.5090337206678486,0.03156500591400356,0.09815252207597945,1.7370718557178497
3915,0.6590012115431352,0.4032339613334576,0.5577532122963577,2.1073000597613722,0.48230965907618156,2.103121854215196,0.09393578514885682,0.064292285922244,0.3877083718156296
3916,0.28681807453611446,0.889472204930829,0.31157443391180584,0.5465610301905406,0.427462986292262,3.6542177641266207,0.032033148299341965,0.10611134364165138,0.8443131440296167
3917,0.7687961470599585,0.3291838119038529,0.7133252429663908,0.7123546688092353,0.6172262058581195,2.0161066130247174,0.23392673651968882,0.08834417237779829,1.1115948296553246
3918,0.15560548370103294,0.5130211626334321,0.03501261331143879,1.0326091911429778,0.343999578650262,1.715137504280407,0.19956644344567526,0.1067916027280264,0.8520281870311344
3919,0.15682295468636553,0.9902439619110546,0.005028284021340201,1.377731347223564,0.6586048415542256,1.630886155970282,0.14463501640968718,0.10674844844831324,0.09743501779984665
3920,0.4271004170473964,0.5161817328037155,0.2938240916754743,0.8246484745345677,0.5654340180188084,2.8887272828578663,0.11308857694040592,0.08501479745724509,0.8163721651767878
3921,0.6668623753319872,0.9439679072782385,0.26519926467827465,1.3797975369835642,0.3706422949796691,2.095947512371247,0.023239832494973328,0.11316727864847818,0.34182430297915634
3922,0.6546666477144979,1.3091030343339582,0.10824146572549992,0.9180628132896796,0.5157731182699997,2.292611838353692,0.23811502329252787,0.04323040067001351,2.2216862846107377
3923,1.384366843226292,0.2743076143667496,0.4891614370255107,0.8479181586787345,0.49170632088264704,0.3285089079738377,0.07584622363015125,0.12827062226442465,0.7584329947280364
3924,0.12137332111764837,0.3488068907517898,1.0674578644784913,1.6411682023928016,0.8379041037640815,1.0630799399213382,0.042464855661769094,0.08738264943065732,0.06706423066815848
3925,0.03433329396535664,0.09762890416293174,0.19547568853867983,1.4665846827006708,0.5524262325443532,1.8998038889051672,0.05740701879974176,0.02428423419227839,1.3367485338800564
3926,0.7791091612888008,0.4995985762112036,0.09216094374862166,1.858991287427969,0.34352962309116614,1.8644540363488002,0.07701703695106882,0.1620860376637145,0.5187793269843801
3927,1.1176622679808408,1.0872461785501661,0.12513157376778136,1.4226545120322123,0.70293900295526,0.7981055746990121,0.04864851862722543,0.10863390598578854,0.2953809297698523
3928,0.5842315861681551,0.5243795621473956,0.4784447172702846,1.4774197137658638,0.6755898223281296,0.06644136074534512,0.09811473477100646,0.08536471826361544,1.5950797965913996
3929,0.09441702140776018,0.9248473681547176,0.3708603464962724,0.8990720707153259,0.29489500922894885,0.10933300833313564,0.05951897106495158,0.08307725974615372,1.725548546848605
3930,0.5389038761895513,0.3481316918311668,0.1472510666176606,1.2660821352014449,0.17437090531864724,0.8681959332434837,0.1322087048226737,0.10712644472753327,1.0203938913062867
3931,1.5105185620084944,0.1020752384580782,0.5855212303122828,1.0481570696546905,0.6526927085226617,2.144181062142668,0.20069057814444186,0.12689422780432003,0.5251816345142022
3932,0.43419349025325765,1.303877045349446,0.33232430152513,1.1488087985745694,0.6211560031101886,1.9606019823711223,0.205794723119207,0.09029206224142451,1.0090632778317157
3933,0.7591291126963429,0.1904738573756515,0.3802096952033909,0.2068479413836124,0.4987832592368483,0.25945783630050223,0.041627471116843284,0.11663336907661291,0.7606214933229514
3934,0.6525427619519777,0.4476296613644511,0.3369353969128784,0.8749070525817139,0.2669329297440943,3.3897071808721115,0.09315437984887798,0.08498480426617358,0.6234000945454519
3935,1.0791375032726638,0.37012959216163355,0.3652239375543602,2.556849020333521,0.18403678551293817,3.0104075935225274,0.10436476186352996,0.07443992903220462,1.6625780626173023
3936,0.11593328054852314,1.082137307329077,0.5374076296506464,1.1514240696024372,0.7750605058933768,1.111356370070634,0.006513772359077283,0.07021602504315225,1.5044872425502775
3937,0.43715546363351687,0.007352192236462551,0.5985766188178704,0.7329246016156945,0.5469789710783431,0.704070372801839,0.1271477811772421,0.13736487127561714,0.6085034743886856
3938,1.3195080875656695,0.28589897078962423,0.4129902293944604,0.9619045151492351,0.2916778356112764,1.3491109309588003,0.0277910869493906,0.11906334573676797,0.15231095598111521
3939,0.21623049586937215,0.37542754096828246,0.24864023609479816,0.9685067753250719,0.7295678890504959,1.2387088252167326,0.1891525502708691,0.0957605451589717,1.77891502229261
3940,0.20234628969783297,0.4505279226661717,1.1889625103008763,0.26317956030997514,0.726401173320612,1.8966707939652574,0.1351596590466514,0.13168360551622793,0.43244879572376493
3941,0.5190256316970839,0.7699897577463994,0.6781805348797585,1.548738934600296,0.2695649387815575,0.6494544402008791,0.1440450685316794,0.05391472559779102,0.43447837869778494
3942,0.14578380711616057,0.3303689201053833,0.7798067718944652,0.5659991922564768,0.379748365475016,0.9334975850951593,0.10262292967943877,0.10922691714139417,1.2798484764675653
3943,1.03847630466837,0.0556227690475285,0.12096949539451074,0.1902266322148619,0.2938660070524587,0.9995308210449951,0.1822334557499895,0.1343611206953864,0.26144108801882004
3944,0.3271125433899932,1.050181028255608,0.8344018889886489,0.1942621109808379,0.4350344172655689,2.4731376780685332,0.11046458098661557,0.05370608410789055,1.1423419417350458
3945,0.9351859769678352,0.644092760321114,0.15659937635242274,0.8293381821011847,0.4613235944320356,1.6758982420372188,0.10960621562020081,0.09121832347449785,1.1390659790585658
3946,0.6156170731732538,0.36959798991245746,0.9985829250237508,1.9510823453802293,0.45955147553619835,1.7755915000388323,0.0046219722606795355,0.1695766639689371,1.341965751566651
3947,0.041487393875812545,0.5392404457524009,0.43473353394814895,0.12346938285925402,0.666078218298519,1.744575353240953,0.002486545213598146,0.08861135884122498,0.9173788424426985
3948,0.7067047507970692,1.1029811156300589,0.1093844076545887,0.10022489382003286,0.33548700270786996,1.621683125472657,0.21885477342355275,0.10758774683673353,0.09849728197802055
3949,0.28029407047444604,1.094880415005188,0.49935010699033844,0.35293150937871554,0.44614828010412105,1.4666430567639495,0.2798795313876216,0.1076987842272965,0.1562835171615502
3950,0.4677702635175539,1.2813068673164165,0.24492084557563354,1.3395641233522766,0.7393875182511693,0.5726124619736248,0.10966874060016411,0.09196518889671919,0.26464462375874465
3951,0.17517965910334454,0.535409476282201,0.18832616416654707,0.2278274774401734,0.9920226927069878,2.945642861190346,0.018793951575983403,0.08615536879460442,1.4940332203868896
3952,0.2727860268636278,0.3077723415647193,0.1633699452721055,1.467670543712148,0.5310617363551331,2.7770995823160476,0.0929828745206312,0.11296986605057766,1.347887735050962
3953,0.3681615108978866,0.34510627374950814,0.5379322137850439,0.4603295932592343,0.4281262552292584,2.136207098934579,0.0777908303673604,0.05272148085017107,0.4238590233266507
3954,1.4973819645728754,0.5032242249409673,0.27960610048273726,1.8835262452591408,0.14440751097967985,1.014832627234588,0.11345651645110226,0.07662468083668367,1.7260455436616344
3955,1.051438608833239,0.8311700469298602,0.9073343803410067,1.358810319448153,0.5556137055189969,3.350029517414705,0.0095247717386647,0.09623879899258769,1.8115931810043753
3956,0.24949661421068398,0.5277170886821888,0.9075859243359067,0.8052873416871461,0.016143711661476046,1.6332850276485245,0.17866175078137875,0.07948234799122098,1.0069747403120928
3957,1.8728027448035365,1.2522818846513872,0.43721936690784374,1.662789863667012,0.4700442369462418,1.9512481910082218,0.10141237196559301,0.08501432797385315,1.6846369502199812
3958,1.0199846629419749,0.14053781159799988,0.8422269346389458,0.6198855947695685,0.12095207075029835,1.0948562638206576,0.12642418162939684,0.13653817356721598,1.5569708825148165
3959,0.472597803331158,0.94767363849464,0.04777174032520959,1.982855319898118,0.6908804111154552,1.3045185905831513,0.08504906179219436,0.09230454684047809,1.182007873591075
3960,1.4159400258055193,0.904425633099071,0.8160729019028921,0.8524241177916294,0.4187504153965198,0.27935714004303436,0.1476099766732023,0.0768757097823755,0.38918701025603936
3961,0.45696801580309054,0.5596434091234875,0.26706073977788397,0.17207162719538727,0.4667811314631378,1.6616100083479357,0.09467267325820901,0.05360796608530842,0.47671176912484364
3962,0.8741243009274275,0.820710408024056,0.8481033800242462,1.676196815352315,0.5487441462262896,2.6042593556338134,0.2826391010188581,0.0840930372430374,0.9390605342083489
3963,0.4823470918628254,0.4899723245192328,0.19859858920445303,0.6306583373863032,0.33226303132978574,2.15182461109495,0.156700915777235,0.08423211540372853,1.8193511824076551
3964,0.17518025192972886,0.6268770422479876,0.3204700657364831,0.9686202331817473,0.2918115422003529,1.3487223091619698,0.06906513936018838,0.09917224425470386,0.11689031920409165
3965,0.5297688732582876,0.19779268043496057,0.1749294993553367,0.8833982675882733,0.5558011976846745,1.2079715980262065,0.1406436790751595,0.11799725617921666,1.4117843539328048
3966,0.5729599532353067,0.36632497002651776,0.18503069111265488,0.7459816513282852,0.39324876763974553,1.4934047085416329,0.06607035760377648,0.057110260078905684,2.460938441610179
3967,0.26825440911489673,0.2570699174025159,0.6455044784084838,0.9725182146086582,0.9409741835511287,0.8310254773150757,0.22672202064601837,0.10835456941715882,1.2195748933021424
3968,0.5775939081984731,0.7730756609079072,0.1296677313545445,1.2019369791457553,0.7947219182226402,1.1019906455563384,0.23053448023303325,0.10292311324653222,0.25812030866572433
3969,0.6683990190252801,0.9512110136295131,0.6332120226179077,1.524713405794976,0.9630904340450597,1.7207243191237778,0.2033103949998539,0.10025868220153826,1.1561561293848208
3970,0.8397074958393931,0.4033521627733021,0.4511003568868669,0.5145369923699974,0.2602016625885879,1.5831527384350665,0.19322375919438,0.1455178328119866,0.4903406397974103
3971,0.4607960489828991,1.1300399469937084,0.24928367025632747,2.3688656142551,0.48322879140282515,1.4739385373309295,0.08407538072212242,0.08913616910462877,0.11949977431826064
3972,0.19605851100498303,0.2925737834048158,0.030687183893007508,1.3991645323885482,0.2797341078931501,0.804542566177831,0.038810211253945445,0.14537453753388216,1.5962412760807716
3973,0.8074364382871582,0.8029784017651745,0.49456017368352057,1.03267479017605,0.5895053547474309,2.43547846150299,0.19310803086012945,0.07945310315303958,0.19011413491096818
3974,1.1978001520197163,0.9462338228310034,0.07924833671502307,0.6510564714054374,0.7646512794629287,3.9148598803264836,0.20187598163194376,0.06764325557943796,0.5675266831941148
3975,0.27096581280912907,0.7045780282181441,0.8075596130692787,0.5631639134765405,0.48269055212443013,2.774162925362247,0.15822155782644998,0.09141047219413576,1.0541956348111885
3976,1.1069392882624978,0.27600826477255563,0.39980105507353475,0.1811263073532513,0.33731442599406536,2.05593813172702,0.20198655316074143,0.13162117199438816,0.7983466826666428
3977,0.4401645275719636,1.1078864893353984,0.6359040361283533,1.6842590691835462,0.3352819010399605,3.177486916363467,0.19097243337094638,0.0898515595439849,1.8522135418863228
3978,1.5117194668904785,1.0984282617911874,0.2805177552667325,1.553672665098,0.45220694183958626,1.5849575791479507,0.016350771359280897,0.11425041700209695,2.192615973491416
3979,0.5927535093102079,0.0008916550196682027,0.5934072663922982,0.0720144815260626,0.5292927824214166,2.9891355830035344,0.3151799779653088,0.09617509691775822,2.1924587808004854
3980,0.8077108977532743,0.5442493475320247,0.29840382074195876,1.9504904692181186,0.43163989668473646,1.7766321826684683,0.17316736941518537,0.08074178438131539,2.2677584539273665
3981,0.10450643806372178,1.0065752795765996,0.14224199322200023,0.4193654029985544,0.7058215802046718,0.016888034733950397,0.2978544885487418,0.10445410864202943,0.5512266967896331
3982,0.9596640251938262,1.2417974143336388,0.28962520501070976,1.5961989469363402,0.6048806325018888,2.71840580340712,0.18552463827440055,0.09778868662901657,0.3257896456772832
3983,0.0016291480811060355,0.6971454436736862,0.2964094065216076,1.950271887116235,0.5322582567971882,1.1433519873725317,0.10250942831746057,0.00041351765966374243,1.772967332200247
3984,0.6895333041774687,0.05041394451459813,0.5545455175410652,0.8219974309424471,0.5045916327168637,1.6819013822536655,0.19021131438915634,0.08630568735817461,1.3941265117949686
3985,0.1224878342363924,0.018612867104445763,0.614017305419204,2.432348080481055,0.20665706050831373,0.24058556553048027,0.14171783522270773,0.07803030351006368,0.5946816971395885
3986,2.101902408551571,0.7860108139086338,0.10119616041782087,0.836333353611566,0.4653001907533895,1.187744021023267,0.3310471670446528,0.07617598508264264,1.1292135706794144
3987,1.1406566730567627,1.0817444611412177,0.09059605296616205,0.9577539371275972,0.44168945655008063,1.1774569046699677,0.16577905987705155,0.03441809506558033,0.5562867728410343
3988,0.6079462500499223,0.2896251752791779,0.771052314612465,0.15132358195468887,0.41152254436782054,0.13016612144771855,0.08890855411281935,0.13075915765743076,0.6524054204892652
3989,0.4670574513839566,0.08722939558172355,0.28905908438874867,0.44591070182148507,0.47005779076310683,2.8281481812571583,0.1890889389526254,0.06265477147516421,2.3774229399584685
3990,0.2808435969524064,0.12520618556496915,0.19698433198271956,1.7015681331578647,0.8545766882697983,2.7959394221341833,0.10536700948374156,0.0699871748852432,1.2719725032021094
3991,0.21082491088944028,0.5881337898465218,0.7354335186121708,1.1375449077130273,0.6952488376030124,2.401603938988698,0.13176919535364323,0.034186882555964616,0.8528872116505933
3992,0.38213033854150835,0.08623732293477476,0.40828068358696085,1.9423457540606401,0.5468708642283717,1.010717966535521,0.25790513195426484,0.10051878007991236,0.3131936388102796
3993,0.7474316921002873,0.05631354529535887,0.09710915916072302,0.8591967193343729,0.09629277428617145,1.5821299624417535,0.08605101554035569,0.07413859631150513,0.29979560950899153
3994,0.9070338258784345,0.2913752451326451,0.234539465604518,0.7859868740781071,0.7499286554195064,2.7046715426029295,0.11760050907308525,0.1099030151286278,1.346398486383245
3995,0.6648579054240595,0.3640406252771431,0.6301893952935308,0.2244508747339775,0.691587712090473,2.285118746354147,0.08000458361270758,0.10606714469987391,0.12387150440795658
3996,0.2458685828960389,0.5494914926320575,0.09463765813345215,0.5715080838933847,0.7274011710727925,1.6273295046495195,0.034733245584578645,0.10282307740938106,2.1352220700535
3997,0.5707768655044568,0.991028653837895,0.11658027451417516,1.0297799139503951,0.29579201752784334,1.210058645939793,0.10054359078115911,0.09575660555662291,1.0409737030020416
3998,1.1587144569601202,0.8981285602122655,0.23787161328854756,1.2575032053848059,0.3531238978499111,2.9727205033401045,0.08339048667074564,0.058005015179548515,0.3641903534707488
3999,0.5804902528890816,0.6541822694337955,0.0007032085937430654,0.849153794943367,0.4235363036317892,1.5930567480058768,0.06218620695444634,0.07162107220158688,1.2715934281176302
4000,1.5159740674121818,0.6440570221511767,0.5338226980701622,1.055093389400691,0.5121716731281382,1.5889710355206264,0.10538084585150834,0.05658680388147172,1.5412963737972523
4001,0.21809648245339214,0.47159022157139185,0.4986562445153975,1.551332039291013,0.21871224003634315,0.8895826531836148,0.1736923563437831,0.05587161128166968,0.8283097216619095
4002,0.7382159088815814,0.5026057081056494,0.15204776407711926,1.4873750470578764,0.41623128389353403,1.3293646362583968,0.1396341454454304,0.12264695278205279,0.8012548093439354
4003,0.22111147150887966,0.4580733250111035,0.18748773505429786,1.7999118420804892,0.9366876689566204,1.6611936799418499,0.05703218894931437,0.13657749693085558,0.6216575399088902
4004,0.29378114332356453,0.7411470251251184,0.22815070140307778,0.6372108381036969,0.4963768398662602,1.5100860931637152,0.16906167108700587,0.1035437121689235,1.8872461794500217
4005,0.7033206057616121,0.7359632726904528,0.19175384997620293,0.8800460762654522,0.1403273044881727,3.3574821154319334,0.1266708670404256,0.09316712068715163,0.7095060119963146
4006,0.7686808036085965,1.0753716347174793,0.28718948720459964,1.9512062411413682,0.32135597745903227,1.6813395715408401,0.16964250440490086,0.14613429995285504,1.3600012746170216
4007,0.04768024314217595,0.9916338071166138,0.3489226605642733,1.307364091113181,0.22105465244634787,0.19829692587830738,0.09621192452219766,0.06113628583849615,0.8890439478050629
4008,0.35958632904848425,1.145218059411716,0.3671952951777634,2.43898912616297,0.5413924946824784,2.273434221390004,0.07272116869115214,0.1184796765975668,1.428093861377512
4009,0.9219887589482292,0.17981322419583087,0.5958677072944809,0.7622968426543948,0.6579052516657241,1.5297877726198623,0.06357197558683012,0.06755356186659428,1.4341224592790396
4010,0.6867768710543442,0.33460525276401626,0.19030560396671856,0.6215739576153494,0.5146560550229934,2.4735354676580967,0.06372984592370787,0.07426071625442576,0.4940662886612097
4011,0.42105635602674385,0.9236501109208048,0.392793796936592,1.2752020329494869,0.6240203831267053,1.6914895151184581,0.29482274778069467,0.12689349188590554,0.19323518926519978
4012,0.09709245358537988,0.01737747684201363,0.46261812550631154,2.707544527240852,0.5063925562052733,0.8243428924092455,0.14836349537276194,0.09854136092085404,1.0558896666416195
4013,1.2664450839291417,0.399073336366786,0.3751110932123725,0.3421881855130292,0.5843480688950786,0.21567269008587542,0.11289379049196792,0.13609596412208463,1.6143545443038279
4014,0.2580573606616237,0.24880049968837914,0.20648402092067528,1.3966023330221888,0.8720542715612523,1.5184754326122598,0.12153586414132986,0.11139380582898958,1.6799696772656425
4015,0.3647879601642566,0.23792410956174637,0.6055702819406569,1.6852405514132727,0.8914315044781242,2.780765040380726,0.08326549131072111,0.09593165827771753,1.4413580090148712
4016,0.3010288525613501,0.5784570941528493,0.6957130314047952,2.099530211667972,0.3138053043933108,1.7677422028468257,0.03378095168000639,0.059296900128854343,0.2499737628567955
4017,1.2794258433456605,0.08584655671193242,0.004417554822813863,0.16780755835749883,0.8864883177676172,2.1865400582017087,0.0635224724220323,0.11054926321867786,0.26733318572731046
4018,1.4490752404581628,0.8540611280904933,0.2471673959176519,1.0084161717384488,0.4732637418185929,3.00577558945506,0.17917658177522616,0.1066740045946468,2.459876748775004
4019,0.6419219070834266,0.9050166675503619,0.40464215956263677,1.6221956731863634,0.4515461483136167,0.5759449438542135,0.02389172513029436,0.11022560313608332,0.007471258168734063
4020,0.5561543874662711,0.27450513560078377,0.5782240672762355,1.6062306494499103,0.9384755383842369,0.6888256940640776,0.19262066881386486,0.0835228293050726,1.3633998042212838
4021,0.463457489239273,0.45048091192255846,0.349050307358396,2.0920429204503677,0.3903899007181988,2.2577314898972114,0.11020878955777537,0.04082952989184149,0.7069605721567711
4022,1.0826320173658226,0.6990188118014642,0.10033299624841835,0.4230938757256072,0.18775690444568666,1.297245336089119,0.07367948399763426,0.12796052356440568,0.32296338082632237
4023,0.8571463550263723,0.3182217181751701,0.6700285444037422,0.6962195030012625,0.40153396683112985,2.1070062025751235,0.13890896775713402,0.09524539798631496,2.1233184971786123
4024,0.6029835264829901,0.8632571640629074,0.39683632659920887,2.326684429872506,0.28359828235622475,0.29526358169343103,0.1562517558734145,0.15197092676103469,0.30204121249957805
4025,0.7338066906820115,0.36569582443104504,0.3096095562142116,1.261678558778062,0.6795108801268798,2.759851552520076,0.0965844874207026,0.0954487183000914,0.7990467104635659
4026,0.8578706955689261,0.843254186266848,0.4852993883134393,1.626120404868808,1.0113782235259285,2.304814584155596,0.15502696272560326,0.07437221650174755,0.5934750192712472
4027,0.5226263713982524,0.7109233412017795,0.26380696318899527,0.7380174602359522,0.5003404675468283,2.484276923350424,0.017515496719640075,0.1061718448629043,1.2321131066055637
4028,0.5363558413928801,0.4123095815447457,0.479371479322211,0.8494855333658701,0.3791975353599907,2.6608483828867744,0.09647433925948917,0.09546201924045145,0.3235806164428665
4029,0.10976114728224434,0.7934184569615518,0.38473826913342435,1.0340902994548262,0.7793211177199845,0.2776539891222829,0.1416995660902755,0.09101210615201413,1.4505933053785334
4030,1.7026397360513539,0.28597590983854176,1.2202359844156674,2.3413110858844646,0.43745899041486974,2.8090362774075057,0.031113264152567488,0.13253824646129964,1.4883601839729004
4031,0.3537883672976764,0.2985800529346416,0.6084773140656166,0.7631082328056582,0.5457869051763858,1.8653968392836362,0.13752477661405305,0.11894730875489117,0.4819740981933611
4032,0.2407755560798477,0.5100003924487537,0.7680994262388479,0.6181669298776311,0.39487331699096884,1.0194884809208875,0.1446874854832446,0.09979452415804631,0.3542664685809006
4033,1.2390552056846384,0.5279610360751634,0.3644768953669039,1.1790017600713512,0.653477964326249,1.7979953816618706,0.18414289412926682,0.05307212117052519,0.7820217926899804
4034,0.6671178302054832,0.0776227861826056,0.6178758960987296,1.2675915599207255,0.48787479243990106,2.8473192484072074,0.2089892803440359,0.10717412375661318,0.6031083700145168
4035,0.7281025658113489,0.2865707319910862,0.42645271432729503,1.95553517617908,0.31327273378165454,1.6850412268078148,0.19954028232985122,0.05133454558414661,0.4429536129067224
4036,0.2566880893771738,1.2764939181299875,0.23812552365701994,0.6477123817647911,0.32715027707843736,0.41819000310676757,0.019738909389893075,0.05878193182261539,0.6835450541366159
4037,0.1470712120993972,0.6878682741374909,0.3894413545804132,1.3067644474401323,0.2130902392251095,1.7588582883213089,0.1882751063642324,0.10372036522530477,1.376717256867169
4038,0.3591060173329448,0.9433244702083976,0.23350626672639763,1.7236891695984502,0.49833849055446966,0.5204609315399389,0.17395030095981434,0.11555209487855403,2.2918367529382864
4039,0.336115648163943,0.07263424280170139,0.30245267762918504,0.5135714072452177,0.8813218770005042,1.4619534623216364,0.03711438885513374,0.04457201556727768,1.8943692802131473
4040,0.09457267070453904,0.3353499341136798,0.4138360743423184,1.0121874521022491,0.19062472200091407,2.33663457353631,0.15877565161134127,0.13787184935737828,1.5719556872623437
4041,1.5304356336138087,1.038824219723774,0.18504671760497032,0.43691532443222336,0.6023819048159813,0.8711519690665689,0.09772795176073376,0.029572356422723586,2.0040763032125817
4042,1.0077515751948734,0.6995420823807188,0.24143245973955055,1.5381531509938922,0.9204613218959816,2.331487765061003,0.11376491357082888,0.10237187766054169,0.7176984252487887
4043,0.6824947494732099,0.7318615271014814,0.4713677595960084,0.9016656337858404,0.6104901054654853,1.8495528844589233,0.05693305504827697,0.12259808449307899,0.44804935204627633
4044,0.783659789576328,0.3688335642404946,0.35650539198281467,0.9306633215600372,0.5394990213084301,0.8726509093715646,0.041144466622845724,0.04814405825721347,1.0731000822375412
4045,0.571566951695197,0.9174936040947748,0.32128198829004795,0.4142519952738909,0.3855972054173398,3.2403189097667418,0.05130700329198569,0.07056193572216034,1.5759468224770914
4046,0.7031998750998127,0.29676588994030556,0.9318847922957016,0.6391971317536453,0.5062777120833286,3.5190736794868203,0.10095347155391528,0.06726522550598883,0.10923947280998192
4047,0.3110831714714309,0.765903791893668,0.4131621683448958,0.8550907746688334,0.27816750125894996,1.4881276176597424,0.11432358911180238,0.13628070590837857,0.6059844447029641
4048,0.9425903484075853,0.6879265123991165,0.2794774232200176,1.5942198882474772,0.5197839149334147,2.5749291708098943,0.09255393837364097,0.1326821456792943,0.38456480034769114
4049,2.1223271881729957,0.2608740744770496,0.23664822313254208,1.2603043294513263,0.476282178344116,1.9090374529153438,0.14851388053913317,0.06537647670795449,0.048188641677355704
4050,1.0484411798005504,0.9187771191592788,0.5459465383194217,2.6949063378822937,0.2328500136566174,2.1480244081443187,0.1173248137908898,0.09430668960601137,0.9944859011386756
4051,1.2085567158562798,0.43670263363600276,0.5373053919420809,2.4483472784564895,0.5403300251726157,0.45557567765561124,0.12581060538066752,0.08468372324594396,0.1743566058619881
4052,1.0842662145265283,0.11402149422260904,0.6207904163860282,2.3082582079947565,0.5025982311794025,1.5421903552490626,0.054863757739027026,0.1307495055442519,0.912810776739338
4053,0.9093687753566326,0.7399684770430743,0.23161777528318492,1.1404951168580544,0.6476108147557927,0.8895921038219966,0.00886543537627113,0.1398101549610524,0.6261366541854662
4054,2.48508496040635,1.0967060947022833,0.7518582268908318,0.6471784445968185,0.8347711711653245,2.713227225162155,0.07325895730322421,0.06132796183384643,0.8219146245605314
4055,0.6561566094503282,0.6544570572599877,0.13594236490828696,0.6514052401281988,0.9059686536245244,0.8246761903790272,0.10213505653850731,0.10006051263999759,1.8135274759441273
4056,0.6274030847414667,0.03141285824007861,0.6230131717305684,1.0242294721720788,0.5542205589072212,2.166102623056389,0.1825111440761456,0.0957012169106454,1.1818882941349544
4057,1.5879509194221644,0.6819436993072545,0.4129539784522568,0.8812013011155896,0.6675721090258864,2.8942138115212015,0.04241289092324378,0.07036138899274144,1.5851991995179389
4058,0.25030623849433525,0.15434097990819823,0.2599738915367026,0.1912000727165757,0.5251857684070003,0.023823859192284358,0.183205503016256,0.09026015330994505,0.6113152358175901
4059,0.7074934613435502,1.3475606976068233,0.8346033766464023,1.4692899915942847,0.582414925267839,2.820850330436447,0.20515712946585285,0.0947386372695353,0.5544011004593856
4060,1.023803310155663,0.5303988190256741,0.783508882414653,2.0051962288411374,0.4582192799592557,4.01687471351056,0.22731250015344506,0.08559534127036994,1.1559594929537709
4061,0.9180848960174188,0.31198940028988514,0.045429180316710116,0.6786823155737735,1.0002377004997156,0.5746859197777867,0.3130255852314018,0.10095898991363902,1.244459386959874
4062,0.8864783865906054,0.5451252257207226,0.9441618665295751,1.0990769539291578,0.6158516516937232,1.291266786035634,0.10772459010835662,0.07144040355215607,1.0380582968452576
4063,0.09127953052261789,1.6362004999362096,0.6588211678174882,2.012804588221982,0.40324324024841796,0.03036090068026409,0.008381591074516012,0.10815745252744711,0.9155832074256894
4064,1.417872795602914,0.6354705809747117,0.18419645804965162,0.6761415265803434,0.5597868823989324,1.219371000308939,0.208211525041983,0.07397603563166844,0.6566590480518146
4065,1.498998654477814,0.4572751062360202,0.25663803541687646,1.8793536999564087,0.6351086642004214,1.1078773535272366,0.05662313606031272,0.1167578296382283,2.2626008547454277
4066,1.0421628455675538,0.2915589527648502,0.3237608520620735,0.9434178333307076,0.5596446307267554,1.0107754484527693,0.23135553570873185,0.10810909710751891,0.41862770967897145
4067,0.901797897734143,0.1131943026990774,0.2581287651449974,0.11992104705601891,0.49063890376534963,0.6394032140930903,0.15184135346166658,0.1104671198035535,1.2263435270907532
4068,0.674733390239329,0.35522890937391294,0.524553349205347,1.1821487688943983,0.05530314611951981,0.6041888765210961,0.13401315563594265,0.11018617172705966,1.077707513441192
4069,0.9713562589029288,0.43025896600338626,0.5186059266804486,0.8936024625021532,0.03043563219838008,2.8143510785255437,0.14395523441684954,0.06157432706218531,1.7043970589118906
4070,1.1832596385145107,0.30186679613050327,0.45600126513179956,0.3935168806628533,0.4994995444596493,0.08667896538951769,0.12496811046541656,0.06878067825991149,0.9224738095951073
4071,1.1371734193221623,0.815625971005437,0.3954891998819475,1.1100387503171107,0.8253826873073415,1.6310618304626734,0.20678904258076727,0.07563442172741451,1.3820725386788748
4072,1.1481660489466992,0.5060584424160448,0.28822012901890093,0.9809723133543645,0.6646857441695402,0.7892435801804062,0.07926032683976428,0.061910720279870754,1.5914079944742046
4073,1.1111892038480369,0.2103830431323515,0.25807405547094997,0.8369700276776076,0.5794668045441244,0.33548403210712174,0.10035299236837467,0.09748827175097075,1.949721074891327
4074,0.863940385458811,0.10708187763397736,1.4168374565274704,0.35524131973765916,0.3909273471029049,1.914986623771979,0.10486604059571984,0.02851323997384353,1.1717235332275404
4075,1.1911557299985926,0.6054157366095022,0.568565183369685,1.9624741688404956,0.7429230749255794,0.022418841829906055,0.0032408200791971126,0.1261466823217438,1.576366307528311
4076,1.4486887113757587,0.908350369229912,0.4794166933951548,0.2253903090967494,0.4659288165425158,2.1166759488399136,0.21751916463207932,0.07856813718447786,2.401597577264766
4077,0.5300653526817525,0.25325809138745226,0.4073463778805588,1.2011511877190642,0.2528553423139808,2.435271584062088,0.21194177786730345,0.07898630867767314,0.554178945410799
4078,0.5959495883895475,0.48566052577651947,0.32637739211392763,1.1786755579873749,0.856056899910665,1.8468477847560112,0.03992355610404502,0.039221738166841894,0.6974030713613987
4079,0.5436677599207784,0.16113041935859349,0.7121912665092004,1.8763552008251951,0.1082290819977072,2.2399447339411616,0.07883801089361414,0.08899586022487083,2.515334212002064
4080,1.154010794940092,1.0524692011505783,0.0995037168820356,0.20524440967063295,0.27977840701227197,3.452194032832629,0.04040928072323664,0.1284170748879096,0.06522617759726312
4081,0.09001036927570527,1.0570318842713171,0.356312688997142,0.6399328051152229,0.39369568800497906,2.8917774094813646,0.08555564950923183,0.1122653566910894,0.0636666671361864
4082,0.981112787251808,0.16302444227090143,0.14385554591737224,1.0302875460533747,0.8128979518076148,3.5223732187371604,0.12805792124912224,0.050659404343121744,0.7103058478016208
4083,0.0365460449292179,0.5932122085002793,0.4021123802185551,1.585258834986282,0.6095162681548465,0.3090389371818216,0.23462974917142732,0.09914992581728005,1.1224511776749027
4084,0.37638722730489205,0.2949720123902146,0.11452837405052244,0.29675249985900665,0.48953639605895294,0.9934939858265572,0.10117876580621403,0.08738625581518551,1.1339510201449277
4085,0.46804678591320514,0.04483917687428712,0.3939593054960118,1.4709339744507195,0.5322062211805991,1.8821405840621959,0.02204355839012044,0.0695253776345843,1.1938983961286604
4086,0.49493129600064983,0.4436076107896746,0.5832300221788966,1.465130685542345,0.6701722791878926,0.4891031320614454,0.046870040763212155,0.07664281707597301,1.120539807025934
4087,0.48457644533193805,0.7586394281741943,1.027996852343302,0.2861387281245462,0.32050301575782336,1.7347904297406525,0.20261040744376774,0.1113889499584414,2.3396772433008195
4088,0.5732968528215651,0.6476984422182298,0.2968009975258935,0.29843689189178635,0.5217839985760255,0.9978186828927236,0.10968630520975084,0.09742797151314703,1.2561456706806338
4089,0.2768647946935284,0.8117664769728252,0.6506036113719939,1.2922717478088437,0.6207320039573035,1.7435537914884018,0.14824020964753246,0.09404539706269337,1.1206197129402506
4090,0.005193633964271471,0.4330339718479969,0.3504359552373527,1.615548809712131,0.6218578200472741,2.488090744900919,0.10439498875222958,0.06594471961974262,1.512627774965543
4091,0.4655858604763795,0.7034942778733554,0.798427015367674,1.6322252386617369,0.6089277035115988,0.5671936027199758,0.2161126970629487,0.11747835844632326,0.44911400443718624
4092,0.24119514748586102,0.3200773883664187,0.8033921978611875,1.0979818546327784,0.43431905835045753,1.7698982627326152,0.026551825156687733,0.07002833073768354,1.1699553498696709
4093,1.4513279775606605,0.8025696444276603,0.12232671981752002,2.0215258372251528,0.4005382626144889,1.0086992035278186,0.28163944176103484,0.11871506145578886,1.1920216279034055
4094,0.0911700075117074,0.5136456191448396,0.5826318476311895,0.5295427803840167,0.37921409515008353,2.80390667728179,0.2330908558467294,0.048921912521276645,1.270259387181252
4095,0.4342617694850985,0.6145799540075934,0.30880022073039987,2.131447849395458,0.8667160119892452,3.0814777745814848,0.17077000354526198,0.13210812839522143,2.2567252516220657
4096,0.9692727407901354,0.45474579586977903,0.006831313675708495,0.5744371194811395,0.5152780350794545,1.9958447733866718,0.12016581371123718,0.08184245215362614,0.7351578806111021
4097,0.4299350842713602,0.5897331002893592,0.5364950350577706,2.039576825012232,0.6595535736837239,2.5311844742616953,0.15165586491317157,0.08846800409140786,0.22317325788655906
4098,0.3418843024827071,0.2406166353020193,0.18107812235284768,1.242279977473172,0.7909298067673063,1.4009718805934521,0.2055082927168046,0.10389162516490544,1.6567539949271606
4099,0.3777136997739262,0.5155762918142387,0.3382944100869427,0.42212765458009094,0.6245713987760119,2.3244596177390013,0.07650911699482821,0.07490570268120991,1.6012468173870762
4100,0.008231221834127334,0.554920250231029,0.5687836376046765,1.8714554344197567,0.5373248870761883,2.3098172436870903,0.16244139603937474,0.11151732316124219,1.056779843299022
4101,0.32729739373328215,0.30524305220246617,0.43675341105524657,0.8753714560279358,0.6328250052125012,0.24809010947834786,0.13512178260372223,0.052475812575282596,1.0180897113372256
4102,0.03218196779506602,0.1100419646020715,0.1432130032050785,1.2109810337994815,0.5937225645065761,3.304557651662611,0.05083682123549578,0.08101278202438868,0.4499557339659576
4103,0.5276352031354558,0.5451703290525338,0.5799379608776718,2.8006546984589447,0.6588503705103887,1.1642590337665788,0.2536698766610257,0.10032356247270562,1.0044298332832342
4104,1.990446748266063,0.10554039354358491,0.41269569990372157,0.8526821257928028,0.4105051249810525,1.4048621685641876,0.07907936351929443,0.1165524554952775,0.7273321442041566
4105,2.218273236003319,0.6286662199433628,0.7057371759964731,0.9247382072764523,0.4800058945646519,3.569624386693364,0.16393884497117905,0.08139501042285223,1.4943416035709083
4106,0.8495294872539241,0.6607449709358765,0.45445074483487163,0.8210465023719272,0.44402944077578815,4.144093688504609,0.017021626610919882,0.060450826253127136,0.25523379054277484
4107,1.4963328324701146,0.27242101218090886,0.25245029524093576,0.5524244523404032,0.29537325460639685,1.8515864235108188,0.16134607682522573,0.07158935882261071,1.2215434499696483
4108,0.04206297667722733,0.677374531793355,0.09926147985774947,2.1958117293121844,0.1412447107120952,0.9961589358018735,0.018230090407209354,0.06566189256754126,0.7227222225842465
4109,0.34324632307200703,0.3639391298485215,0.2877409599523517,1.6559334304924458,0.402145076008275,3.7508080923058102,0.034429129668442846,0.05681619288131882,1.2598355628870896
4110,0.6124427626391498,0.6384944043913707,0.25278673207225555,1.0713284964843128,0.42927481562638137,3.317482828366794,0.18571998763995057,0.11028397451131507,1.2064586700862647
4111,0.2614547210989776,0.2792896248857604,1.099855399818124,2.1958567397382525,0.5156190824910346,1.2215390097446783,0.06909859305133138,0.05230943663551569,1.5546180424989111
4112,0.11581922833796787,0.4029725742051752,0.4625631928726118,0.4083366861103287,0.48042575823350353,1.737402378610022,0.05833467809288389,0.0740985585584242,0.5817573835240022
4113,0.6729347962774164,0.8355860886424374,0.11945062477916416,1.036194411272193,0.8178998344897512,1.9564801763294883,0.16896300757260752,0.10523291249756879,0.9942841984496709
4114,1.203963378185066,0.46683855608869007,0.3292958802454175,1.310596452026276,0.41696009396317046,1.7527230191415297,0.10692401308217668,0.06418354121469666,1.914200678186904
4115,0.6199464341705593,0.897761917372502,0.2652331884330583,0.999423719855136,0.23290637291606475,3.0642811975490574,0.2399517606609179,0.07268517171271563,1.8413455692788179
4116,0.5955219029081618,0.8768065621221734,0.3681515114125287,1.1979913178418975,0.6898875730631647,3.1881386099671354,0.14942969746961135,0.037039190102931094,1.4690207955463312
4117,1.1852294145057212,0.6073204045685467,0.1614955682970407,0.7510669362037514,0.7006241641338994,1.482907794097025,0.22977045635574994,0.08689635880870492,0.716902926887242
4118,0.0064399276715612075,0.5980601402780834,1.0932058567789968,1.381851199535623,0.10929145313114846,1.7023543654914417,0.05259948980409698,0.10786162311064316,2.4191809299463123
4119,0.5490216437080189,0.2857181561739329,0.14454624845480923,1.5125388469381655,0.7719977574632623,0.7605043946321588,0.13339231233108184,0.052335775658810535,0.4338456753605683
4120,0.06780544218576831,0.2357773494814393,0.24467549181435297,0.35562991116379594,0.6953259527411136,1.5527156181457495,0.25165660784692406,0.08735210717182902,0.0862002203922233
4121,0.5099974603414539,0.2752423040797479,0.9304184711377456,1.385990645371299,0.41567902080413677,3.7872485152011457,0.10305594094707643,0.12869300285250165,0.07018189742023373
4122,0.8050349468285944,0.4219042535595083,0.15995900076883016,1.1968121233216458,0.4278320835136428,2.0289315461559827,0.0376701358531764,0.06900933347621865,1.281829740306343
4123,1.155796137584075,0.6807521646812578,0.17987049536674352,1.2105335950538871,0.9361273039661979,1.8796279320420441,0.15943976343104246,0.15711373737270012,0.49457554525410036
4124,0.9403454762424222,0.654810990287841,0.556470365467211,1.546820920398582,0.21676922037735225,2.2721154631276215,0.11016660636332927,0.09430965579923184,1.5408620239410848
4125,1.035555035742412,0.16712081976634294,0.2505072985586015,0.48492859769024393,0.21945038450378818,1.6668679444578647,0.09986837654232102,0.09799249941245948,1.9340247189358581
4126,0.711781173036708,0.4663779046757007,0.2348687616789979,1.0764112460804878,0.5317906552932768,2.6833672459015037,0.21678348968422417,0.11962917770139425,0.8552626468883748
4127,0.40980610948673146,0.9238390398404073,0.4720604906387168,0.7811090164455008,0.653009544729849,0.7322989821676086,0.1515902353556416,0.06525420986407622,0.9860469394678585
4128,1.359180888648938,0.06777146715020149,0.0289060210932634,1.271730906226248,0.2791703926545965,2.446932188404713,0.15968362228028823,0.08298775138973853,0.06864198662117438
4129,0.18238511884373368,0.3540441396001689,0.692383000350782,0.4781767778986753,0.8076501593077544,1.1495492061777663,0.14692737112212528,0.09637034553705173,0.6061573498870272
4130,1.2636566865418017,0.77685946278668,0.42064319394915645,2.5729288288327403,0.8689953912165174,0.05977264080863498,0.07297067687669817,0.14369311645179902,0.7801273568488126
4131,0.008790043639856082,0.6556053004605125,0.47348279295428264,0.0689623676980099,0.3127809560831182,0.04947844476927199,0.10590187993405988,0.08242627814141532,3.3790235518546248
4132,0.00228781604540379,0.7282320387536727,0.3390069916072399,0.114749747383464,0.5100819853688429,1.5674278067999938,0.09053065571952087,0.12078881705800566,0.053385907168551405
4133,0.17705132377581503,0.05537395784647042,0.1813664848122085,0.4681125082820756,0.15201935984200377,2.9063387621841312,0.1907501165263837,0.03469770450416461,1.9352592341016566
4134,0.3019158598320782,0.07263052386905355,0.6196134142988254,1.5925468865384755,0.8069990215977013,1.4249031968551356,0.1492610781375573,0.07679962800514573,1.7965784409963783
4135,0.7810960381868133,1.4792201104024774,0.5379100263291952,1.4689557997655405,0.5918252291460339,2.3931605458211935,0.12240846136915211,0.09265401236683252,0.17151318991501496
4136,0.7879706950441099,0.07877379225314424,0.22756911889196382,0.17931223869703317,0.5018538065349161,0.8223033434834331,0.07658347814461924,0.07269933257321341,1.4514448097730752
4137,0.19157288989195073,0.3730004655701982,0.33179501350859053,0.7175954059886099,0.20759716406762596,0.5643388538624643,0.012782798968499015,0.06261749833570189,1.5917351777150979
4138,0.7021177676536683,0.28528178697205536,0.35166573556269637,0.07979396294962438,0.6472765607089845,0.8991275558165148,0.09069715697312564,0.09127748082857931,2.277297680832701
4139,0.1868658361862136,0.30394028037524484,0.15708393437853727,1.522316571316357,0.16737065742754048,2.1112547470618477,0.13832365441086691,0.12054903245680038,0.472409962667205
4140,0.05998925422088108,0.15243701648848493,0.32767466104664306,0.4604024332238109,0.24937259973120895,1.1378024492102732,0.07405791611788437,0.06761854271717015,0.7751696395981551
4141,0.21054249985911583,0.38447525358959544,0.23637584181517834,0.024558077923929833,0.6982029932197438,2.2160044949751745,0.03683628474486625,0.12650799999855827,1.1500910305220282
4142,0.41527488944379226,0.9326029346020981,0.6350436204743549,0.8227015619536417,0.8396085824305116,1.8118592703430898,0.24522872999402157,0.1478471407021071,0.24863205545581568
4143,0.8067549630818156,0.21354151979183128,0.34764139636000113,0.6756702453303607,0.7337559857056892,2.549684961985153,0.10682808354388756,0.15911973537025806,0.41377631140580995
4144,1.235579517260996,1.0191554389200024,0.455960359741172,1.8166495401776777,0.4885321153870241,2.6733538228672282,0.23674196373138007,0.05944237187205265,1.0619270701654415
4145,0.17807184872819976,1.4483434559106994,0.29351632220779633,1.2941421326885998,0.35560037702294933,1.6847179207373066,0.11650881310625452,0.06152997879621497,0.9877682818533483
4146,0.7309048748914349,0.373681407551797,0.6478992761006319,0.9622085943440148,0.46871862235423106,0.652230558432007,0.12862467138503084,0.11664972654417813,2.426436667741032
4147,0.04042099632688012,0.35073863928395377,0.28481207404706693,0.6350428637203289,0.3285787201128172,1.2928601997008846,0.014296390332868392,0.07538747747479167,2.480918179807043
4148,0.6895723033030767,0.43390281094056,0.46791295954522605,0.7754612353876404,0.1500258577864298,1.2204887580242652,0.06303351408693035,0.1492532693368245,0.42233325410226424
4149,0.14768490577402785,0.43429549302218984,0.34766511556883667,1.087515575009156,0.669778740435282,1.2766310280004158,0.06033303416271062,0.12949979720007557,0.5323808845120125
4150,0.08866061764585048,0.235247842062889,0.3962841991891909,1.7350536297198489,0.5883902641251217,2.553965370919006,0.07155300799351738,0.11457070802555563,0.9581951213901061
4151,0.7029907149264303,0.6965484224223517,0.36841803547143176,1.6927009316920318,0.6965908603071966,2.655954606669803,0.017382253566747247,0.08946969806527764,1.4864562648841644
4152,0.10439455168278533,0.44940412850561384,0.8112929565498066,1.5126928613252115,0.4409489706177236,1.8349827708020487,0.10526913314399787,0.07446945551913718,1.915369259095353
4153,0.21333910369949582,0.5069886148349776,0.6955259987523763,0.5945734791253521,0.26131908641937796,3.421952679790758,0.16899649957242902,0.06434267367619934,0.46874944956956754
4154,1.972761548493925,0.9608724154956192,0.28843696073762026,1.435305285050544,0.4849602535029124,2.625142841304542,0.13007368726722512,0.06190138119229903,0.892617555467538
4155,0.463654898023946,0.04687051938281195,0.36238721021618303,0.3410730341434097,0.7949031332761897,1.2002297716428738,0.2668905424952822,0.09714294445103584,0.7139964140449014
4156,0.06277631996284444,0.3511045217486776,0.1924450073352238,1.9305326035467059,0.05391239719480573,2.9236856687642376,0.034103307676572645,0.035473263671187395,1.374687674261677
4157,1.4086761202697828,0.5772988182726833,0.06373900572238356,1.180135659964736,0.4354483329094104,3.3237681747419865,0.10100777342018774,0.08880487478742544,0.8193931144820501
4158,0.3035359183560227,0.4974405184030455,0.06800201279375684,0.5585750726998937,0.34754033539867857,0.3613697654818435,0.1906780553571773,0.09496977238431802,0.6000943207983835
4159,0.10081841981702244,0.4167012493571532,0.541552774051353,1.1186047589465657,0.6645364263725541,0.7653772090545726,0.13323778568548203,0.043228666912990626,2.0633583203501433
4160,0.9984486924077773,0.14680637810939445,0.5321017542926435,2.2620563497801713,1.2278280222417388,1.9285067704227867,0.02347536698242192,0.1201269369063974,1.7055285249393783
4161,1.012325280005706,0.7548412941068373,0.5038150164188004,1.0164360345185166,0.24303243171868866,1.5198556278246347,0.14190819594037224,0.10645221749740219,0.08956186742580619
4162,0.8077147198732342,0.09774447936196559,0.4871677214532526,2.0441625090520894,0.4317856201765312,1.4531624675534955,0.15334523879512324,0.07285582968374839,0.05063836301263469
4163,0.19773024125813965,0.2652686950977561,0.4772622634564106,2.016054730545947,0.530405392601124,1.312764522512168,0.16301969811190126,0.1284320753833303,0.6809355315462946
4164,1.3061728991517587,0.975191059651247,0.2499662335431605,1.8011757121288743,0.22981329507557297,0.731306236269016,0.33437501248083806,0.13336854704244694,0.33584726241247453
4165,0.6535014788683742,0.4412242482078099,0.5011706309777094,1.7029511043760328,0.5368094751991664,3.1354513751252844,0.056473206963236766,0.11675551710388496,1.22598575375839
4166,0.32662790664618085,0.17236162915607695,0.08592885630566363,2.4603249116578096,0.3684171602244892,1.2231379481329365,0.32132817974094974,0.07447722668935766,0.6094731881408578
4167,1.2625117878196928,0.5679135623571181,0.69279932474805,1.6565153621313442,0.3597529992325374,0.9797847922769506,0.12123813185714122,0.07725030968970123,0.44152069617976436
4168,1.815142355923984,0.6761134890112616,0.5671822164344708,0.16159839561158318,0.8629962852991545,1.670704748102621,0.04823878542399421,0.06461335325850356,1.0070976291883487
4169,0.16172131702899784,1.2084695469568363,0.13654218801220294,0.9939154712679477,0.42864368468446873,1.7493959867686568,0.17890772422831636,0.046875658290713176,0.742061588332397
4170,0.02785463184528325,0.3630677724789328,0.22538572615751373,1.3375256789962824,0.6085818392254482,1.867941464840236,0.09846974694207286,0.10466258499388907,0.8708894203802626
4171,0.49036045476978823,0.001989364311477171,0.40510238983399194,0.7983091949763106,0.6642647671991038,2.9365261783924925,0.09144574686529527,0.09106908533808808,0.6845176345252821
4172,0.11566520405497316,0.4054704171754878,0.22233309268046986,0.6405093223233187,0.24879333253727431,2.351395789621076,0.125823781807065,0.12640508046754895,2.0086401753137197
4173,0.07309522662409729,0.1923747222032617,0.38656306133412777,0.7719469553524666,0.5103212663544124,0.9650591271580907,0.11457370187391833,0.09264466273465817,2.538394755933821
4174,0.14120165603636828,0.7756535422682455,0.7135673579607604,0.8708256768796308,0.7529478105933487,1.1596744030761967,0.19773131255474102,0.1023838929908136,0.2254114061827066
4175,0.12864011736606445,0.2997401531323224,0.8529184399095615,0.6249698581929282,0.6599598266680635,0.7143930723573929,0.035369273349508665,0.042165397788215764,1.2759377375994654
4176,0.4803674996811024,1.1301429996957917,0.2022531989847897,1.2474617251227853,0.43388241177066766,2.583160556760893,0.1388286096263462,0.10877771054729632,1.8900121491029804
4177,0.3952936842635729,0.5250475298624603,0.2798635596349555,2.1452336026472447,0.48231037208775424,2.4996885758317102,0.14555099986842474,0.0686320899634997,0.939794033418128
4178,1.413593113895841,0.12337397168916722,0.20546736218393802,0.9911260043499157,0.7944086617446757,1.486544369890901,0.03278090978592636,0.12227598784483718,0.7698818197764872
4179,0.9449104275893481,1.0405912722206154,0.5838503838077962,1.375877124991513,0.4446247252290494,3.000534627438896,0.017295446813263685,0.10154976991092987,0.7909945768976006
4180,0.062156719181899994,0.1095949871483187,0.4507920100268338,1.6490944987557676,0.6383121055386989,0.38636643605329923,0.2232433297415889,0.1400070371724776,1.2878126327994375
4181,0.9847360546969555,0.5318620476108167,0.28059410691135733,1.1709540532011458,0.31398447059831625,0.6629602152278404,0.006552373281737023,0.08215138833225498,1.891733759677892
4182,0.37400283000843937,0.5677591062164229,0.4347567323233574,0.6674428504015564,0.6641905838614839,2.0327925374257436,0.028848429470076375,0.11635461890930023,1.1653369372609255
4183,0.5832849215963489,0.7476973459499394,0.4201243103687212,0.5303457610447329,0.3257173687888518,2.4489838253049667,0.13651137515741135,0.14550420706860906,1.9750215619369131
4184,0.5066509516305009,1.293434923952217,0.8039492585732406,0.42013769899129805,0.5049528263714534,2.1626719618205246,0.006068077463992683,0.10465576518724705,0.764000365735017
4185,0.26976079826163213,0.15851550822980756,0.0395084468629312,0.5894869136778013,0.44831133368021087,0.3956047744416302,0.1674820759076949,0.10657195590251721,0.9597334284070373
4186,0.8604083120635071,0.311815293090529,0.5563327723293995,1.2547722504313508,0.5185515534568597,2.5738753480962333,0.2547645668717498,0.1311588638891774,0.3907229590713951
4187,1.2983390994302926,0.02831065470074512,0.46700651903405654,2.0780432061271146,0.7674300007607754,0.019478418888498217,0.034797247382719096,0.10936722886510825,1.4409022290053266
4188,0.0905386245059216,0.38253318761731775,0.31514103393773624,0.8678053935318619,0.4898296660226792,0.23316932550257818,0.181030066750678,0.0916679920997733,1.5056035542114405
4189,0.8060094883205786,0.5857519558280604,0.6764786674880578,0.8291552829920886,0.09917122309658682,3.625081782535011,0.14510897533078834,0.05556402865567122,1.9039394393392193
4190,1.126282871240866,1.0289611097389544,0.35918473492436914,1.520614963409681,0.2818096053519586,1.0619293127830818,0.06983530023480791,0.08336263107200827,1.7142842849855855
4191,0.8675191855340454,0.05132550755645293,0.1739309640241508,0.6535827671155767,0.08300704319724805,2.4515896783818105,0.20356358378845044,0.10633542627565748,1.2808601823889045
4192,0.8664025481174162,1.2565536778524977,0.38533987136306463,0.8346180248040094,0.5238191656794627,1.3920741557708032,0.2407591486231892,0.08936668965656583,0.8573841739625342
4193,0.5330837802212842,0.8013049166802466,0.17357991887086088,2.495443892734047,0.33378595767893593,0.0027051947935294862,0.08117647010731999,0.02405861766759332,1.8359624145617384
4194,0.33817570714757045,1.1127377073232445,0.3675592208913147,0.8380461942400431,0.3989304021770972,1.8596597690941752,0.12548379724829287,0.10492557680298124,0.33228237360271895
4195,0.30066637764660875,0.34027336727248775,0.39186926721943466,1.7582797069342129,0.8060556004917497,2.3626621378838406,0.006893860668652954,0.07771267833555152,1.669918816903317
4196,1.129717082171246,0.16012973876310474,0.6859942660927512,1.0892925662360946,0.6324434203835791,0.8044499606196202,0.2582413323423641,0.0625358961521563,0.9565093866824924
4197,0.30227894315471265,0.669334099607205,0.4359350130976343,1.5610562433868795,0.14352271224323127,2.1908496153695385,0.2165209506173141,0.08554888278604954,1.563632426962901
4198,0.22483290257344815,0.6648704892832641,0.16299547628871036,1.435719876604426,0.540549221493376,1.9160014625931185,0.1622132373146482,0.033324778053693875,1.3816162868973627
4199,0.738643463477111,0.875134863685719,0.3245451138800463,0.9074082326751195,0.10241553655690594,2.26626452133168,0.11758738699497928,0.13034178379744835,0.7415897951354247
4200,0.44966337554820296,1.1960523680519208,0.5017223249959796,0.6109946718336359,0.42139464881465705,0.6930286355898214,0.033744019724407506,0.03603269155274654,1.1851766633915921
4201,0.542768660355144,0.5232684298896693,0.03800677273765196,0.8127137586700461,0.770128161813066,2.9969040373162548,0.07456811475085849,0.12750569647345805,1.3990500383712972
4202,0.21433472519310326,0.09471601723182327,0.5073702228154694,0.7660304284180285,0.3584178033577111,2.1672900553619328,0.03999043969048935,0.09673654353362175,0.4439163507522598
4203,0.007840974102225118,0.3090550969525572,0.35219193347213035,0.48689091281103447,0.48732227292083313,0.40425089796713864,0.09049674977150743,0.1723456352517183,2.1781686628983676
4204,0.2714071850740849,0.5114872327777054,0.5625340461794415,0.3094588263418614,0.16847362789936254,2.2532006670632962,0.03758603937719336,0.05825974872478147,1.1108184491664015
4205,0.861787016601437,0.7429522243297391,0.5894892758247322,0.652223375006879,0.46818440389792176,1.7418499546318902,0.05061354466200851,0.11402891383581291,1.3433196529151172
4206,1.6578331838659108,0.005839129055574377,0.662686900712313,2.026794335470212,0.6983285522642821,1.3822593156733616,0.17711165182842525,0.10811271464675813,1.2625078834208936
4207,0.0594389244307762,0.0884933512607633,0.6093792991897247,0.8227082841541354,0.4552344753412595,2.4916539808299047,0.16917735968457798,0.13296786637451208,0.728687010784606
4208,2.1311411079329847,0.30441468951143014,0.22122353899171532,2.69613903216212,0.6268904127289106,2.885695023645435,0.07132582347149743,0.04178550077042658,2.3072708715239605
4209,0.657698684539813,0.4447155733784179,0.2280995212705804,1.4318624394042712,0.794348322809143,1.6268934453390766,0.1995517781471231,0.15277368771848582,1.4212527280149039
4210,0.5479256560568035,0.27730615024821137,0.4488687716634441,1.5409551708101255,0.8057075510480287,1.9910869819230195,0.11997760980942969,0.14008199164218277,1.6550497073838608
4211,1.2828087869614277,0.4328242010090072,0.3335807211379996,2.5713044854986773,0.2742250155468675,1.9818415936618934,0.12108153125802841,0.12303960846803322,1.5263843390249956
4212,0.5845582152928016,0.8738953145965271,0.1256323733044701,1.4399975124386235,0.625196433498112,2.6361754413604617,0.01529018515629213,0.06734620618902375,0.11247762789442262
4213,0.22298857824921925,0.1577177225972833,0.29891632789931266,1.5715123226419723,0.3803521163564704,3.387287984377685,0.020577350322139615,0.10660330930518386,3.01634057528804
4214,0.39244863508918504,0.1613637013910043,0.38084239831851086,1.1121776535212549,0.5661789857987147,0.7480560202123363,0.09062679245586076,0.0626335528876372,0.9606349012637407
4215,0.8592243781648774,0.2236819989795898,0.865586922826874,1.7404888295983967,0.6886177422709118,4.384505689346616,0.19034054136558187,0.09412061494176449,1.4178398959203866
4216,1.1810097742630579,0.348465525195158,0.7880130467254169,1.3321540144349817,0.8950551011239782,1.4097436465000153,0.07506281370160603,0.0337974901609146,2.5091394609815576
4217,0.5623898844555273,0.8063465059075463,0.619944536185747,1.3163829762530312,0.4854362077543053,1.5638390744593136,0.12731059054243982,0.13212801240560632,1.5775530220513927
4218,0.06858990531725231,0.27077361262780303,0.8204044763796026,0.7660013211856644,0.3772855116895626,1.526860238380251,0.16764453710895974,0.10747834555787697,0.5791218515855737
4219,0.5856239393701291,0.38431097958335764,0.0800581585193747,0.7346810324723033,0.8750290674295882,1.5032279682351877,0.01515756690485738,0.04801422287315788,1.4108831371322443
4220,0.4236976420047739,0.15159953756885697,0.05373996783053614,0.6478483403166113,0.48195847216979126,0.39921838192543957,0.1256854699056069,0.06571200982291672,1.0586102683596241
4221,1.6996437724077387,0.1768801650132644,0.32672996063359755,0.929137622689813,0.2058386552760501,0.3384421134848907,0.02782521441532744,0.10211187740102035,0.8140332354917489
4222,0.4126745025769837,0.06677264495061558,0.30075749343947733,1.2850201609716407,0.8146117482821449,2.232718400542698,0.03066334563722896,0.11112244143183368,1.7908912744326653
4223,1.6264330135986855,0.6361784020706316,1.1078220505417886,1.7280044552978508,0.8733612693318689,1.646152564355921,0.062395164301061054,0.08849553563319545,0.9198701296025384
4224,0.27696336652252557,1.049814926044597,0.8995214538182662,0.7084925653241263,0.4972724394878812,1.4532180306894227,0.1659185890910111,0.10724846669732162,1.864467966268772
4225,1.2048045028563594,1.5803667673904387,0.24985616864170687,1.7800151974686989,0.4285168188690488,2.0486372492740323,0.27520084426064834,0.07659291711441017,0.6202739898555492
4226,0.3155958416813499,0.8600301268239539,0.6714106819921333,0.14849446324566618,0.9077605867031061,1.9331199817724944,0.19892882150498015,0.06278441164916293,1.2186559605329783
4227,0.40400618130209226,0.11480588736951436,0.8547121621417223,0.6685581107196644,0.4567215371265311,2.4386182427616694,0.009721758625331658,0.07238710710690413,1.4665744051912335
4228,0.6669647668796119,0.3755564343301288,0.4305956098283658,0.8345671664469724,0.15775103902814536,1.5187080706183778,0.12593193959882026,0.1380602126897799,0.5481285524405958
4229,1.2090739215736421,0.4915308479239451,0.6546933873484903,1.1705973806075063,0.6383715829052701,2.2545785542986714,0.20149048627259758,0.03161785880837013,1.1581325742269013
4230,0.16174734426055576,0.15216926934350464,0.9633066584496073,0.4268583259187223,0.6026992785746401,0.20362655537205598,0.015330539166902427,0.0711281382904384,1.614539515320611
4231,0.5197375475979855,0.5460644594605385,0.24982841377098336,0.9127285613135674,0.14764796523578527,1.5872949588191008,0.03132958841401211,0.11017610995625915,1.277965875308687
4232,1.6511382389456062,0.13102893376260097,0.2990641390758194,1.778559647898919,0.19951974134031647,1.5313881615310732,0.18188948808228458,0.05270443651145207,1.1140425531969154
4233,0.6647985617466681,0.574610847208899,0.6380939742226762,1.4599430369606698,0.20473789537535247,2.772097847731451,0.03136967266803574,0.09269268576262904,0.798543207257777
4234,1.342852383673852,0.5858442074706587,0.23041626988594988,0.8799029898955298,0.5301856028760504,2.049709970594378,0.13777599541577903,0.11684303050492276,1.6717404648202017
4235,0.3568847178600412,0.6092215582086098,0.6450453581521495,0.6465412208718533,0.46927470693853746,2.8272324633607315,0.028570162491475815,0.06853077485861081,0.1511335430054046
4236,1.3867329531954466,0.3572254613818617,0.2894287185462494,1.3808392354312307,0.5859057021868088,1.0936541357563958,0.05992668802071637,0.09841966065808493,0.9101729392147562
4237,0.9000087854901293,0.19129354186933373,0.3918997129006712,1.2667958721063235,0.5748740429254137,2.665414904050972,0.031967042385889835,0.14660520771095986,0.5186635774727886
4238,1.0789412344736855,0.6425937941721429,0.6587446535238601,0.6655819293496449,0.5152110618529129,2.0898885924176938,0.12082556699505637,0.16134378902148577,1.7605207270196725
4239,0.6309856347908367,0.2324310555197368,0.29194626040466204,0.5047351603682704,0.44179380682200214,1.304319256765007,0.0518347929783782,0.09320439042263491,0.1726694895685461
4240,0.7380014474853063,0.28191491941696795,0.18260255064620234,0.7434276047526484,0.45219253785853897,1.5268686855488074,0.15924229707654602,0.08208110942448442,1.5495083119313593
4241,0.3107005319097756,0.6739764115708091,0.42144399920498654,0.44986227718595706,0.2773737501563719,2.14348335460299,0.15184316882950788,0.05912646654109939,0.6449821617004055
4242,1.2890012263092907,0.004248892060395415,0.40300652888302957,1.1510119024213556,0.7589104173405519,1.9876369902426094,0.13715841536551512,0.06387147796465464,0.10592767374950207
4243,0.17802591097051926,1.3410899200613329,0.6615608322477479,1.031221051071314,0.6497374674823333,1.3685783710088402,0.17363281848999362,0.05062713813212393,0.762934603876241
4244,0.7329498679444681,1.6181414643995153,0.12135357366792604,0.9646113410186155,0.5756367636346059,0.02602132871275198,0.11554298701861963,0.12261226224605833,0.23628799930246036
4245,0.6709921707826403,0.20996792588881497,0.7740784958910694,1.2380296971563038,0.8185250300608875,0.8076696651831627,0.15070514138417068,0.0658397226583422,1.5078855317285784
4246,1.4053796647124295,0.3078006202176835,1.058314107104937,0.17651975920485263,0.32869375931406786,1.995089736663222,0.10170403703827571,0.032958740057447,0.840507044394465
4247,1.2066088828303023,0.7000618505156483,0.10775973466593164,0.8050052866248449,0.30072622618781647,1.6203714918777377,0.14580180968783882,0.0421535728364179,0.9286405051256659
4248,0.028579813586878333,0.14709782321050727,0.31328761068543765,0.16320519544048673,0.7510536519800015,2.714387433241206,0.027057246939558494,0.009045562990020392,0.823691493735665
4249,0.019450943656991015,0.31804695374671427,0.07687509884390908,1.837171707170028,0.39000788450437823,2.7705433149342964,0.12442626906070262,0.1732306973958076,1.7487492814956749
4250,1.4805327044379533,1.2175461377608616,0.4529934055647039,1.189592340028841,0.4683057747336946,1.1537114190077447,0.10696445085076785,0.07477849746125412,0.8059893353534254
4251,0.9519712899209427,1.2451959006427868,0.50542024867963,0.6503010919140635,0.518440250080614,0.1831048239991091,0.27654157760323783,0.0618293354137744,1.542627416793382
4252,0.18109538468604033,0.14969328280742347,0.15235287839872352,2.021171347877506,0.6965201027287691,1.5486283284650217,0.2634154910287713,0.0902372894298781,0.770461605622179
4253,0.2540715500599235,0.4676255184657069,0.5183400671124005,0.35623013107290236,0.3852363385581183,1.8899401526830297,0.07848762639125609,0.10558080719953916,1.7490540568565085
4254,0.41363335001282164,0.206839828375906,0.5547511219780313,0.511462788585419,0.40113727315372283,2.4768070021659447,0.1201148185613897,0.07469505666722934,1.7517324839247905
4255,0.8848673533765334,0.9191291710611023,0.15638586859502818,0.9048229653513523,0.602014597644431,0.644069931258799,0.05886814435724598,0.01564622311856745,1.8155891377242777
4256,0.47556355223880475,0.735214711728658,0.6749421811780977,0.2457525782420812,0.2821405300100098,0.2010331411095876,0.01274857038265624,0.16407606580450268,1.1976766119254834
4257,0.9042986166053193,0.5539419803397326,0.30003190850970063,1.2829513554547831,0.6453360980741686,3.2822657346234907,0.07333241961007933,0.11607720707839847,1.1005848423726696
4258,0.39086961929624714,0.3082845271670173,0.7035698104642008,0.49960545151164937,0.21625617571615596,1.7239710301552398,0.2415689590623647,0.09460543166997276,1.13984497108511
4259,0.5340301618472507,0.33524997693036607,0.25389785694012135,1.611746322756539,0.6463448197184499,1.695265354902681,0.22497578912116928,0.07594095588543825,0.9474328453363798
4260,0.8519818159832047,0.19132310082700144,0.05495018168606319,1.5437806290785656,0.40461795931833855,0.8246706690299428,0.07877145049629726,0.10409751597301097,0.4234590755763271
4261,0.8895569146224072,0.9876717586845494,0.1432626111910486,0.42984574716643753,0.8246788163341291,1.154358110082633,0.14253881339779426,0.18415454148848975,0.818516953195325
4262,0.6859123710877761,0.8682150084968732,0.12346510254408632,1.4376161061178538,0.09738157438291839,3.0769894211577267,0.14197624995257196,0.12543243287684772,1.136846764165451
4263,0.07964849167125573,0.5151615106493125,0.6137857249053619,1.4533821401490203,0.5303132671237266,2.466167220882083,0.07231411006765735,0.09199943579195917,1.135417217870504
4264,0.8382199655510822,0.26637722064830116,0.8124358941414743,1.960299911688708,0.25019808220917694,2.6906613246269995,0.11928245410886668,0.07931525004242121,1.5918317611415371
4265,0.3690149425932911,0.17320506900888508,0.34348691755438093,1.308070518534642,0.500140275717862,2.9951285220126467,0.1768373505385564,0.09732988635777781,1.0374384196769608
4266,0.6361804186427651,0.4797267879847691,0.39250790197903146,0.49858431413898013,0.43380034119528965,0.6762791839551843,0.053901485892058995,0.0808559040610006,1.1446955678731074
4267,0.6287087625105653,0.8091634239731014,0.26962468495712655,1.2136342260561561,0.026826537413700335,0.6615749936096715,0.032799593228114515,0.1904668183876931,0.4329248192273943
4268,1.1302061987520455,0.7666514477679108,0.31306833926619443,1.832149030103397,0.5113918666959044,3.4739730737970174,0.2437095238129457,0.14078997587502864,0.5330017860004608
4269,0.9641125070725156,1.4883806928585006,0.16078250327906796,1.6845793052565314,0.7266323648400309,2.0916439013290753,0.12213214796169182,0.09923154228780078,0.5285563877538346
4270,0.18365880475806629,0.32122267064253923,0.379119816770085,1.062555562283945,0.34802342995579016,1.4757958648937943,0.13463889674236185,0.12659658483652236,1.8228600918685252
4271,0.2012930813370079,0.8743677474240759,0.12332653292047249,0.8585004651997338,0.753207682967755,0.7141058706496084,0.11152302336265005,0.1302161360499673,0.5158672842508127
4272,0.6072605244743263,0.393629293925905,0.2197670230974047,0.8389490882627738,0.5307663259173099,1.906243820185026,0.2111717591586662,0.10023671879360856,0.04662982551096184
4273,1.0493306927970367,0.08656282805873955,0.894805969226925,0.4836296851987345,0.8160794446083495,1.5711003779444028,0.2386929567446372,0.09150467538850504,1.567859910465432
4274,0.11491994044602491,0.15624546101837095,0.44493337720103493,2.263603597666529,0.5428573119744565,0.04623407050346273,0.09806618868053668,0.14931085694659363,0.9140154362840951
4275,0.3063462653982957,0.3596692968726286,0.007478449672544907,0.8902814481634762,0.23773691534528013,3.6368058809846193,0.20230818459524474,0.09510270301188448,2.1929822649566098
4276,0.007510328395958277,0.14230107200062164,0.18652950728221096,1.485813182369915,0.7097456483625976,0.46331523275279674,0.12223695944608162,0.062196569539628724,1.2042421249053061
4277,1.2007463368463724,0.5006761418545658,0.5761463575295096,0.048992014906084846,0.7186688094684095,2.5637815553960346,0.049227721695927484,0.05750548542571024,0.03773962484792914
4278,0.31262140507507674,1.0340121617285494,0.6348142527733136,1.1443301595289097,0.20603540339576493,1.7967511540635417,0.050892907994500095,0.08758993698869094,0.9810096407656345
4279,0.1499224271558339,1.085136337762826,0.4011602874454878,0.739624308124429,0.24362762378202818,0.4084472852234251,0.07153526875342468,0.08542443512786357,1.0240627571546597
4280,0.4099283015354542,0.5920039453331497,0.44759572638783335,0.8718614932095472,0.6613208862727173,1.6079168178337644,0.11283594949848902,0.08743990400955098,0.3706635074786837
4281,0.7584532887629263,0.5416427664384361,0.27338395672202226,1.692538345708129,0.33760085626663705,3.62691481541542,0.12450469224898002,0.061185711984403014,0.8987784644367224
4282,0.5265133621043552,0.5856637699526315,0.4765342568816588,1.031251864327675,0.534424337585425,1.0615446636453978,0.108096547797137,0.03296852720078502,0.48444676831768463
4283,0.24382636036918925,0.6702002510934902,0.23316295523617403,0.13916710504856478,0.4018273469047143,1.0077062126705125,0.0648056947062669,0.15496583980301673,1.2679807870606226
4284,0.47437999107518,0.5391763748099481,0.31003927598510905,0.9277896993527089,0.18648425315432693,0.8006850660232846,0.05170726436202898,0.0762068121778274,1.611473511699132
4285,0.5453501786720489,0.1684772504654797,0.14084278583860974,0.5622022435877257,0.39897874270659495,2.3698147937504936,0.12072653873412648,0.03320233205667383,0.8661516105533118
4286,0.8393105029419827,0.8874728278100512,0.1325471772462353,1.6499924655938798,0.5297653460794348,0.6929959454037209,0.12940900129086397,0.06738508676878241,0.9835453448353856
4287,0.8189427978800248,0.09206578822318395,0.1584869205148858,0.4040221519866787,0.23235574950624777,1.8901652628017835,0.02431546852040538,0.03726169315022392,0.88532600839344
4288,1.7456206057822343,1.4242269377006607,0.6780714978132707,0.5757358688065068,0.8460679295228575,1.4325114460214594,0.2825579331816704,0.0685034112221919,0.4244036830675122
4289,0.17560543488168184,0.22750578722447676,0.5742716454087246,1.9216647216933662,0.2372693657935402,0.6787220386481783,0.19922119603685778,0.11452606086725176,0.1544064949705246
4290,0.2980686591219754,0.8690206313438149,0.42700952445924073,0.7200741304960463,0.6751420984097906,4.1756606350946734,0.022664656803956254,0.06115253886679612,0.9264491028584484
4291,0.8159829966256742,0.5545318718298685,0.11523590198776251,2.0570752277953392,0.6603953235047034,2.1364811518993685,0.07704134124304776,0.10251076333128087,0.6061836979878714
4292,1.6277922120866433,0.9536145138766052,0.21142069918875306,0.44239077398388993,0.5608366479551945,1.4590969841269492,0.016372690534720943,0.09969992172662544,1.1375626534277672
4293,0.3569962884031025,0.701185863391121,0.35488323155959167,0.3059357327126603,0.4614252437758647,2.963428120401139,0.00760588772351159,0.10656321424042528,1.8308669905736719
4294,0.32633826000877114,1.183496386962549,0.12952857738081694,0.6715959454780002,0.6682375015942412,1.2837905468917756,0.24651588879726566,0.09230452629227716,1.114671277707463
4295,0.7340066919506638,0.9068550944556739,0.5080956433431274,0.24163789818359083,0.6493848797726258,1.0987055835624515,0.16792976829571318,0.09895262232029596,1.47900254695366
4296,1.7101939842954685,0.9642671126184834,0.267553642965288,1.2463802034259568,0.4860980631609785,1.3742565422663198,0.07369430082523531,0.046190486499530815,0.030471721002262697
4297,1.2435960207932701,0.24866587776985002,0.15298772711477293,1.6789730978652448,0.6194859966908174,1.5903505153148998,0.14563047317661348,0.0565452100790416,2.3791518507898055
4298,0.26144606230578277,0.6339171075108833,0.08164213153338509,0.9324427225236354,0.3706769099014574,3.3911073791703497,0.09110658398296624,0.06709444373710555,0.7054286316152529
4299,0.6751278814958636,0.7856588480062305,0.09510339725453479,1.4123324819452818,0.4650320070071743,1.9363781031238625,0.12780277053961273,0.047392275552651075,0.8221792650364145
4300,0.22180943184778334,0.4467603047859633,0.055522991940865574,2.777833834619858,0.9044788947520622,3.110141547381841,0.11389652023442663,0.19178978070212382,1.4236122759595706
4301,0.4814033409794892,0.9715415010798805,0.08622787201828996,0.23440648880435944,0.9249160261765023,0.9034938366988938,0.11485055867582827,0.11954767409935817,1.8457932091972098
4302,0.2010199966258517,0.4468103530038448,0.25075298617353964,1.5441241830363597,0.5947583936503883,1.625184636539111,0.03321672237885513,0.052188018085827334,0.9656074291461946
4303,0.2760291655694557,1.0257634738462056,0.7480302906719403,0.9618744305905642,0.3920242222215723,1.5371174877691474,0.2234737609198761,0.1110303401735669,0.5309240324324603
4304,0.07845902634432464,0.4129438852761851,0.22594616447241195,0.0020332645207276068,0.4291648806579559,1.4424509252615874,0.06589707676713635,0.11897207410455536,1.1075001302341592
4305,0.5222503682753981,0.7517336226968346,0.13938300155922154,1.9696989405713472,0.7072157542470856,0.7863638428993953,0.11053922173731527,0.09911965563436788,1.2117004609881912
4306,1.1520541740739496,0.5979590424977205,0.3676890764670579,2.438776775162523,0.626252416357655,2.295963961505744,0.04864774521461857,0.022893137077129866,1.0985978056660024
4307,0.06980579029300946,0.3034419255313994,0.32903284845057335,0.875970739278718,0.276946968576887,2.5992034453678134,0.1275981325448998,0.10235369240184694,1.641187462646458
4308,1.008609301363148,0.31788236827947913,0.565011665571214,0.782096244331974,0.5381416134675978,0.2304676736191842,0.02149199686979679,0.08074601622028718,1.309473311839306
4309,0.7451768011545048,0.07092779043927339,0.26442791134727234,0.5213431831958866,0.6089921375612787,0.25287424502862144,0.04395247538445207,0.04297595554632304,1.6210057792045762
4310,0.6760390949293886,0.2873508685012369,0.325553689427687,0.43846383248330045,0.6073757617260104,1.836148211833576,0.0658666560983528,0.09598714679888931,0.867916684038056
4311,1.108663506951785,0.041217830390210985,0.36887230521231673,0.2370492968399397,0.7396734359922674,1.1477090870838116,0.10628277284177272,0.11466166976883502,0.5668391678392408
4312,0.8696537629317409,0.5318538811091162,0.6174523285876157,0.056159757336528005,0.6250440103858874,1.400443080250392,0.16522769705859397,0.07567597746982263,0.8079668245889821
4313,0.7833943467550442,0.42420668865338473,0.002701667831087662,1.530239018216395,0.22621364034107705,0.06088124742917045,0.15481947077190467,0.16032095884395176,0.37400623784576914
4314,0.09708311371489742,0.5173131582834535,0.6241172449821684,0.4798905534463771,0.451299618521372,1.8408745101425819,0.13798528083398243,0.06475734285737131,1.1705588574174839
4315,0.94744272855613,0.5252655918411181,0.5366501379266643,0.25774054064127594,0.2303457060417861,2.3945243266788454,0.14203091890640523,0.1247935815914841,1.1124277919383965
4316,0.30184006273442976,0.8217560425845754,0.5566649629893858,0.5611682241058895,0.5013218767017776,2.266849206809325,0.11638974456837382,0.08901048920919723,1.5353008725927504
4317,0.8619221538862125,0.4586939488963799,0.304615313347377,1.566276993104227,0.7092232762953756,1.3832529773043971,0.2506661502825293,0.07736934013742221,1.49143720664577
4318,0.5057640802142632,0.42022236427250537,0.700020200391777,0.28145763142541935,0.4973406689183209,1.6686048495824288,0.25497423478088727,0.09250018891814105,1.318951254874781
4319,0.6693905738937252,0.9218294033605705,0.01396767803261334,0.779772914121986,0.682474186098017,0.8132439785968051,0.03741390994185921,0.0859201140667693,1.5131099050117158
4320,0.18585326820475986,0.01312660090472223,0.20815606084582516,1.8476263813305374,0.38525354767491093,1.8145545454747964,0.08473404326346692,0.08260438591508429,2.0066978668646165
4321,0.4391482961648858,0.7083176594300757,0.07015676243114022,0.2860557329505433,0.7290532691751082,2.5635014488471106,0.19823947210341153,0.09451323178140324,1.3531639969970621
4322,0.15177087814618384,0.7193987641371464,0.33509015502556755,0.3858850154264052,0.2028195933249184,3.826338456883242,0.04352444713827584,0.0960554688491558,1.0402917152181463
4323,0.021205151344505402,0.10975330925646995,0.5284612772643072,1.0147549165121033,0.2456567440673561,0.7331838065917987,0.037312836657821244,0.09548990642644019,0.7615288301089158
4324,1.4108955322481316,0.19381391266272266,0.4771285327353532,1.4217404321434985,0.15071493170055578,2.5062665248181606,0.08051625983230606,0.09983922532672503,2.13465785252927
4325,0.07419826710757133,0.006860882150474645,0.5418380353789748,1.8013614097741586,0.7532003952839564,1.4689506879461678,0.13240273895889695,0.11417022138796261,0.11281179182325285
4326,0.5111104641408308,0.5246062848433732,0.35216245674410485,1.2303507336899164,0.47839738853407376,1.752756607281665,0.12492938265533021,0.11130174681886454,1.307585645721889
4327,0.5710107995420441,0.9312646283922261,0.8261103963676053,1.7069910696490678,0.5000954048408887,0.6747744389566817,0.18349099834244348,0.09842057639413922,1.6135510259444783
4328,0.1705963555270509,0.333677726338523,0.23025467854017378,1.2731295408745351,0.4880346856222683,1.6746063499229635,0.010505728223625915,0.1092012781860491,0.8279534327389076
4329,0.7013690036937112,0.4550997272637659,0.284984358593051,0.2712070861782503,0.42849819080902257,1.1452802916531981,0.260037848721388,0.14948175776414568,1.6005982375518424
4330,1.3119249450628916,0.42679256263347454,0.19490210544533917,1.951844531195986,0.1960806138353799,3.2092092459509916,0.08263924179654476,0.09692400498230501,0.034386419863604245
4331,0.968005125215273,0.48543775901222574,0.38157743933509314,1.269433383290834,0.5161361857092157,1.999045274267536,0.05284892997542826,0.12964070396309557,0.9437778135660584
4332,0.33664684912460074,0.2701791005186611,0.20109977165781134,0.6819569113426127,0.6966728945556238,2.548777092179575,0.12686557393873749,0.10792963035878313,1.0181943088472325
4333,1.223850980189313,0.6501373535526589,0.21112870109116763,0.7780540209163948,0.26871563019130285,0.40841650955295394,0.20416693390052243,0.08036769480181814,0.35440734240886895
4334,0.650586534386882,0.8223681797728019,0.24946309580035658,2.802130379396619,0.6082314195020077,3.138859034588841,0.1995972127641241,0.14249833473577922,1.079567599791369
4335,0.5831057824242057,0.6049666461224543,0.2445884987075243,0.08145491939220872,0.5218827852442999,1.3661643996101764,0.3234938565744645,0.1094531135431104,0.09884905553765622
4336,0.07668140233886447,0.43697807085157553,0.4169739794967868,0.899939722727489,0.4379289036593106,1.4261639560075494,0.05178460707047567,0.12150354788173466,0.6345570538696641
4337,0.7715468832457102,1.1779406820298723,0.141736326180311,0.7254627560747227,0.5253412953008463,2.1398950466137636,0.0631877047346388,0.11140227813882668,1.3896689426174482
4338,0.12008721736459235,0.23006951025819872,0.3430781605132964,1.4118953393824223,0.5021105843243291,0.8433503146528762,0.1780270885803065,0.09467122047506574,1.9195987550367652
4339,0.057463637137070256,0.282792089220505,0.07739715213512799,1.6916021711733231,0.6754333422278224,1.0317072581914197,0.3404745956251746,0.10402430514171712,0.2714999226535928
4340,1.4625461731342855,0.32801486515660605,0.1684138361643373,0.7119265661967216,0.5834994278710235,1.393387763267944,0.13795614433036216,0.12297452042705295,0.2439956182473959
4341,0.31674083274945497,1.1377235224421915,0.14614648730355623,2.1816220852414436,0.25090906888912523,0.5457302779769717,0.15415150944812483,0.11071350546988645,0.20892798032241044
4342,0.6146009389288369,1.085987827690679,0.5492986924000895,0.8244153240956732,0.903842714597284,1.7237885603812715,0.1869370457270183,0.10952276813198471,1.0381153123434215
4343,0.7819378509766468,0.6798931212313282,0.11777158965737747,0.575605995811505,0.7543913037353476,0.685082021853658,0.06252130363237851,0.05036424645299887,1.1118097291042368
4344,0.9844691275857713,0.2191942988587129,0.6162122281677828,0.3131279561697561,0.5070671193657101,1.3217254025002105,0.035798032518934625,0.10224229662508122,1.3855503123286215
4345,1.3938706553325944,0.8298100226304079,0.23470591661792445,0.9191319435769182,0.4771748715754277,2.2009931131368683,0.04893165143744736,0.09893753357808852,1.2138746877220656
4346,0.8050726128828418,0.19025759377360182,0.3219543572861391,0.3730675826705623,0.4459028844860151,3.174227731551821,0.12940323140982163,0.12162715727388891,1.1640354275049294
4347,0.2562610035614202,0.21822230716357627,0.6274478827576351,0.12789359549786228,0.19408349216341186,1.0316240474283325,0.10630060274519153,0.05035866649939327,1.4722724507026057
4348,1.9807214215616742,0.2638955002163763,0.5871566357026656,0.8363242729847051,0.39505465542151236,2.281471895410525,0.04767538365987182,0.08458761043158221,0.1794333068538494
4349,0.13560327473953454,0.2499884353978535,0.4024632575931091,0.5477431828717773,0.36796708300255376,3.960608097484446,0.24318424264715777,0.1285652925593966,0.9532102144333169
4350,0.4793312818555013,0.44421625638479323,0.4949902950108628,1.0377382299417122,0.38941995411984487,2.630521524413958,0.16993193336301396,0.07885308886005199,1.4169719369901652
4351,0.22063334918961752,0.9985145963064483,0.24679945756410954,1.3442116728523117,0.46434168712438634,1.1900536537078803,0.08120488394423231,0.10438733817360897,1.4815685469915536
4352,0.3634971763125239,0.5565001169113233,0.11867232404823508,0.3740484887975827,0.8075543330347987,0.3511670413655614,0.15097128390150857,0.12224446662750964,1.754836847564464
4353,0.10433156921647183,0.5471520104074356,0.42206797304274773,1.0735841763446654,0.45615102049551265,1.8423117733538519,0.027056270278349642,0.08464525046954884,0.8428763266289762
4354,0.8305270028294915,0.009475524264530688,0.33087664080306517,1.0806621601067028,0.5593287055250679,0.7481463200112591,0.15358917006897457,0.0942127162215626,0.1849140611898974
4355,0.4835959513188819,0.28153249064351527,0.35493484822936305,1.2135228262615307,0.5247159822832934,1.8767246520875167,0.12469196449240103,0.13168686875202276,1.7180057838503333
4356,0.5612840980784524,0.6175177779114034,0.7522012901201713,1.4806805554652924,0.45790356171216806,0.5040980510572091,0.02558914049176085,0.07024272290737768,1.989368828394631
4357,1.0097625422605867,0.3080943941600801,0.3950960795966653,1.1397304429499087,0.3101396240056657,2.1767317928589347,0.16227322141138417,0.08615991179008456,1.8667356951625313
4358,0.5796386831400446,0.1723522565332527,0.032296577228415946,0.5341352746489547,0.5685600185540622,1.1032703043212533,0.18371060965937466,0.11956206188147384,0.9708968478262165
4359,0.7129594343417305,0.657073956309213,0.26928190746982605,1.076093710774117,0.553952988613112,2.1472116426796304,0.16169030928921524,0.1316330659196208,0.7916064408900364
4360,0.9923755100736675,0.6195432764024652,0.3935444113411793,1.1376135940946257,0.16229872550068297,1.9364636802273836,0.08697220853748634,0.10805919683281648,1.315181506407126
4361,0.38361121004252585,0.11304950540096512,0.5860384938366322,2.000074924208404,0.5727390271778403,1.7085910504401876,0.08617117896503296,0.033098134399008675,0.5394532303107078
4362,0.1381449067921802,0.7954773017564314,0.6543272107322169,1.4068867644922183,0.4778953555144516,1.7562929043352762,0.10530424762733613,0.038379776247139105,0.36973541999487186
4363,0.47843004111104037,0.36454376379985765,0.014028072403284908,1.695851990579671,0.5052424638990607,1.131835399481345,0.20197813402692819,0.10145043777615312,1.7231754800449703
4364,0.3914906459932366,0.537544774577175,0.20901697479840708,0.21945310440451915,0.46475049714298555,2.2233047338370895,0.1102790180661616,0.11389393453171637,0.9263687381022989
4365,1.2675264111799431,0.43111255987744673,0.33879568613140243,1.1227909741499522,0.4444599374142465,0.7116573059803566,0.18496474651190054,0.07189997926990738,1.3463841237053766
4366,0.492990237818515,0.36189628324039413,0.41662619823184976,1.6828046541399173,0.6734514883413256,2.3634858494995896,0.09351342854490992,0.08304842596871181,0.714202645388372
4367,0.7644327418935131,0.7529645043513788,0.3004982068964236,1.0774881384910533,0.9632258863945815,0.9028516635017119,0.04633623177771633,0.11899410381407147,0.3568732446724481
4368,0.24648755101847517,0.8089244703969667,0.4743896054359966,0.7989888085017696,0.7321728075899302,2.112296737270085,0.14301230402022524,0.031050032201242438,0.5572858778883492
4369,0.07899889830810894,0.0272395181088812,0.494134382060897,1.8530569309979197,0.22640141071384784,1.0748775240246236,0.1899963523059694,0.09818523012509674,0.8724974493299563
4370,0.3802140086050091,0.31894672755568665,0.6375551875134433,0.8041988010469122,0.42733899149637156,0.7101337979122353,0.18325646876029594,0.10938061919318179,0.4872352678443971
4371,0.1964926338658633,0.2544273136494461,0.3893153041287343,1.4570520355052963,0.3333587771467491,2.623544515155611,0.0939693817281857,0.15762778275005485,1.132563041132975
4372,0.5309834757715548,1.3519523029469944,0.11235801616819965,0.8394114898274322,0.6764835986912884,1.1366530687725445,0.11668290621208563,0.0994212921174962,1.4814755330384717
4373,0.8970991594163906,0.6923020234777946,0.16887364044283804,0.9535279720852509,0.19027891942625558,1.9291770233327266,0.18984459503733295,0.02798771552804448,0.0647905984502134
4374,0.2639221858132307,1.0245616631977468,0.04793343675668982,1.180200409978122,0.9904263281177158,2.0639340891900084,0.2010697294481466,0.09903918919197081,2.492354769609059
4375,0.14007611460469843,0.3452176318976714,0.640300035477343,1.1221215549504826,0.7193164569679804,2.1130385622130112,0.023074251252125658,0.06102052418487013,1.5167957561608663
4376,0.4950484905195302,0.394995779181283,0.5615360650504297,0.41871250350463185,0.3950616364509471,2.220047019102479,0.06649861908928553,0.12289746706408483,0.04934975469332359
4377,1.1308525353658054,0.7690045952262661,0.4397268221373819,1.376294244593683,0.6473751528187296,1.177119100214874,0.013397663863070577,0.04418857903982523,0.51023213374355
4378,0.7095943555280224,0.31670365061574496,0.7831445860300886,1.0226489592004382,0.716101156690763,0.9812533319161697,0.2879268623438225,0.10698943416358493,1.4793609773816812
4379,0.5677686636321208,0.7397039103261364,0.08574765584718164,2.2426860138588443,0.3734894993416221,0.21292130021343292,0.15259916066102494,0.06708995342048059,1.4381014894941009
4380,1.8094316396525858,0.8098042289200099,0.16398640931458489,1.5683493802160182,0.21493581778127158,2.2384919289812366,0.044741917322441635,0.0970397949947712,1.9310331962456788
4381,0.7839782971636091,0.3858587095657075,0.7030328142091942,0.504066800541709,0.4419771788779826,0.32024442949457166,0.07250062814851636,0.13795012476282606,1.555049363066312
4382,0.651563040504056,0.4516777331294964,0.7190748459818077,0.12461197892854925,0.6518405997741167,1.56386889126748,0.11345670105330934,0.11160643523899934,1.3361218478873313
4383,0.1665972022783136,0.4430626918406631,0.7999501870089414,0.18207350003176748,0.7993499509687902,0.42287195731971194,0.05038960488293668,0.06838423508111645,0.2698018785718246
4384,0.186566039437851,0.6533165343407814,0.44676205161929317,0.7073744568084246,0.4613477808797202,1.6651193716704586,0.11200034627884566,0.09614121054036374,0.13804474408733103
4385,1.0642766363882867,0.8588535666287798,0.2023522421431808,1.0030829313759932,0.5102012128638147,3.371712459409526,0.09229864223093316,0.11079207805839196,1.2435881603893102
4386,0.04955654792850528,0.8072743682471256,0.34110265781193727,1.2427008463916438,0.5177880892803527,2.222917178122882,0.04506612167355828,0.021570284973102344,1.0721102357383754
4387,0.1858992177296355,0.330367199661956,0.3117769977101269,1.4338025749349195,0.8114516709133548,1.4311921697997356,0.10792939889456582,0.07449375714937796,0.027646765811290663
4388,0.5627998774340651,0.2975293196638121,0.5472404093413407,0.6527878505287558,0.533192967533363,2.6788038948098984,0.15495265629192348,0.09085605077311575,0.1717186111046125
4389,0.7191797774366989,0.9107743890384872,0.06259870811028273,2.129622594664726,0.0622175246390988,2.042634139407276,0.13010902551239373,0.11516067716558415,0.913186413754287
4390,0.028143164645357266,1.4438788405401393,0.8446831214066953,1.101486552976187,0.5754750466082982,2.070093663291327,0.025637288676379544,0.14356465381226258,1.5523526542093684
4391,0.5610332146562507,1.299171691794514,0.6563999903474043,0.9971600578645091,0.4771184443082405,2.2908827330081003,0.1482689059033863,0.120460457831295,2.298397211007511
4392,0.300050463085914,0.8919232825629613,0.4283507274618903,0.3414756315950823,0.7556921967219585,2.9717414778616176,0.13985053822670823,0.06775296544211444,0.8102536628626056
4393,0.8061291603670837,0.8403381772835998,0.38216496994393623,1.2112578492024164,0.657050207941969,1.6875184238724834,0.016367627699071713,0.05419387048434618,0.3905434782134234
4394,0.9317070376709551,1.5320228739838928,0.580352241207037,0.7270132599356771,0.4483315762232359,1.9126475544810915,0.261718320945649,0.09316004101582165,1.9414526456011199
4395,1.6109448475779964,0.24293895002437188,0.4133767695331866,0.3856953171063643,0.305743691864783,2.0999177353929093,0.1283387525710138,0.08824678956232959,1.638902352169811
4396,0.8806653691926021,0.8463712542785066,0.07810403763627805,0.8366789799062174,0.4423279017294228,1.7374239042584638,0.08297014597201573,0.08359496680622429,0.9862568909129875
4397,0.17511216969491175,0.8306931132311475,0.4843123922293239,1.135389685786437,0.3316352660787763,2.740505537886991,0.016260897817301292,0.12647607173392234,0.8470635315828474
4398,0.7564500604525557,0.8532513722968766,0.40146939621486494,1.306946303450728,0.5327462557241873,0.8316835995484988,0.06763869654154517,0.10437557082135035,0.13679121863647548
4399,0.07835551936158139,0.12973097048629567,0.6368041253807561,0.6707418570727492,0.5397316994800196,1.71057872863886,0.07247839084745483,0.07624360432910221,0.6743457631857214
4400,1.5480264892642501,0.5474097807177104,0.007016497271832678,0.4977188890490328,0.8533485239913556,1.138782710425724,0.12412983420747231,0.11525844571091191,1.6836575573465478
4401,0.23861596428734588,1.0670087283393785,0.6545887592804126,2.2708339675725404,0.4484911225929374,0.8196852859071003,0.165029420263028,0.1261376673767738,1.4054425054355848
4402,0.7203069775166544,0.5039404068642541,0.3306515104115895,1.3580701801195691,0.43977344893204,2.769210501607315,0.006288340726417721,0.0678588250509089,1.1949203323537403
4403,1.5844812803559263,0.04008907941444395,0.4864895750895386,1.9444944704296647,0.4628676433932396,1.7636452876835094,0.13745872980731155,0.10727657043440177,0.49281029254649045
4404,0.8881778364433266,0.8151239189739137,0.4052080049045632,1.1683350008835482,0.2876754814856705,2.1808906012187386,0.12349645624339664,0.08082793082445577,0.3169423547163619
4405,0.42084523746811753,0.04787940214677028,0.7597531767377765,1.314543539633163,0.3744733328027492,1.2940797889835767,0.042191015355899364,0.11464252054886795,1.2829562377145256
4406,0.47475291863306845,0.5494657543779357,0.08995787845097042,0.6453299489455814,0.3821040698062408,0.6282108302374858,0.1200868062204713,0.15252872589963892,0.03710696348020959
4407,0.07649195581174079,0.9629332688140477,0.3539518875887113,1.7199022761722484,0.2735352565348499,1.0491161628151873,0.19948950013527775,0.04560078056991671,0.38130276102741506
4408,0.11987085463213343,0.7249119995563186,0.3347297504374463,0.5659683744036543,0.3654580342715593,0.10983449974478043,0.08477008399100087,0.0926050667810352,0.30797410472293185
4409,0.5828224924583206,1.3780935838772128,0.7172189606725609,0.9206517619166281,0.3778363269304851,3.352690039009513,0.18187825611658182,0.10556895762021554,0.1389422474034714
4410,1.3771295836105741,0.056493255009015475,0.18829262717874481,2.4629200869877823,0.23140569476785877,1.4330268573389813,0.20846960195050063,0.12032954308986203,1.3012609755562998
4411,0.9061346217550013,0.2101113759536886,0.3776259061752241,1.3932303048999433,0.4673347517545344,2.4029827471819063,0.20601769172778595,0.12999759321930698,1.5097611975050533
4412,0.49156953156131766,0.0017652779220795889,0.33615375200270975,2.727277181435629,0.38250685014017816,2.615671401956098,0.017328310567148925,0.09742113880239714,0.5525332190368325
4413,0.5137182533824517,1.4620445823253012,0.8348962342725652,0.1543263775165319,0.7177688902257836,1.5698413977932155,0.09159700428868647,0.13948416689304916,1.3067563625817673
4414,0.8181655381613646,0.1672595548061347,0.393432472697395,1.225186577142812,0.5295598179331827,1.9017048397935348,0.12347370429352521,0.10860259262471306,0.2491974071639661
4415,1.2679326214558155,0.921133587519869,0.2682475782986179,1.8186781847676903,0.8341808132987051,1.7910710730150232,0.13421321583905443,0.08838660812239607,1.706038081748289
4416,1.364228126509761,0.34243411176455063,0.9798510353131162,1.724273643050312,0.4143831516674289,2.9904536553551577,0.11523708198805424,0.050221382781843606,0.20377837797975296
4417,0.6003032820804199,0.1575298498466598,0.41779987076542513,1.8213822267233248,0.45489826513700277,1.8775541065299364,0.015797164028302002,0.07240841832065911,1.5029608785746862
4418,0.2892799965609169,0.12208329875878865,0.15853129648350742,0.6578842896512085,0.6267025103422863,2.5407881048427288,0.04172891303228585,0.11736827009769032,1.4035805946004996
4419,1.2875925423425922,0.32543968019754177,0.5498609738622966,1.5534635011070566,0.5580166235649712,1.4395216128744812,0.20912246481394078,0.10912010728730805,0.39865785108925805
4420,0.09425713061431704,0.9289804044899959,0.09264765930616572,1.174386239800132,0.37323090574818996,1.2399387113628317,0.15292183276411936,0.09409082012741253,1.1254201419638767
4421,0.5699410208953808,0.30279516084531566,0.5089045704331726,1.5738425338673694,0.4212512687478973,1.2154211178697172,0.1651922956184594,0.09729773620402962,0.3403675451106455
4422,0.7527930683082487,0.7203892426645888,0.18265394269481564,0.4237655521467215,0.4691107787426051,1.5733764724086883,0.2276968854843609,0.1104567976979122,1.2263824296888184
4423,0.48982726631151086,0.22201653480843908,0.4854020576082806,1.2199540421777864,0.6281514387806071,0.8858088627928031,0.14952529410151658,0.10472215306204208,0.0529031860931376
4424,1.0468552980496693,0.3771126439559279,0.7443328024034017,0.8785526431965276,0.5169280489662652,2.9320376217760282,0.02687487864361164,0.13416319142799116,0.23609429782239244
4425,0.3163392354095688,0.6774673139054428,0.8091806889733233,0.15333454107306177,0.6784699015306447,1.6795539305477165,0.0684857999133612,0.12511526091208286,0.6187343850367184
4426,1.5039960837829265,0.8804859210409293,0.683365594914416,0.9177525648776963,0.21394117776448085,0.11096264946203105,0.10235223397438153,0.09046958583142506,1.0005206618335347
4427,0.24139718786993516,0.15260780895748322,0.6520904270480081,0.7695369587828533,0.3772967279082688,2.3697463679629265,0.18022252770134864,0.08117385825373022,1.6445226577376582
4428,0.3217582820172048,0.4408518473133251,0.6058649728342631,1.5561238260382373,0.8658839726303771,1.7445525514106721,0.1884167739263065,0.1065850183376765,0.9173778265956811
4429,0.7194553602916176,0.32974637267879525,0.21531049067537372,0.9156550357034878,0.4256380667042354,1.2244515396744071,0.19283825747675493,0.10772064651908239,0.40411603246634176
4430,0.11010086623787821,1.04508759358999,0.38630740364636634,0.8738010583638312,0.5552577085776109,1.6588845477100937,0.21578617834641461,0.12537459462127234,1.437390088444348
4431,0.9197711007958376,0.729473880078892,0.268111733499885,1.0203917427697802,0.2922284731184789,1.9904079700554163,0.31411336844569043,0.0967073369585055,0.7870342766027753
4432,0.13082732996039237,0.9922832995168005,0.4570919898833751,1.2516863869168757,0.6641538934425394,1.8306313902876628,0.06187529459461411,0.06296425767014957,0.6490085540095782
4433,0.14943207046702559,0.459213667010945,0.5870967362188726,0.6125012336045843,0.7297178566497793,2.2558424905020327,0.12740194857365936,0.12605208494864262,1.354561025067767
4434,0.21171049314277296,0.26045018814903437,0.621162739009737,1.3759959377621782,0.5596835186294752,0.869447075317064,0.1098027503575032,0.1385487459976051,0.5981374798877842
4435,0.3154397379937541,0.45239806403263927,0.8834050513098282,1.7607098788897215,0.672048598952598,2.5367565917925976,0.1004885266629673,0.13852326254335334,1.4191564588144918
4436,0.3862216387105909,1.0148078742658493,0.06964681100994857,0.8529713947434236,0.43697387633828383,2.481638530090772,0.13307756581408772,0.06128201385836283,0.565234810808187
4437,1.0000489465276574,0.5958660808007881,0.6215482830730403,0.7601241723028996,0.5290223421846181,0.3049600082294315,0.11517547132761975,0.12773410572833271,0.7083790312947879
4438,0.10253899341064071,0.187305401336969,0.38446181956340597,0.9571831144735415,0.5006682873768803,0.6236266792185279,0.03353817764317657,0.09169888006884848,1.2525050349104236
4439,0.21940632442380217,0.1813151065617039,0.1787735780816392,1.9484909364976049,0.528909666354145,3.076083313597612,0.11852637339111947,0.10477760621527354,0.10772411864921372
4440,0.15933177827186615,0.37099594377403694,0.8348731627724162,2.2730862302452186,0.6537217402015725,1.636933871913313,0.09881710885917684,0.05595792691560256,0.5357649529955951
4441,0.4444851511103012,0.7619229896125171,0.5518980486485742,2.011529212614576,0.2456822433786281,0.11827529922903723,0.20633938119743725,0.0843795977800894,0.04185250029966414
4442,0.23719324311774492,0.3798774605950893,0.2688352940172769,0.6749562584502039,0.4842414272923758,4.047014434990149,0.07454165127074203,0.14633032918490568,0.8295780754919974
4443,0.7643703790444669,0.7114046605288691,0.4142615058262761,0.022130286875806426,0.18757164327902343,1.5566315131066646,0.23275950981269228,0.11992176679285979,1.6508717249398661
4444,0.5576776713247857,1.0495685511084996,0.5181465886041515,0.8992034564280349,0.7184015632316443,1.3623388113708552,0.09885966810297875,0.14225362090613028,0.11744960979981045
4445,0.24259750097664354,0.506321925580326,0.023464519369042647,0.846404500025733,0.6725477989281519,1.645427441855575,0.02383473060155966,0.1253213231635026,1.8976846284236277
4446,0.8125648789455584,0.5476505572424967,1.0795549718048139,1.6183034051419005,0.47137512379438584,1.1547229224858162,0.2873277436587772,0.10270428823419062,1.7987004436897749
4447,0.28945292374541837,0.38155539777651065,0.5676933698073392,0.47376661291256694,0.46256885176341206,2.74057470557149,0.20938615546174846,0.11372576299724135,0.6407109301170333
4448,0.00926845430222406,0.6292604941654572,0.4292178910107768,0.7536131561182668,0.5569797952902061,0.793428573149561,0.04250320859790668,0.03646494567058528,0.7999567949526405
4449,0.1355390114133068,0.6128340855470513,0.4380036615566733,1.821731591739511,0.6185888269291292,1.317355167250043,0.0839854332094507,0.10170802692544387,0.4363045959963217
4450,0.001208683261943011,0.5858573201660892,0.5814689069899428,2.3188400646176786,0.26157035443470344,1.2976885531814846,0.3245526579701472,0.07694391136001097,1.6335350703330664
4451,0.8609117014850596,0.5061817929351164,0.5892130637269599,0.46076983724266396,0.660801904248503,1.6536108042965596,0.0885678036331442,0.14036530575527165,1.7961929857130636
4452,0.46299035514805786,0.7474305869165199,0.9823082596082076,0.6087791374692537,0.7325501332222788,1.4441882932506722,0.18698143488704033,0.06566309944186684,2.231950902410531
4453,0.284194618489274,0.4004935772986037,0.8105491737007975,1.386736607270043,0.3716552953981249,3.665033254589602,0.19331945914322238,0.08573347131686004,1.8790789863681072
4454,0.5044314655241524,0.03231991630452058,0.5767998881528713,1.1112058075914755,0.7573394389097197,1.66772892631075,0.05366395647275536,0.04594789317736375,0.4494160493396989
4455,0.6416782287410825,0.4520507346843303,0.1470400792514929,0.5854388402502491,0.43843918161612655,2.307124247786448,0.11644983287741092,0.10910434965687654,1.5573458385626218
4456,0.6627587345778452,0.736321917524094,0.4275671425784642,1.5767684722143682,0.4427459515950288,2.430880166514939,0.14555532434200652,0.07227460641852881,1.448435985941312
4457,1.1733564741274225,0.15187710724459552,0.48300532678261865,2.22701458341368,0.36574799657416257,1.2405222087510444,0.2749600819413526,0.11663645778685214,1.2596877264140822
4458,0.3029218695544958,0.3215932293733486,0.4203930569440189,2.0666994079585788,1.0292084476293295,3.465214424271113,0.18606723902592626,0.08845850035644623,1.6750634749570286
4459,0.4085899179739959,0.47633280404254297,0.2528047555762452,0.6628469081468702,0.45344255542571144,1.659242079918732,0.0906516626187946,0.09540696474388025,1.1233367634193692
4460,1.1480999996058476,0.22824046577197996,0.20870705501207348,0.5182018004720713,0.6805545540126944,1.2808353575917666,0.14507499321238293,0.045721581322200354,2.288846391357339
4461,1.2176512858951305,0.6189827597244999,0.024919157948701143,0.5522952703758879,0.6977469705928793,0.38192618895110275,0.09572412285708456,0.08697234947220171,1.076535656345787
4462,1.343840245444175,0.6060680006948328,0.35613267674187665,1.390290258544118,0.3263786292845002,2.0904131068117913,0.12913382776996857,0.10538412337584206,1.1084172879449579
4463,0.013716513096150351,0.627449464863187,0.1409137333051242,0.5417692533624167,0.6682098293810645,2.924947245229716,0.038397038359868005,0.13630602294497246,0.9265513961575754
4464,0.03026757055150925,0.1255425415259034,0.3264325982099096,1.067538033787164,0.3800020675707799,1.379138068895789,0.07342669845092858,0.0886858560816442,2.637410505467826
4465,0.9901994336316613,0.9158043758457821,0.07616050728768703,0.7383889465070439,0.5565480508702071,2.110671931396513,0.09139543595688404,0.05672272953785612,1.1526624375310193
4466,0.2645117228365069,1.2294796931214065,0.17376882489223047,1.4002749110115085,0.34096705030017027,1.7195435403336912,0.00624404972581849,0.11701096819261352,1.6581600058280668
4467,1.682593501971177,0.6349699773290154,0.7169748855103351,0.8315463836212603,0.5607752133943257,1.5333654556924228,0.10360959511193567,0.1258225919105333,0.9202913113619114
4468,0.10370388901727379,0.6961022427213196,0.5535604621443675,0.6603566110999424,0.73216576281111,3.539180046690571,0.2626710080853698,0.14736120606198172,0.8397761859490365
4469,1.1454236418097952,0.18958788318820677,0.5095298465457905,0.6124728736707064,0.5416431789943629,2.4825424296944956,0.11023867553991167,0.14264259495437165,1.7225888031826861
4470,1.1882701117392869,0.31668180871574897,0.4522882591244807,0.5462530322259178,0.438955855815671,1.8999024980019528,0.08220741255240366,0.11325398288585166,1.8962738585602714
4471,0.8332306311077098,1.102455758145898,0.3224137797241808,1.1698068637814445,1.0798832637886713,2.4262405496050037,0.11114141872175878,0.10307592429183851,0.5174714655245657
4472,0.1343053032512837,0.5234075179739304,0.8244738435566542,0.7678443681808738,0.4352575818112929,2.411816896347206,0.06817280785579463,0.10408027350372988,0.7905208552396495
4473,1.8537245284947568,0.3699924031589726,0.3242613887461789,0.8031189690960108,0.2328079584865187,0.7645568178434975,0.14168202754914797,0.05873245658136554,1.3643938712368255
4474,0.9132554783819298,0.3869153879561311,0.9636064085468008,0.42256688040463686,0.6967836363907858,2.5141518604494824,0.1570570211367788,0.12538932548097115,1.3424009645121053
4475,0.9652324741313905,1.387195753147961,0.256292456392143,1.3469875867365695,0.21046739926271002,3.356170592872588,0.17268400729559358,0.07098552110772738,0.9620045811911632
4476,0.8510022171303078,0.11915578046263273,0.7133172146537554,0.625062000516663,0.23837159167964544,1.2375378716745915,0.049564817772651155,0.04199789669635932,0.820156280534704
4477,1.3736307796142617,0.3001955157772379,0.20169464806847384,0.727757544084032,0.24972433111530618,1.3100599632406742,0.10996603087278849,0.049737253196330815,0.2857512013633635
4478,2.345580991367133,0.3209262992546461,0.6935751934354434,0.5567147937309063,0.66497438932509,2.2978278195481785,0.18993104919553466,0.15267266517407543,0.7178023308300987
4479,0.7994392806792603,0.5743523505343561,0.11220969459223726,1.1575167211749389,0.4073522109059921,1.0410237201106065,0.2363942334870764,0.07794238485261555,1.4938186368022661
4480,0.7958135567917903,1.1693422591958451,0.8358328597743776,0.7801155180166996,0.7308638068868596,2.6063172161739847,0.13722112164044023,0.06606954882987735,0.4497689293407235
4481,0.6071115972386747,0.5370049953654858,0.24986186197470983,0.8208596088435566,0.10675029342589304,1.999269702985846,0.19322151859102413,0.09103176459876867,1.1709383960610098
4482,1.108894166144479,0.37414218781234243,0.2415000945160815,0.661516194246655,0.6933577782151396,2.726512475131134,0.2546025585776759,0.050656697324326275,2.5052646433251597
4483,0.6398738072706613,0.984001320467933,0.5303155011355142,1.2406696560153254,0.48131759542639985,1.6419411973312297,0.24376125163529816,0.09664150992648353,0.881585752059002
4484,0.5891474789630331,0.5141116434384397,0.24813987310462066,1.250798685923276,0.2654901418227986,0.939850526733357,0.09995811294005164,0.07188653834264606,1.9917386337466263
4485,0.6280723972934128,0.26847502097553877,0.6159524064399688,0.7672001864051284,0.31934917886849845,4.521398729838406,0.24387899971272453,0.11171568246728604,1.7432139101439965
4486,1.0133574662486102,0.45606629450091385,0.23129165383162037,1.485297680229644,0.27611088714819715,2.7052472851780225,0.014294249588920255,0.08737567723522682,1.2026531822121889
4487,0.44506004774852226,1.0338571197815376,0.20666301146746774,1.9840925977277926,0.7296301120809079,2.556752473784396,0.03563694934117351,0.08473327257330623,0.8150723485551905
4488,0.16692931954410334,0.4708748075774362,0.34883703338982686,1.5860794558668099,0.22065098632432034,3.354999952021607,0.10801149579478683,0.058553231085259665,0.6632315449341804
4489,0.35172662179575653,0.6136548212258808,0.20982447731331694,1.1052368187687773,0.3147491422131794,1.0612465879030553,0.11725228032223632,0.09401437432889384,0.8055600890980005
4490,0.5299416750586197,0.2907481357724001,0.644743305519859,0.6123200458691864,0.5431355160278215,1.4400950932361711,0.2922335666988828,0.1278504891027089,0.5735879318951469
4491,0.20272234675043801,0.5046807933845731,0.48599608237535086,0.4843837537332935,0.5957291704741505,1.720094620461602,0.3178143120346499,0.07171747995545534,2.2371679243563074
4492,2.364712490665981,0.21551618065094968,0.514648681803119,1.877959640995603,0.7076625795923034,0.3800922408185916,0.050196555462629515,0.06584147199948658,1.228720874637691
4493,0.7033555611290303,0.28902573516911756,0.4839967438938432,1.313766580773902,0.22268060416984697,0.5735986583928214,0.09453641953827424,0.10796788651303658,1.9567391461715835
4494,0.584599011674712,0.11608674421496651,0.5460743896021069,2.007444017658761,0.5126850359553718,2.672482078758933,0.13958689323933227,0.0689488348960946,0.36251397527517315
4495,0.5587384267528945,0.0350320515664686,1.043369237454336,0.711834265994987,0.4060110059149864,0.5353157497068708,0.02401451792035568,0.046332093842133285,1.3626208180482842
4496,1.0270054863084541,0.3294022001328659,0.6731715803134266,1.2272872585507886,0.4744951273940383,0.7046145010989195,0.07191902429271477,0.11231288578686686,1.4571292233153788
4497,0.13332488291229444,0.5942014905504402,0.19217994594164953,1.285043168797197,0.09721564691085871,1.1370835360595168,0.06183047061796642,0.11556150257343221,1.7023217986635597
4498,0.7551247530615106,0.6908727835253625,0.4909219609131168,0.9478666074215968,0.5729713071349631,1.416486465790063,0.09573307479575327,0.05144049635522231,0.16397772529202748
4499,0.2884372091187975,0.3576897054949428,0.45604272446779487,1.2097810808512541,1.116931097721918,2.302895017239795,0.12479174351395425,0.09113420980008495,1.0696811362752694
4500,0.6900864378585762,0.15765761645900936,0.592831477216043,1.9877876638675587,0.5342752734653111,0.24348786711348525,0.07432876628308674,0.09845988938168088,0.9038994774675487
4501,1.9955396609406941,0.8431872627770797,0.8269839309111094,1.1292007224212914,0.8682283272909397,2.0278699164099923,0.26037034063691694,0.09959981408465401,1.7192895248316575
4502,0.524186191194238,0.059176010652780886,0.23742225112160112,0.5242155867203986,0.5855106611530032,1.7524006370464944,0.025833807450943838,0.053256689230097444,0.3860099992075839
4503,0.01961313384498009,0.8942112186440976,0.11142655003117752,1.6662877826763944,0.6339410153085275,0.5959033972806711,0.17279891839728767,0.08958270354118723,0.44664136918356284
4504,0.26830248135054224,0.3019785755756144,0.4565424112361729,0.3615508239072899,0.5877877148084591,1.696813155007762,0.009354854664447895,0.03131091888600106,2.0239682189829518
4505,0.07862651768134468,0.17340723745974918,0.35250574796123013,1.0300209611849922,0.687307783081071,1.0976689002418096,0.1948249599462396,0.15349776080781566,0.8108048439057589
4506,1.4545936908867232,1.612920512206743,0.5587205258472382,1.211783160686649,0.2529065551757262,1.6895875363429582,0.05934874585440466,0.08651125837235986,0.15056457046937266
4507,0.8376496008171053,0.4507447914424676,0.7145693241397977,1.7576463089655774,0.41484385279260905,3.4310054874015794,0.23802393134347383,0.00028857313623616154,0.6844051391602514
4508,0.45079850701218627,0.470616329296505,0.39337634657634774,0.6639798560471382,0.5125927649187572,0.38084498751687224,0.17246352782375865,0.10386458989213163,0.7463566039530992
4509,0.3810330935424438,0.42358216416590755,0.4152359584067544,1.3034037865468266,0.7468614346083184,1.404885974916754,0.11760685615738463,0.1604612465640855,0.528790722317352
4510,0.3726930577626956,1.3461110785344883,0.2675606957445862,0.49831781589638563,0.7797998313726223,1.2255797724416009,0.1874055291503181,0.11396545603880098,1.6290879866742065
4511,1.831414507951527,0.9298248678382461,0.12681785406578344,0.9364826953724609,0.6630481680862859,1.293824292199212,0.1344906958587002,0.12232574317940575,1.6150730000860312
4512,0.3204266253581022,0.2536455558432599,0.13300490076104374,0.45927418201471615,0.461380898260229,1.705952580062827,0.16911649549368707,0.11765203540224245,0.6869487589820763
4513,0.4165047171909556,0.18178548627203137,0.5454405099713278,1.0601058030988588,0.5742273022272089,2.0819864681808875,0.09435410897784846,0.10776671256372831,0.16828310207543595
4514,0.10466367415305788,0.16403944562077477,0.06989247137145455,0.6888155684461112,0.6160953971475298,2.5013801236508337,0.14555880091080176,0.07972263985692125,2.161005289508523
4515,0.2781883778373978,0.32949195632760764,0.01906887142549324,0.3093907646342037,0.07725958835339525,2.1060061409110937,0.0016035822991127685,0.153815516551146,1.403544888336805
4516,1.0664376760844885,0.4158526991364259,0.03431737572185972,1.571555473935161,0.6487948055690184,0.15569196299674415,0.03197372808936602,0.10342451408039348,0.9720509550480478
4517,1.0315501089000196,0.24120515530990305,0.3875186240496539,0.7272125399331094,0.5633734110092121,2.4623183568701013,0.22254110073054162,0.12072471586062702,1.3453464469530418
4518,0.24381671986701617,0.1856047245768219,0.7903648384923777,1.4587867756454254,0.46283363413589507,1.5589674841937362,0.1855685172642164,0.09783375751974055,2.4128655233453227
4519,0.6548668079228832,0.8228724514590013,0.6518220755769791,0.5763546336619243,0.4296708218992856,3.8567731697085,0.007743878831206849,0.17415143291466717,1.9176225145161419
4520,0.8089692698095712,0.6899004311365393,0.5211858156926711,1.481716586228207,0.5624980135714776,3.0616276671033047,0.007859321470981104,0.1535619955001684,1.1511235815756606
4521,0.27820226659901665,0.24440837660566617,0.26471704230399523,1.524857992466151,0.6637578795624715,1.1625969296701522,0.12975599091559914,0.09536490063023137,0.8592570919149669
4522,0.9083607334334991,0.5511861576469287,0.27598613938308003,0.6278632951287579,0.6103227214917254,2.44821344510263,0.0465666738584391,0.13862468101078176,1.4547676620726318
4523,0.9013893027412063,1.1112774534044148,0.08180178993279999,1.0089098587615841,0.7961122106669487,1.9208816602488195,0.05293562925494167,0.09716971044260789,0.5300150040391662
4524,1.275862374446756,0.2356397802948218,0.6275666319189999,2.687048304513774,0.6189487930096507,1.9981792697649179,0.07179736953514052,0.08154563678611304,0.7462330501916676
4525,1.3008356407009305,0.8989501887991047,0.15115044346207704,0.3211419958117375,0.5034162998617916,2.9797932076122473,0.16847380207507878,0.0905656898953426,0.07465422530526078
4526,0.676657014997545,0.4157006478384905,0.7138221981352849,0.18915065681474874,0.399933952154262,1.1669052754747404,0.14251294976986872,0.06215951832645589,0.21632053499940185
4527,0.3454187096190089,0.2864518617054063,0.3452589022886128,1.391455389685055,0.552208298377994,2.914976370498816,0.23465985974152753,0.16169779073047874,0.20793215915259844
4528,0.0214193059289412,0.5700431214771842,0.4126975262314959,1.4585397126935944,0.34623105619991557,1.3218993128121235,0.3140324077681477,0.1085540051146096,1.8425395760065597
4529,1.3938763973123018,0.2768245417975974,0.26442621107872966,0.3381037023407021,0.5675534106988059,2.567065841742296,0.16475468957997952,0.12782003815707355,1.7422596914604709
4530,0.7178101307832049,0.9817382271760937,0.44143564963506415,0.9416022348626667,0.33864321691661126,1.8637607146582442,0.0729311161182003,0.11891655547960259,0.3842484618897016
4531,1.0168331441224323,1.268505166134472,0.25016528404874894,2.116752344688555,0.290948908088944,0.05140070688079046,0.31317040309343785,0.05712455268358714,0.5473246777996442
4532,1.1455792328471646,0.4129323907571481,0.31866915710280885,1.6970653994464282,0.7531616000515016,2.2125243293981303,0.1330947696505583,0.114279090869658,1.0801223385857806
4533,0.6316458029468408,0.48198410598064223,0.15560129960891264,1.7011773160653185,0.5581031260690648,2.9519256124266664,0.14254894337755064,0.0709145485468661,0.4891404067447965
4534,0.2820070404021194,0.7724063127237832,0.26414491612821045,1.544465325976279,0.239071288859181,2.3865403611145912,0.0846167209260967,0.06204688848536785,0.658530782345854
4535,0.3136460030112364,0.6324316281611753,0.4321587117973731,0.535361951624548,0.6839152766254029,1.9697505435078422,0.05412139656965683,0.1420465957397692,1.4531402987658433
4536,0.6759705206166855,0.2583520321348497,0.09801540854556295,1.730939941303642,0.3755886444276179,0.2714171894463102,0.0928793931747061,0.06161712862129089,0.8570243968759725
4537,0.368244196020436,0.6797529978234254,0.7485638655515352,0.06807583214917712,0.42406353642165573,0.5868329773616066,0.05051691771746084,0.07460456544048967,1.0701392667982508
4538,0.34108448999791774,1.0494586932066092,0.874405578690007,1.7467003354684567,0.4059933266988319,0.2949756346310328,0.1643455841058389,0.1274187403353904,0.8131995829890045
4539,1.0775388719936019,0.1440623703474895,0.14911092049684524,1.3824352684091894,0.49203088202918616,2.300088423585258,0.20696154057937333,0.011106280036013952,2.7208802161583714
4540,0.11244896262674842,0.15670938555682182,0.6759213742501102,1.3906767642813898,0.2289983134212104,2.246974836679661,0.20258864774632523,0.078936116811123,0.8106394615469317
4541,0.0638014921573829,0.4171943467829525,0.2944871143633926,2.299294406848205,0.7834893357179449,1.7480389207688123,0.3008028557787995,0.10791751945595764,0.44417807903738377
4542,0.013875806646712951,0.6794342618090485,1.0390847781601549,0.03369131400644265,0.27512155871559885,0.45074820546654104,0.08467965999341127,0.07785965346801899,0.29106953745240827
4543,0.14255520839817287,0.20420113328344244,0.4540186947564408,1.7925973054190436,0.46652905192349525,2.8582067158318174,0.13499919763649623,0.13640074816981027,1.8329558066023144
4544,0.6123778940252721,0.8401070577368785,0.2417026187449707,1.0530350283035212,0.3176289782357439,0.9626449713640124,0.14730437908932453,0.1330960043564474,2.1372607412581126
4545,0.5666531828716799,0.5245925413252557,0.30526716942992616,1.0400733368979667,0.30465314023321255,1.1781303820164903,0.08634071593942964,0.0778787305945481,1.0317891956558218
4546,2.309545257471414,0.3984331191024516,0.29907177083800573,1.0919420623785752,0.2919342670021545,1.8580618760266283,0.17340704917637204,0.10196072046964812,0.6271500169868738
4547,0.8687816913618673,0.5023703464241354,0.3865190817022441,0.9298471268001469,0.4018687608576893,1.7021402479016565,0.03259672927107375,0.09785551472434906,1.5321145406030452
4548,0.5390176815996979,1.093855466428104,0.22303012061868516,0.7262793412466868,0.7927793097781746,2.877618145926551,0.056835091352086343,0.08711408629074394,0.2678762005113977
4549,0.9180931856586636,0.25029004113464465,0.37582276889647986,1.1019425586210991,0.4613318276129832,0.48265258830811897,0.14681120994114552,0.14339321968568894,0.18213185720042524
4550,1.4254958188130593,0.32023756192211533,0.554529705084275,1.2502543117397695,0.42594014521480683,1.5418198839689743,0.17387896685631704,0.09129422602386993,0.4884733827566895
4551,0.6566157772187409,0.6323400439351201,0.9715366040477221,1.2917004745543337,0.4554699933051369,2.65925407095225,0.144029274235181,0.06649210411502468,1.6425251535137027
4552,0.8641600736509194,0.232703309958002,0.6497408501716859,1.2594902706679365,0.32951906041002726,0.7340052265745101,0.1518690053564689,0.1557519033762579,0.9424160081954228
4553,0.661029039756395,0.4514102443717593,0.2967717624020241,0.5357461138144767,0.2723632255449276,0.9716490314448013,0.20475808612019614,0.10936979007438638,1.060593256061956
4554,0.9390420918215692,0.6428101728727911,0.37913499432519976,1.6765252185851192,0.5618913287465694,0.6703422717898708,0.18564229828999818,0.0748099135765797,2.4004092582070187
4555,0.888261084411045,1.192555738802446,0.43918928286283393,1.7380841986338762,0.6309911878426069,0.9336172174124993,0.005826971507910617,0.12982913266463803,0.2580104633259557
4556,0.13833979831163637,1.173227203636429,0.28713497921828834,1.1608430965043917,0.7165750329093176,2.334533617982637,0.13420804957285437,0.0845504705273148,2.2129332506498285
4557,1.1204236651415107,0.6236938652554993,0.926972982038926,0.6003869490905667,0.6686314271900407,1.4348626260166433,0.18314864174224924,0.13651831572702972,0.31239446516004754
4558,0.8973108185321643,0.05341821625924592,0.19576151339883718,1.8727362898895041,0.6897070544101687,0.7680830235510208,0.1849984316420047,0.05711427888245839,0.9538095771201547
4559,0.08925562982556162,0.38805772552105217,0.5874800726571573,0.9528158183285944,0.6330115780969946,3.2334900355447376,0.04826746151768411,0.14085770762820396,0.6974337407038927
4560,0.5947712771024669,0.3955136161975429,0.03474079790017498,1.407367304576129,0.2781837583160168,2.6662662444813616,0.017211539308494894,0.07617323175461807,0.6627471739440504
4561,0.25725149265613323,0.9318447583835854,0.38583306914992654,0.5661928477402662,0.5215052971528473,1.6443637153904467,0.06075154808934088,0.09419320695448763,0.970751887713931
4562,0.15829477945398385,1.3540383873973156,0.2075602496729515,1.0140338836969338,0.4897240484483882,2.856060389690774,0.21163209608972344,0.10561776495606015,0.8464198375938903
4563,0.7439812304941472,0.5086794346175045,0.6560628898115457,1.357172757291392,0.41916150871884594,0.5950656204273979,0.1274992172214639,0.07705011806096984,2.066127442664837
4564,0.010497294897089893,0.10636481881562454,0.1017509005305057,1.4352337640760906,0.0593591011881765,3.165321451224743,0.12037496845357988,0.07468965196657144,1.2104220214347308
4565,0.028621590228331772,0.2868557119083927,0.8829893316960958,1.4572885825522517,0.43557998002714626,1.760515046244236,0.13233690687048544,0.11491348384031397,0.440967877814214
4566,0.5361240744151412,1.03995636608565,0.40832057379508213,2.261067398274108,0.2980187852529148,2.534484265410979,0.181062186440272,0.034505122147964896,1.7931997521278547
4567,1.1690424978507403,0.6814034571475974,0.5489367850034302,1.928931941351932,0.3527966837051498,2.4370059012323946,0.18150083537736156,0.04803830730821674,0.20743939162554792
4568,0.4974695487928039,0.6899829751174968,0.5323670129733898,1.2121630652870143,0.4334317725564352,2.4543196526917392,0.011889535991024894,0.15931514701787539,0.5179912294590949
4569,0.25707401525148155,1.1353967031971073,0.670041288615,0.1946200286579708,0.33042347805117245,4.056102193625068,0.0295073270405269,0.1386056526383152,1.0261276452829449
4570,0.5089793362947812,0.22757641657675165,0.1651725732558552,1.373443963819233,0.30875297136857005,0.0995936256904284,0.024623490478578133,0.11583050498114168,2.4410453956964098
4571,1.1974896730461406,0.9919074049940022,0.6561820883877241,0.736143701028703,0.7915338523963578,1.428663759101826,0.14101474165984917,0.12496215562135496,0.2650068492487907
4572,0.7241062618489289,0.4286384745078118,1.146167094197225,1.1997832921087364,0.504682185449711,2.7090611010111436,0.07303090284764942,0.054548632686929416,0.08577540916095971
4573,0.2805099675649786,0.45154069132061203,0.5951472299528822,0.738192622194308,0.3538775277532433,0.2590933540464757,0.08251018386264514,0.06996196922053881,1.121050964464223
4574,0.13649250119370193,0.429041472894129,0.2124893481433331,1.0934290317572706,0.8409145900229892,2.7184236980382384,0.15971247274797049,0.1115676100429232,1.1628484774555417
4575,1.0224667045499025,0.7275240345968039,0.2934251299625439,1.2499790727807247,0.7146334996628327,1.7305766458835334,0.03748722323946975,0.09556573307932306,0.11371312029740899
4576,1.624259169398838,0.31517848936861936,0.5109085427292396,1.601368776621257,0.42537896560360366,5.250697331341332,0.25273257000428667,0.15233454559149748,0.7796135473243164
4577,1.029687431059107,0.8429669792754739,0.35487846142787305,2.061825815642263,0.8310919266500055,1.6771798470777208,0.02163676332038718,0.10221453406314016,1.0238454437430236
4578,0.9451424742101879,0.15111680130651406,0.2595151858823965,1.2731325598052532,0.7146947203283387,2.2129683511115994,0.029109281300644385,0.12960710094160247,2.3769386208541157
4579,0.3821894349998177,0.870649145049579,0.0478120872669619,0.9915779160013241,0.5676573271967841,0.9769032241349926,0.01666150377675954,0.10181365588309503,1.772602976784528
4580,0.9317336950697934,0.2749306685269832,0.5742082574024687,0.4280629671757985,0.00178009726006767,2.132992880115817,0.07019195013750783,0.1176591286800763,0.961702864608993
4581,1.0471812029303003,0.010491204106935936,0.34937212985379695,1.4620315863340116,0.6285625191407321,2.057209270081738,0.05413657164811017,0.12879130226186236,1.2999288515277065
4582,0.14051053050517792,0.7798146438180282,0.3754229790426819,0.7709232189739743,0.476294695406793,2.7962533999689914,0.2254645635962107,0.0798367870579648,1.757963461448919
4583,0.6150963992757434,1.035694975511664,0.25651076874499346,1.979794860153774,0.4825832498629549,1.9582829583459613,0.13467814548670662,0.08170413246542636,0.10892961200874374
4584,0.719022962449618,0.40060682600284814,0.5767056492228431,1.3065238895493838,0.27960790694107895,2.4514998681613323,0.0996123671992757,0.0929686021228856,0.18999364332889013
4585,0.19919261213770997,0.0127057928907498,0.22997655633111178,1.4102761472921164,0.7302328775864182,1.04504498687443,0.1532649105297708,0.09373178086603728,0.4081263754848095
4586,0.8720637907746844,0.39706459109880216,0.24661142932386235,1.1730856142054222,0.2658248222662303,1.7317218874060314,0.14367037262203103,0.13110541019468003,1.270280882393655
4587,0.7472148276449188,0.5967454622643792,0.15138582722635743,1.318118021785195,0.3810060357289312,1.4289382016720857,0.06643916834838026,0.09328544898141315,0.48101772682219557
4588,0.9935706874528003,0.7595329213597033,0.31356836113109454,0.5474019994833279,0.4177125632772981,2.6154609131722353,0.15748891432615675,0.054830069056991226,1.3355087597893047
4589,1.0885791473101258,1.1293994215488858,0.2882696418519748,2.2454483875641897,0.6596023665887214,1.8537140132754761,0.026340311075653947,0.08216076332243658,0.23464552927179838
4590,0.2142113244063404,0.29086740452305204,0.432702010643269,1.0027525999807445,0.8471238476969558,0.8907807720656811,0.11447905375412518,0.09351466487159601,1.6737066770532891
4591,1.0210968533162426,0.4431448059929235,0.32114217339279066,1.4845099518680747,0.17294479333992935,0.431160659059018,0.024787574760049058,0.037919308477372946,0.7704253282569489
4592,0.10193965116262643,0.8109145704629752,0.2503771637831278,2.03591880392213,0.640729751156235,3.12821415174803,0.19431318267857955,0.08288769158691361,1.5502137296672953
4593,0.3596782856333013,0.9122543777193795,0.38790296700785243,0.45519051714047176,0.6313985023972714,1.5899994465754566,0.02601699961092578,0.11376796078963534,0.7157126820164266
4594,0.913268045395577,0.18614905786024075,0.46713374983132283,1.3874342295864666,0.9875595350078621,2.5106582942955455,0.06714169966502256,0.06656307058516872,0.24134725258135237
4595,0.3652714410286935,0.3431561546973486,0.946205642118522,0.4548901485883209,0.6302968179181979,1.6669038511310175,0.15302296335656193,0.10480401178794047,1.4645486499638056
4596,1.1630731947229414,0.9645818479332213,0.1336770136576564,0.5939883448094652,0.21546229866577937,0.3958301021155326,0.23104879509139215,0.06655994491730048,0.6328928983838322
4597,1.7339551833393745,0.3788848559280295,0.5514189012638777,0.3206956287630308,0.29712205862368185,1.7952664280968722,0.1925593750203134,0.11636698132789002,1.3803563807393373
4598,1.47541118129696,0.4888681603160575,0.36850442039879616,1.4974100511907236,0.47092145827718246,0.7295678671218799,0.09529407120535996,0.13179792656886594,0.20953768700250697
4599,0.21458633586906023,0.5398542711284017,0.6077653208701377,0.6822417444740375,0.25773280903218637,2.9190033060173333,0.16809300502216587,0.11179375610939327,1.1655915057261943
4600,0.9125680301830263,0.08602673528765975,0.5907238860717656,1.1306281187967984,0.4043125074978151,0.37117318715993974,0.17258263646701233,0.15709733180853422,1.6501060439193056
4601,0.925562641929361,0.35458082255213225,0.18629828447643143,0.37471777738719225,0.45816121132121035,5.066099906302672,0.17473349806495692,0.08510101828885726,0.9776586980769036
4602,1.0543372722493107,0.19642982423592162,0.2060666254193462,1.4849725060965109,0.5202602410548983,2.7784444190847744,0.12919701611691628,0.06375030994320025,1.1123779292381266
4603,0.6730700620621245,0.2155739632035473,0.2974123159231351,1.5815937135169447,0.20654283947877783,1.601102864919482,0.19390704785022495,0.12678017910539627,0.7027526866427216
4604,1.1393153137084577,0.5310020006397713,0.2665817650803932,0.9350015255776791,0.49267862408592106,1.7774499755391369,0.2136687481272075,0.051321647981422996,1.2292319501513087
4605,0.2221184719245194,0.7136602908816483,0.24936430101745638,0.3195203014062309,0.43689677421392215,0.793004512155342,0.09577076220893468,0.0917930043748848,0.539032175073281
4606,1.4445750111442008,0.961443504524478,0.7373532318797384,1.4790813188193035,0.36711181654422337,1.5641672585070916,0.34213181963446504,0.08380561013690517,0.5741398382533849
4607,0.521057651163268,0.34103959211827817,0.38432817958304333,1.4677584146596723,0.6263851005293285,2.827157412449133,0.31088965654921435,0.15588680325324872,1.9763789536821783
4608,1.3339272223697731,0.2064784394195319,0.25312401763026904,1.3758765518731206,0.8010442826676705,0.10076361213215068,0.2135000724517163,0.10817882538532891,1.1576671961616256
4609,1.1729216118433645,0.9156690458205696,0.2901424610344833,0.32149874921311417,0.47108795715123014,1.2577351851910359,0.003951688209911514,0.033142149677361066,0.574591573373576
4610,0.9021582748943147,0.5166381523849961,0.33628536025202166,1.7590743344075928,0.6690620348219399,1.085737155039582,0.16135854850907977,0.11153616216710857,1.633168756647836
4611,0.2378073073744764,0.4790012158184709,0.04582566619176859,0.03262957561445412,0.6492905907751518,0.9491242480140814,0.2565991324469056,0.11858323058165818,0.6391739025196806
4612,1.1789918771711383,0.1370532609623024,0.4693640802683312,0.6210631153752202,0.06907975436409536,0.1868127190155171,0.1827377999776661,0.14695792651649844,0.5910268984708358
4613,0.6368755828931335,0.1754860193900259,0.18415306727758782,1.7066031433012117,0.1977722525270495,1.6388955573622355,0.02020362941152451,0.04678093830810435,0.43581507113996126
4614,1.263771737483381,0.5694770565972105,0.06336742477942137,0.6807642177276987,0.45118555673950356,2.1343486413203694,0.2610309199735332,0.10165562211110128,0.5866344262995051
4615,0.9612183348190997,0.41109027643924245,0.09468462923409113,2.042124496756674,0.3461094974179536,2.610063797489971,0.03889548955868091,0.10045938733331439,0.8671412944943862
4616,2.3531487173067887,0.27431372600375664,0.7435748249523988,0.9118464617184542,0.161407740681493,2.763341684486419,0.16866383685777994,0.12672238035427322,0.8301180491415445
4617,0.27198168469672646,0.14692754362870675,0.47231617096055795,1.7646997962688686,0.5789973308398475,2.1230604716880905,0.08342463246432637,0.0723248651600254,0.24107343149590976
4618,0.15458642598095307,0.6272313696327863,0.2300588010391813,0.43607565706858875,0.48623734570945554,1.8855185808997632,0.15141386411375377,0.10974127169993594,1.1168962186303082
4619,1.237621113582519,0.9251477233145962,0.5793934745094248,0.8409125247454944,0.5654291112041252,1.9774770496853966,0.1441555653526981,0.053722848753315434,0.9612070262193776
4620,0.3211159835817041,0.727410697556033,0.24573137874842027,1.767012361138074,0.5286871796012671,1.9578333833819748,0.04340772070758597,0.10763374282909993,0.1750254112067572
4621,0.2750038583486757,0.5883389682505307,0.2665108951875743,1.6788617460620077,0.5366484774263396,2.524225566190654,0.1389204043954683,0.07224174734684616,0.7641260820833834
4622,0.5007664051679317,0.05736123136207533,0.5122865026445826,1.650329368438005,0.5794203785700573,2.5524888782431763,0.027300048646321587,0.1130759265311015,0.6417688445825646
4623,0.7872080077920993,0.24557649155623557,0.013952849569400516,1.5730187713129775,0.6066807537639191,1.5520384475899776,0.09647695799198118,0.12599978059244052,1.5168669121218727
4624,0.31806186934597286,0.16385002798004616,0.9109783398412985,1.1491730490818275,0.2504143206754296,1.0933369082358657,0.18692797012761464,0.08704624642661916,1.019328558148113
4625,0.35499845509924516,0.273637349189203,0.41691551820079487,1.3844265092329706,0.6916132473400974,1.1760357426444767,0.10117358925603566,0.09871928359167056,0.18963517194498625
4626,0.8445678241935421,1.0965774519638327,0.6055380295651102,1.276238377263812,0.5681374895281855,1.0245863453389288,0.0798171355125599,0.04561032871876755,0.11933530236788448
4627,0.46862843904143264,0.3591790365954532,0.4768721250690919,1.695723204313326,0.8085328071271771,1.8760477959904969,0.023174805870881554,0.03085108814349019,0.9935415893593141
4628,0.022342493940010533,0.31000758660231414,0.8823147896223283,0.39215048221034043,0.09113688502967987,0.3787153526663074,0.05715402816543977,0.10172349321676516,2.1665851851148696
4629,1.2956164589865296,0.26057007731019116,0.330765440778892,0.05167592782873487,0.20576954653444623,3.055421374393375,0.06924312514815512,0.07372989337656806,1.595598788317334
4630,0.9535962381175738,0.7638350075365778,0.7912211263722346,1.638126206974399,0.2824337954149275,1.27517559417,0.0733144067832098,0.06997500507649454,1.4671798151917446
4631,0.28567245963843435,0.10426545478929711,0.621510774157353,1.1286092518421258,0.48721930463021246,2.1683078413916386,0.006482604404048464,0.13734828025431622,1.0072748571578143
4632,1.2770768693465817,0.4427859194004372,0.3329431510114064,2.509018234566792,0.4872474457546816,1.3043181427991022,0.0964775187646433,0.06855838682765658,0.4698527951751294
4633,1.4752027355317332,1.4265364687144857,0.5932726141137681,0.9187699942791429,0.6199500771458362,0.7369224992535551,0.07659170823615027,0.07934360550973743,1.1510228826151916
4634,0.29571725338935734,0.40196526141751443,0.6963045277478153,1.516006123344798,0.6292501915977671,4.336372956902915,0.08874291569527673,0.04688891179233713,0.12540719359420494
4635,1.4767612216426567,1.5069071054983336,0.01833088815835987,1.4171193695870998,0.5165333343982403,1.4889748267923273,0.07494088045264967,0.050209847330237166,1.5039716034335973
4636,0.2302857830797052,0.3166130802709075,0.18948239540113074,0.93428920728942,0.4147940739685715,2.1094005383098535,0.13742845469095138,0.10713188679980622,0.2510193199608335
4637,1.0721175921161654,0.6120530982712884,0.7554246861694505,1.3403546982546326,0.2682261397392305,2.5888324922751407,0.20483283996290114,0.1606242468937413,0.5644660546066746
4638,1.1173078177262536,0.7951161782465552,0.7136674944286328,0.6459329210062381,0.24561746357047703,1.1080151628813706,0.12383090940770408,0.13749017680268177,0.33435712338104917
4639,0.06499678629658293,0.9575835321987556,0.23544581634779416,0.7227021823085544,0.4952803836610097,3.999461421454787,0.042853668842335796,0.08412951421233272,1.5706533404719298
4640,0.7853944407748632,0.8042376910639601,0.7304933677250045,2.0674710395012275,0.7610152018305328,2.3352383934355325,0.15984939771789575,0.14158907651731228,0.1490974019452994
4641,0.4003264692167168,0.9865612502076198,0.20161331279608977,0.9914529847373367,0.6711667653311091,3.5678662354438027,0.22739754188399422,0.04448055645814274,1.0319490349749125
4642,0.08348220743188092,0.7225692447613713,0.6718902427377312,2.270165578078725,0.8398765851932026,3.4946102097696228,0.15175068965970967,0.046305660811013796,0.13224466399740686
4643,0.9280945903560338,0.24099020308962815,0.27706265385312046,0.6453587478999563,0.42578709622354477,2.928567165456549,0.12498985865410284,0.034918744314879076,1.6861453080128221
4644,0.4074089866400994,0.08007154518938026,0.08920305796445255,1.767743275071466,0.7883721048170266,2.3016938760498076,0.12841850253635437,0.029804300171422715,1.6284210057045325
4645,0.3192463260711334,0.1725554891767609,0.5138797408767827,0.47391289337780235,0.6497036176431084,0.6163447572728817,0.09871906110918274,0.09834457981783344,2.8201289967183722
4646,0.7970818209254671,1.6184444678505618,0.636845951468848,1.2050196113980811,1.2478503376746928,3.027068564759995,0.24025588510512508,0.0777565906243504,1.0186811911167406
4647,0.5209346943061195,1.3563688388993451,0.2601528820947595,0.9999558192076491,0.6499730626802045,1.6558609954122019,0.07751442428378513,0.05447522478708323,1.225535161814733
4648,2.8893718641016455,0.4169083363910006,0.5898788911711548,0.6096876401392172,0.9799575866648434,1.392943612734015,0.21315614831157859,0.09772989069474933,0.5875456699574957
4649,0.6934796924519736,1.3298226762136587,0.5264098000182914,0.2802787961962666,0.42345226375098755,1.7482981341845967,0.1464704545255363,0.06413169401643995,0.430055218796743
4650,1.2415528226305645,0.22115083667620525,0.27183881840808477,2.223660096900085,0.47590176209357904,1.8312501679980362,0.10643879821542143,0.07580065143268873,1.271075389681849
4651,1.49538740070056,0.06271128162387013,0.931797990225434,1.768166471334149,0.538065182849522,1.6944512376747303,0.12470624902553365,0.09981299358118452,1.223780711472166
4652,0.2653804756277885,0.960325816998189,0.34788489374112547,1.5948135434911883,0.6025805148381779,1.8527932865514696,0.05419990005543728,0.12593537574685051,0.7075080656862409
4653,0.16439431739885857,0.6700533725625348,0.45518526412166305,0.9796686603893214,0.3352703042211296,2.8220837810144053,0.21060767971078306,0.07005880985116038,0.5861154014341865
4654,0.2615920160441792,1.0462824173539262,0.16946495049422097,1.4231136720105688,0.5746176118313271,0.6889930486642171,0.13514198243966216,0.06686103170598372,0.45721030510515864
4655,0.8773354684756611,0.5897395924702167,0.5821325929906452,0.6917399389509113,0.5790350207462129,2.874940622960124,0.20099380874325629,0.09693608193712835,1.8604219832800375
4656,1.6082090601484618,0.35116603488618336,0.7150884857047727,1.242631945922061,0.027864817785020812,1.4418166136635573,0.18634725162918692,0.07534787766381758,0.58419942720104
4657,0.9459284789827813,0.3730696865461579,0.9729695220443497,2.0142139883121257,0.3231427327368479,3.366576899452217,0.02793071513933834,0.12873602329813943,0.6887945430824618
4658,0.07221224062321027,0.4508669573478431,0.3995623620458907,0.46515387320340895,0.7967401657880188,2.452230543599617,0.10698341110907265,0.05233501426070835,0.2772194816845356
4659,0.4094377643923509,0.08256836230050257,0.05233250699036651,1.452387613418912,0.43945444508908776,2.6060883895524887,0.13217616801913126,0.04552921499461514,1.6804587001208824
4660,0.8680567687616603,1.2050001736282945,0.009032467383790932,1.5592512759958304,0.554439310454589,2.306040199825523,0.13426828003366958,0.13726193980070328,1.9036338480811943
4661,1.2423531880449399,0.28818389347988366,0.5208101629366875,2.886522873667199,0.4836238485990469,2.819431613885328,0.14829348238559015,0.11136457530020633,1.4738919744876746
4662,0.28676384225517826,0.3356044654859268,0.41332160106181937,0.8698970930043997,0.6422859838500918,0.9014522356355609,0.011002779677110691,0.036306404560120846,0.04575871288003919
4663,0.2701456899043022,0.6203637102053352,0.6628018739428032,2.4581451642541854,0.5029065817993383,3.221092114864761,0.08429631912157586,0.09102690599490708,0.3949246989865918
4664,0.3816324072567228,0.8484217626941237,0.4213196304140382,1.0873856900835062,0.4742215402276916,1.0459311673478253,0.09463107897224943,0.07230566558995774,1.209259946289286
4665,1.7409655030434574,0.9934335785761172,0.489976304794182,1.4963994224486206,0.4161563893220966,1.9091993003733359,0.10187966310959017,0.06987267433539221,1.8096210654876157
4666,0.49944616648211976,0.41090972637540335,0.7702931630234826,1.590130887331286,0.4501862601665936,1.111445317203664,0.12813777083452968,0.1518960195675993,2.7309894792868965
4667,0.36615325102478835,0.805376977648409,0.6310549809236604,0.6521806691309417,0.4035282016112891,2.214699850052445,0.141001042583993,0.08511668138993134,0.8977136495482545
4668,1.0948227751429984,0.9719485298772379,0.5281535935088222,0.6555213872482135,0.5738493174958945,1.3052578524918579,0.1428102813208058,0.06177872599287103,1.5518711140720036
4669,0.32553675058874376,1.0941226089748926,0.43931007930776805,0.7531024674658778,0.2945860716385869,2.632005361325536,0.16569085414796905,0.10563046558028834,2.06036158275353
4670,0.36070339385042705,0.6542758636162135,0.0746488113886622,1.0300311068875831,0.7539339535212464,0.9414357304000411,0.0729799029847918,0.09047075843955033,0.7022763634250699
4671,0.8120068622032923,0.3841194467516295,0.23715957238608887,2.0299682954890343,0.2658919683997868,2.0098085170931634,0.01661120040980188,0.05629775281867134,1.7886936150248776
4672,0.23492527985152972,1.7196360220966327,0.23754528694040042,0.9835240166832632,0.8877355679686324,1.3619066868561172,0.11316398232913405,0.075698881478748,1.270650393142549
4673,1.089319445509571,0.7538452030884464,0.1528901765897522,1.7111785512082807,0.5350311948486165,1.1514594836519965,0.029554186547982225,0.13193049275245292,1.2592153988178263
4674,0.07364143176295113,0.13063419343148663,0.850553352208047,0.08053975936078228,0.6490402193393533,3.579833878243094,0.14553682309025784,0.02572915290181367,2.1232193142943165
4675,0.31395063093294456,0.7040266023501631,0.567760973425572,3.072388687677895,0.09119518470478416,0.5500302531614187,0.06435275346491644,0.12990623088052822,0.2651177398958309
4676,1.0884729949553709,0.4877752880873539,0.27821274221718595,1.0010911971474223,0.5969068473210651,0.9213562361939607,0.007351988311833674,0.05071907159191532,1.464310806557285
4677,1.010037025886035,0.1306039767983936,0.35128631678985783,1.8647471037541137,0.31783621612761986,1.1527545964869361,0.08093128647566966,0.1692899045583265,1.3761638221779222
4678,0.9958432943891211,0.15156438377643489,0.21983809884247213,0.9751061866757937,0.973518863397883,1.8470927411286229,0.127083789165449,0.08996365403135709,0.9741096151136565
4679,1.0178629222015518,0.23992431215650556,0.5709129472956948,0.9070481940601174,0.5728361512457762,3.2588624875208527,0.08940331085714162,0.0711141787001936,1.1378775293877457
4680,0.8498015804730801,0.9350736902224432,0.760132762681765,1.3806151898299646,0.7340767051019855,2.880421682748325,0.05655007146145083,0.1197651853917062,1.7661364482553008
4681,0.34828316376656376,0.2720402484930913,0.3282635731408926,1.0274056011150585,0.7131790003913719,1.7014721079093817,0.11036248781054044,0.07470279164183535,0.3486037546539005
4682,0.9193244347490654,1.1020288795303843,0.16108495822423594,1.008720096568048,0.8464377906645264,1.1457781874127992,0.10684733196888938,0.11970311319820741,1.1277045069193146
4683,0.6671775576193082,0.3975544216708618,0.4098036683540922,0.3017932806078174,0.5076921333026081,1.080302942312143,0.1080947058612252,0.15118154349471793,2.003463960298153
4684,0.8227125876546995,0.21657153154055642,0.7508365614889989,0.9516614923227319,0.594608372348814,5.008541436129219,0.17020236922769583,0.07621421589635083,0.5914929895725545
4685,1.8091535848052553,0.8266202846713442,0.031087731805771235,1.2843308750404856,0.3645739541058003,1.5280999912539834,0.14230055967002073,0.09317936732428045,1.0160196064987415
4686,0.6312484032670249,1.553015984784427,0.6513248502044553,0.7260181141628835,0.7085706451536973,2.370111734114969,0.08389082490509042,0.08392574770394351,0.8952241203355864
4687,0.14015062272936155,0.016580637293958644,0.15324759120252984,0.8860746251778655,0.6727967092744148,2.0689626566034245,0.2670214809506758,0.11569892076740411,1.1924295678541919
4688,0.6460024673097293,0.6626614550047374,0.83240192020466,1.1671279359493205,0.4691086666984721,0.7221646317603274,0.13189888143526365,0.05231487718192397,1.5080529780370047
4689,0.19210257461224595,0.06500973039042068,0.599020417745625,1.7410836233781528,0.5978455363006993,0.7873136765351002,0.12337088654203313,0.06831586650925758,0.9901778954580184
4690,0.6026856568418208,0.45060529144790473,0.29967019156358454,0.15654524362283906,0.416312639256642,0.9116140647292329,0.17450469234917876,0.1031299297922202,0.6126026508066396
4691,0.19101633525547013,0.35367394814926156,0.37572728170643344,2.059501267397003,0.7993043632434232,2.545040208467923,0.07916305192450711,0.07977482629081727,0.6081749685734377
4692,1.3727888523098049,0.263765579904915,0.4670557786560383,1.0549725784374777,0.5729961440862057,4.018987244242067,0.09110106629934804,0.09640136649692073,0.9217716897740054
4693,1.0412618432465919,1.015544457390863,0.5097708387603375,2.526843868045474,0.886733348306108,3.0518553837115494,0.13302208176395608,0.009592060046143533,2.6117056877426164
4694,2.135242064580964,0.024686449341935812,0.19465130624388274,1.4889066697407465,0.5079683366094893,1.2096999126392884,0.09549137574159118,0.10737117404997985,0.036084378155725516
4695,0.5254448966146167,0.48340289878612985,0.4129054956003924,1.5407957582858312,0.26784416418718315,1.119523138676684,0.16919564917131086,0.1336639682739246,0.4812572259532552
4696,1.021971113918436,0.6174428971170894,0.36597871571050306,1.3386136569000484,0.28394242439599165,2.107063871677875,0.00961113202002839,0.09941359083887791,1.1345077588696373
4697,0.2117879628697985,0.44968996642587944,0.4153979722800525,0.9894991330997549,0.8461257682495744,1.5823627153111177,0.08192764154832445,0.07922488757604472,1.3173371083032288
4698,0.36068766364768484,0.3372614388376023,0.6933638249843956,2.401745231467109,0.415177571259558,2.2690256678864564,0.11202304030666281,0.16576828771163135,2.4327495838847257
4699,0.01482109088191308,0.23318652654708816,0.39347886268605026,1.4168468243363268,0.5825248789597532,1.8356066181158195,0.06784998601294098,0.13712622219203485,1.7602007820480319
4700,1.079543692314213,0.41379372892306887,0.1746844408673276,1.9555846909785326,0.1689627111947833,1.1010911506642658,0.053043111568979416,0.10054635036331404,0.36084892681957015
4701,0.2531764771321906,1.07806042337145,0.8811068652428435,0.05971108398840119,0.10831095020329268,1.010921144617658,0.09379299376068918,0.07452056917817329,1.0561681100744948
4702,1.1241482796707207,0.689653991665502,0.6749828495621011,0.20983638637451674,0.8370978793842092,0.8368915747021735,0.05316684889171101,0.06417429048618487,0.613289608514993
4703,0.12700881967591565,0.027385494304371483,0.4707808879865226,0.6378291338399349,0.6289904285079839,2.197699036882334,0.1953648936732408,0.11977310966898175,0.26613711920401717
4704,1.6230553244944779,0.6861190291940602,0.9893910731190452,2.0035368558377415,0.8711914883757739,0.6630219964773527,0.16161438858720417,0.07460511612624562,0.37396360685208485
4705,0.5854647566127574,0.5702722160826896,0.08255284393940901,0.8086338405376678,0.5675557317834933,2.389255632484013,0.1078716364013687,0.10610137033592415,2.4290078246401503
4706,0.8928782675473534,0.6376373819716668,0.12046786430473852,0.8036008729602615,0.4637513627621192,1.3414588167627544,0.2099518927301596,0.11418978389512771,1.809780507758394
4707,0.27459870062366454,0.26095802804308965,0.24070465871246832,0.6420448582690461,0.7914912881406176,2.5195412291915043,0.144422073408321,0.09108763485002645,1.6239405258382382
4708,0.9335202614058431,0.1806632543526795,0.26000840155865385,0.8439111674051172,0.4808370077100857,0.19032136006503553,0.009809144245084486,0.08195152114475265,0.8945633822699074
4709,0.05058511633516016,0.7884122448129756,0.3027426213568416,0.44000167411209845,0.6429016621977796,2.220649572041601,0.05170731928552897,0.14640850837224967,2.702831205611006
4710,0.008333834261596229,0.03464932691183342,0.012196712603985083,0.13674650388405274,0.442721298795174,1.8506636909751526,0.2955766116984615,0.06904347992575158,2.332991684581806
4711,1.1809595363352734,0.9073764746349522,0.32980416755510955,0.4682964312200859,0.5200077453756866,1.6536808991029555,0.06932956281992257,0.0849249060447352,1.4718024933315608
4712,0.20303059672908336,0.5412833366643053,0.6017853609257584,2.105986136441683,0.6105187230527619,0.2731463835041388,0.31753157969214807,0.09443621798254906,1.024098136828133
4713,0.8248303919609701,0.4122765687744428,0.17574205509954996,1.0035071336893677,0.4602206895152629,0.8125341940082286,0.02061157307691988,0.060577113840085545,1.9212233147891973
4714,1.0372255655708384,1.5393035872318022,0.2896111552177769,0.063209484633448,0.8089130428293914,1.7459206864257548,0.04372557906593191,0.11107009029328933,0.7245656445721752
4715,1.0793690388297403,0.7146776507764845,0.6720690725759542,1.3375375236456848,0.6492346330435194,2.4565984912641325,0.08486148547550829,0.1306832910881392,1.3977873179512752
4716,0.2688413012823366,0.30279356402572,0.47460248901152613,0.19768118227765163,0.43630225831521363,1.617984260781325,0.1729973892490549,0.10525840231033935,2.1252790780898723
4717,0.25162476483605206,0.8451042657128299,0.5088835802115286,2.760333455063031,0.6510021673950255,0.9229813586309265,0.12568330565439306,0.09005654458489108,0.4310692396844054
4718,0.43411872277328345,1.1406989721443783,0.30683348204733873,0.898472426262249,0.4301590651500093,1.9338614462418378,0.1999943657431536,0.06588899023719755,2.02936041625565
4719,0.6622865493966907,0.5263838924022974,0.0847422570585134,1.0961276258382613,0.3150684983992591,4.209167825105151,0.1657099184405625,0.08237167838618005,0.38068858335250694
4720,0.8645585973953098,0.2656674179007034,0.36429324865360585,0.282357165390399,0.39534130551729546,2.251342903428214,0.233154650236779,0.09358796416647025,1.2264525689086572
4721,0.8512694447144964,0.25298621398553717,0.20338594280487254,1.7078364940434922,0.15747144972040605,2.6028397257237756,0.09164955642720027,0.09163558151227556,1.6451945624946784
4722,0.7933155849648543,0.06841708313732425,0.6973396743247842,0.7522968808130234,0.5007541418800889,0.5690138254122366,0.10403175672214582,0.1359232920349534,2.2101272682889457
4723,0.2404642239363528,0.18873206082329977,0.5100554344161002,0.309231344579301,0.4748495865280208,2.5001255703321457,0.14602551986042384,0.14103163083056275,1.3279758108355109
4724,0.573992385979187,0.8841382038323151,0.3251026430610808,1.102702682660433,0.3103707671800447,1.215165065468256,0.026182021193660643,0.04801599900420482,0.710739328930489
4725,0.4854865476600001,0.27445659027377917,0.362048292794921,1.1075648646340297,0.7455112533347263,2.321799905493404,0.095266892005451,0.02655735762346491,1.0447078556040974
4726,0.5911988728049853,0.825404832718625,0.2156709800645888,1.2113360498806132,0.6342974778816293,2.3569160869410792,0.10210042810515113,0.1777919459471701,2.7646946822621956
4727,0.5608798102664132,0.43391729818473196,0.9043262835227829,1.908639901550496,0.4312826739884393,1.6885790112230739,0.12742682179372963,0.1357810609024371,1.1457235365765142
4728,0.10202915676796828,0.1381818078397702,0.5752258029412334,2.109577661995837,0.5053596881626718,0.3678907025529836,0.011504748202397802,0.053833513555320525,0.9626841904015105
4729,0.02164008946037821,0.42541252843232724,0.39144378120176804,1.2917390777284739,0.3750559306003659,1.6469880995360136,0.14890331281414143,0.08338838527916637,1.964142006756284
4730,0.35073280660878386,0.6498949986832321,0.3453674294859862,0.7778103675527814,0.5951291317232424,0.68784789980994,0.03188015686238488,0.11275327306490801,0.1414392037238943
4731,0.06788628814412323,0.44428115092914666,0.9443943698512294,1.2318350948420744,0.5089297039011901,1.253656779479648,0.23974341338840915,0.06903889203439705,0.9007209477502819
4732,0.13332819142653998,0.39076506502943553,0.2840503849923091,1.3801932437752134,0.5009232162153812,0.6923850226400852,0.14343662966695142,0.12130051589795494,1.343933380129923
4733,0.34345986891075436,0.3820897799534989,0.5614662100551215,1.3658476084578828,0.3850706853235544,0.9672407851723749,0.19090078847271325,0.06644288745953669,0.8410138917417646
4734,0.49543796774507565,0.9754873545564751,0.3993141238627782,1.517729626069058,0.4125709413208062,1.4591373509178958,0.055805988299405924,0.11677464853767439,0.4952253326477092
4735,0.5896093673275844,0.7778250433311256,0.3608082701742443,0.4108773272265991,0.23880072114605183,1.6256791109365412,0.16324827197613243,0.04532675015563963,1.0608034269897098
4736,0.49251122684533466,0.5654081078700846,1.2186259654076337,2.171227067651968,0.48531559147514336,1.0751779414484415,0.23053783683015286,0.0866752753123106,1.5268333784323915
4737,0.6711655139557904,0.44161383328111803,0.13272485158617398,1.0981430668109913,0.6321905893369678,3.075296347922771,0.1134177335632464,0.02467295986350808,0.8245921380458042
4738,0.4229189031626889,0.7143755510770484,0.7077447893645793,1.2712484958829744,0.2091399699691609,3.513521690670591,0.11603912002480209,0.1398707713111337,0.3349019376498533
4739,0.014430116938468962,0.4206329784422538,0.17147612972526854,1.4771719609566238,0.65054842494835,0.5945795144554584,0.08970819536471189,0.08446954730275948,1.9866372152353553
4740,0.6060310761255248,0.008270474597536936,0.12005984505085868,0.664009014942505,0.6555918438991042,0.7169823750892197,0.287302948405077,0.08476698643789543,0.7894107353006546
4741,0.5715870941657586,0.33726992878300166,0.5473826858001131,0.5167365021809386,0.06212575292513567,1.763162324078434,0.052111207645981684,0.09459898850957614,0.9234364967724633
4742,0.5212923070021309,0.6587846649981808,0.6767159544812165,1.183337722781719,0.33007622913907597,3.249342069268494,0.026430022967606062,0.14026068407654063,0.18427581741874643
4743,0.5650663494605536,0.8477917392013716,0.8035586561626951,0.4746604799376483,0.22555118458848994,3.3859851178055416,0.15496206194246215,0.06890832151484005,0.8349732367436928
4744,0.8009401187773371,0.049144440374126686,0.1223351034269754,0.6540653631607469,0.31381346156542594,1.400659560058557,0.23895783253553776,0.14760904256316856,0.605624431571918
4745,0.4921905643671778,1.6792234094249059,0.15215130744214161,0.15731814956545997,0.6927920206050044,1.9775076777485483,0.027789173207168477,0.049118696667714914,2.1237144628535187
4746,0.9280013580731756,0.5518569522961083,0.6383075974889835,0.1537245719702891,0.7747929895981576,1.2412194769698375,0.05422345376280613,0.07305830733035154,1.2759281514310743
4747,0.05374518288756891,1.2577854898266867,0.2113766398977327,0.6161209927326865,0.16265488114267584,0.9869731625406749,0.14896397536421577,0.12518748227492552,1.558838965343062
4748,0.17053079861434825,0.6326110612516873,0.6735439611100318,1.5731823854724885,0.3568951573501381,2.2263507368132887,0.04674925053901246,0.08390531653855246,0.9008263037461035
4749,0.5170335996260931,0.5739271027584787,0.271856469062467,1.3411255183414075,0.630864431835232,1.8874501936899137,0.18531110292434516,0.022355552389999048,0.7161913524996125
4750,0.8374242807918102,0.23017534484831095,0.27889807373383974,0.03895126653362424,0.7292276665131098,2.348060760159524,0.21284841311887975,0.06794011563188272,0.8437641832461935
4751,1.0440936044776024,0.4091152441864382,0.7467192911858314,0.5308049758666864,0.4576976472432113,0.8237440808306487,0.014468482512838068,0.09286068170132175,1.4236249301732327
4752,0.5036409081206301,0.7448976733273326,0.22259874053941925,2.099943589354381,0.5011720407817327,2.3994509392139522,0.08535263673580287,0.09107482195424164,1.7972278702309663
4753,0.6973847846525508,0.44535504430383754,0.2172644257611627,0.9799859438756804,0.5441078330429261,1.3182512114394447,0.44710878371954826,0.07212313390498602,0.5428174479300776
4754,0.9923337687622105,0.20955616318086123,0.3286400737509248,0.3806889335967516,0.7276147797121233,1.35941496014989,0.15303614379219305,0.10877890693377146,0.45387049736125124
4755,0.6609179297421337,0.9338295628135183,0.7441381977404503,1.6361948817690535,0.5907753449883566,3.340906276870924,0.03458640899100551,0.07325592121105562,1.7850813617320809
4756,0.8247909659705122,1.105393988056564,0.3785657309618103,1.1354144314486434,0.6492893138136895,1.9872081453629191,0.09336508119957716,0.0791840203332398,0.46987099534247506
4757,0.6715340961398533,0.1896558118797619,0.5044677936963013,1.1756900766650462,0.9346436949328948,2.2936096326765543,0.23720576446788894,0.12452433281257574,0.7972871271285293
4758,0.0063708451603455285,0.3373551266602212,0.10695868643736298,2.5626123887930645,0.5673589508559892,0.16556026086344566,0.14770772609099242,0.03261901861267788,0.22532373224366264
4759,1.5682083563320848,1.1885931279409772,0.26121318229475876,0.3521876622936425,0.43986185141704665,1.6242241936280462,0.0017135300528513253,0.05610313034622334,0.49501116602147543
4760,0.2592285083905885,0.5083193214123936,0.13881396777180188,1.8364542729621505,0.4365703643206204,1.9467057098914564,0.07816248894171866,0.08563992137254026,0.8709118647328943
4761,0.22258100452375923,0.7215678392399973,0.6305486150076873,1.4289294904598968,0.609620863015898,0.3872077006371972,0.07838943589947112,0.1006426758726885,1.3161051248643794
4762,1.6782297750525008,0.11232572064139873,0.7626555001011691,1.1425139603357581,0.6380361653842459,1.349970353920553,0.26486165690065655,0.04201363790259261,0.08114173323344376
4763,0.6472475257127404,0.25374164482692396,0.6019288737957205,0.6676640897945019,0.42819089460312887,1.8306082573840656,0.15790216870950766,0.08841363160283525,1.3550671136143317
4764,0.05859267494502832,1.2663723202491155,0.8253060040638645,1.810000624467489,0.46715401741391754,1.9566621945973082,0.16560756002904223,0.06256618897969934,1.0057823526728134
4765,0.3551765468938945,0.42095656023595884,0.49482970346757316,0.6598772766499252,0.32948548039830067,2.316734441046859,0.17050086312069734,0.1398562914450877,1.4927396686617556
4766,1.0178698342100878,0.27489437365092695,0.6248382435832621,1.0470689989643038,0.6351547487150407,3.289679101178261,0.013301689649852996,0.10389761687754084,1.4739729066659546
4767,1.2831047697502926,1.1367479717574145,0.5673514387652899,0.2692112994620962,0.42233967949985785,1.6740529167869944,0.11296222082072123,0.11476391649382701,0.33807587789839944
4768,2.315637876075254,0.15609511162639453,0.4380206603585579,1.601709294186858,0.45207367984116587,2.5227302925806843,0.20825255686808838,0.051594932309864686,1.785076587834292
4769,0.4871424942145891,1.0724783491960554,0.6670218679545323,1.4415124188694497,0.46268755977736375,2.3797861479532507,0.08388190702484563,0.037537434086633494,0.07886315460293802
4770,0.20922937748248704,0.6080222568705969,0.02045488202010365,1.3943119884256843,0.44093191549943933,2.3459570799750433,0.11572343584999466,0.12242491866241023,1.0459375089901792
4771,1.8762121184180547,0.0167312074042284,0.049901804103205605,1.952631258631336,0.675456281103114,2.1307507860971193,0.26708762329907515,0.11395445327829976,0.8976140598814556
4772,0.7832611274656105,0.5990682435187958,0.47404778416531546,0.8199958412177929,0.5137294643392747,2.2258357976217615,0.12060077206082866,0.05126201825422934,0.7900324561748702
4773,0.7414513480336065,0.5086625116635549,0.5310598110132632,1.3501955014054716,0.2606833479821442,1.6362999236248905,0.10929988593338225,0.18941186424830825,0.8223314753407381
4774,1.0570560776970628,0.5837686819467302,0.8969999155903232,0.3591466019995264,0.47654375394739834,0.7828235715930281,0.010017609170006742,0.1079390095059144,1.1870324369533807
4775,0.3757931699964,0.903148252163976,0.41425347651884137,1.0953414086950422,0.4499628412726604,1.1938253339385656,0.0048864901502251035,0.10785745848168503,1.577241373290489
4776,0.41977296870870395,0.8492019716514572,0.17083823981436705,2.049796610194224,0.3280454536353419,2.084116801984589,0.36658230215432525,0.059654436377678983,0.7019624556262918
4777,0.6238270308878127,0.7979478642130062,0.05522024193994113,1.3198366922155205,0.4936544699250577,0.9100767018747034,0.13064351317708858,0.06601725686144987,0.721443761642332
4778,0.48115988831492457,0.22770432823686146,0.7787936302862767,0.43992951409654624,0.7891964700459317,0.8879398494476859,0.28138896467549557,0.08847846746636476,0.9520957025086139
4779,0.29621909695804255,0.56364031225885,0.6625528134124408,1.6084606263170875,0.34650312971094893,2.872061861546299,0.10033321910963096,0.07075234794359994,1.1594142702992665
4780,0.336875275973875,0.22204877339035078,0.06028791176094389,2.0271478054361842,0.7513316797318713,2.478888705677381,0.058496916102076336,0.06921632523871768,0.47500516536532206
4781,1.3476679591759644,0.2898214915382098,0.6114574012581138,0.03175735185140527,0.6171815334422517,1.0772454413565733,0.06485966584094115,0.144161602087254,1.459983524537647
4782,0.558825591914581,0.39671454538946815,0.34559830700448996,1.6272510338633634,0.5360488723686279,2.380087850669116,0.12454614542788416,0.08110094157460176,0.2604719000889134
4783,1.1486936769131146,0.5110237731221661,0.4192121117441845,1.4518412665414446,0.3316792602316283,3.8900068316138334,0.1340733254179443,0.03863892750899108,1.9313914513817427
4784,0.7932443868009298,1.013154855530358,0.21902064969346471,0.10505780304389101,0.44516501712772066,4.178827995797825,0.18429998648923077,0.058892873226223656,0.45371571231483226
4785,0.7441408341027858,0.029099115486201144,0.16665809087469632,0.3300610736846331,0.6021797967821834,0.17648423216809683,0.23672425711467598,0.1330244633761846,1.355347601261098
4786,0.791590523309049,0.5900521083037275,0.9542524949881636,0.8246365713138303,0.5777967837550847,1.2218812412608906,0.2198142225265169,0.020203199250457438,1.349775258199596
4787,0.09581073388040101,0.24496254612982857,0.39947229562681874,1.2510506962523462,0.5667146147673227,1.6115774723243956,0.0337921817402667,0.07451229875043429,0.8472251810773022
4788,0.07703194263341406,0.5191267757345779,0.11771553652304909,2.4521757379692533,0.2835212681434114,1.3320688263084877,0.13232625217073915,0.12697196014997164,0.5181890859046234
4789,0.9773629591781186,0.13266633080254098,0.20027297084082749,0.11949287213462867,0.781794820684619,1.4983080886466007,0.011513562099080776,0.09682777335927584,0.06933774530030756
4790,0.38682905115035554,1.0816095435112458,0.43198218121827153,0.8592900226593905,0.8826005302124879,2.3334099065593623,0.20210651709847768,0.06470470364465386,0.576269340051133
4791,0.4550911066256805,1.0436641413409447,0.617609644920626,1.115442679000872,0.5773645447341723,0.4839995443671201,0.1064714134521715,0.052440867843109536,0.2578758989409411
4792,0.13154908172720006,0.10029414866733669,0.8042748109798211,0.6691655853689751,0.5805517643538836,1.2002511998128247,0.10215021969896196,0.10594912757682923,0.4098699971338966
4793,0.4247950937286289,0.5589613227170444,0.229084754328443,0.9188258081299896,0.5635454232214897,1.5422343561065261,0.07368806616078026,0.09049909886141586,1.220197644375189
4794,1.8396184014058334,0.45262462378754403,0.461514469582059,1.0377126087762192,0.2294564687965322,1.0717901335438897,0.1336221575351506,0.09920521815200056,0.18789103276585972
4795,0.9029063425624357,0.06472781558266227,0.22400882068774505,0.11232419295162788,0.16299888278334013,1.223377342336486,0.04214433337388991,0.11626274935945911,0.9304675252369313
4796,0.7225249200675771,0.5295750923106773,0.4457193499192782,0.6694070641916051,0.2744566084670746,1.32520115509406,0.09474055811324898,0.09532348280109304,1.2302574629128202
4797,1.0155431923867044,0.1518712380899876,0.33056227606198446,0.8499315881790888,0.6093640215230444,1.4102861138144662,0.09106976679891784,0.09551733297475197,1.232587752539449
4798,0.48960833777288804,0.7409740521656174,0.16995399458814286,0.8865820764153121,0.4897362362579503,1.2274197153752076,0.13451990477419382,0.13976143548807185,1.9603171122577852
4799,0.08472010063305277,0.3344097265004412,0.2895944078544338,0.2456484276268528,0.36115117048420853,2.350422101397082,0.06940368735030551,0.09923657727335634,1.814550114547822
4800,0.591794714552041,0.7872711401744513,0.123365438508906,0.8911532547720715,0.30641760676201213,1.8292370172947496,0.17392022046164346,0.1329567943054099,1.0128530574963373
4801,0.07637901218303067,0.1378654417849586,0.4130528078580012,0.6837724086275089,0.7726460913727353,0.20051094007711012,0.22113387038410026,0.14774830047857912,0.38079765434593166
4802,0.7010672263457847,0.16010274571188488,0.5887825476494668,1.0993716231410269,0.24859966312438775,2.044131812910919,0.22634328885189695,0.08411300603345559,1.6788149449121015
4803,0.5164115043920972,1.0992035293706595,0.03542752753798667,1.1182876707134568,0.7108952053690853,1.5403773714180722,0.2014781410857722,0.06741438802393486,0.7282139176841429
4804,0.38188067466127495,1.1390250387806522,0.09074377909423081,0.16210814360120218,0.3930681988431047,2.9500314938126793,0.10268688451518987,0.09452494873813376,0.0032611414625779434
4805,0.1309975715651042,0.3273152015345128,0.7343882592258535,1.9711499136009833,0.9983242498657598,1.8710696309253323,0.10903567939623862,0.14962053651526436,1.8271319225721343
4806,0.531561992745549,0.5266213745366333,0.21093966297548905,2.800050490239761,0.40556121749822616,1.813475413679883,0.3075557767729406,0.04928762351867264,1.1998841643645244
4807,0.9585233234104491,0.92695256448228,0.5683480358650075,1.750003979123954,0.523785823407395,0.4763540130462882,0.161555999491444,0.16246345333448692,1.9928400555087735
4808,0.22728362119707024,0.5168105177560186,0.9311207460307188,0.30446260866172037,0.7513655327952756,2.0270398733971344,0.01368125386242186,0.06783907360292216,1.045511526872877
4809,0.4771033054831807,0.2608584288473005,0.5476503948873935,1.2339467003989413,0.5335366727147489,0.030344801691375656,0.0321649223446136,0.09411085573796599,1.4507168864058047
4810,0.8336661070976525,0.2710527461666933,0.3571953581303426,0.6116031200235219,0.34698541282099526,1.6378600117911597,0.1919453289061279,0.07641538122442797,2.439755789483334
4811,0.7583013441334818,0.6010204585323189,0.018725088168922432,0.9790330585331642,0.2551425656570846,0.8650889505752091,0.08782411829341323,0.11876852370608988,2.1968239325200747
4812,0.854956045039047,0.7644839461374425,0.42781500483053386,2.3685387682674848,0.33528774535235895,2.2762935426042934,0.10263995892762152,0.12029445070029633,1.14289627692641
4813,1.0731549563257494,0.2366232994322352,0.4545800955525305,0.41618765107854994,0.3679216101866549,1.3311224929424406,0.10997428995808751,0.06354223416462924,0.08863764786277817
4814,0.5043063602133977,0.09900379925064531,0.49470109888923,2.0405156558458084,0.5181613013094596,1.5465776477173825,0.11866605797555355,0.029766742575182706,1.664635606202698
4815,0.28319166824357717,0.7584765623800303,0.6902997981780495,0.5846787427882579,0.5535985835323606,1.5295283598791451,0.10190301591266337,0.08535716630108547,1.414753343409139
4816,0.8043149233387308,0.649446163822021,0.8887183714927509,1.1141049422428784,0.6447526115803677,1.21635568008789,0.15157744503293583,0.10916506841125259,1.419544224090846
4817,0.15656881260251196,0.19103401833661393,0.553551567567769,2.1300049430756216,0.5655544496700332,1.4240137353085736,0.0054767917604514466,0.07391175814828192,0.9281603071402491
4818,0.05404936038903363,0.3647536007880553,0.2768409340074178,0.8883817076083957,0.23912391813270262,1.1215040668656713,0.19556145128499458,0.09116779750143966,1.236255769933706
4819,0.006561507867509031,0.0633152773954152,0.6353091067096068,0.9347281787606293,0.3804753206818672,1.9224572230620298,0.14548996445756163,0.15025985884480125,1.1158461826148487
4820,1.3442479728387486,0.42486821814573994,0.31666805030710365,0.2780746081227028,0.4863117222874238,3.101439255929737,0.04881545800772794,0.08335988766404911,0.9169784423034328
4821,0.11479402402248146,0.9751631372823377,0.7535721345335176,0.2696332246617862,0.3848747628546101,0.34573318591306945,0.2189658532979601,0.028140581619272034,1.82753999969687
4822,0.9246268058549763,0.7400024920628627,0.5853390218516641,0.2863298357771169,0.3647342830037625,0.3915172948152872,0.11346697344048944,0.03817794271097237,1.2558742077905982
4823,1.5092758488053502,0.6280168344881852,0.13295243082711108,1.652350316842846,0.674699274418305,0.4928833053735684,0.26430653698023454,0.08943081677293993,1.4361082330083175
4824,0.22082646406917,0.551281613761991,0.3120375137352674,0.7167824262654502,0.5777665403320139,1.5606129792710346,0.22854838084286236,0.13844618048833737,0.9715219604195483
4825,0.8305694549619287,0.3415990234351678,0.3905608323956967,0.12235655567675796,0.4718463363730495,0.08606682344222771,0.17203679643345465,0.10532188545901047,1.1764801907116709
4826,1.2191314745011912,1.0911229664392603,0.32039883617835685,1.718790250077165,0.5470768314677583,3.901991564824942,0.19116946715605643,0.09206857799161623,1.235330883573171
4827,0.2731325274760982,0.6931193364917956,0.7730544570198776,0.8936429877713233,0.0837523348982932,1.5272170092168749,0.08421340045045819,0.13519982339515316,1.8922161531452109
4828,0.29896114572178595,0.7471526866742563,0.9925587942136669,1.037491313916615,0.41745527203223814,1.15897830249971,0.03850521674412981,0.15689442554521416,1.8694196421907103
4829,0.9501066991841591,0.45412779592652974,0.8026317662366007,1.5173780579105378,0.7303364146644702,2.228016342048272,0.26110395279339765,0.08416983903690316,0.24613916537579605
4830,0.17632971997353353,0.15681774352580305,0.651129890060347,1.8245147931702865,0.4269823097229358,2.145326604856459,0.14463424611550352,0.05545850140632222,2.419742021162894
4831,0.9107991453389688,0.49133051585849763,0.39378239577297003,0.04684302569455456,0.390077145702753,1.3780596360922042,0.151201388057721,0.060513914633143755,0.3433302602246231
4832,0.025117527573171705,0.01566116025423203,0.4588720348772426,2.8769456000615543,0.6751520533134379,1.0769183537189981,0.14460856703604014,0.10116668182851703,0.3925751083008113
4833,0.4597352070379734,0.14177193794286228,0.5623010933240825,2.7485810218524307,0.7398670936757801,0.05072325060361904,0.0819904247592481,0.08468930816970854,0.7943095061549093
4834,0.2851538535864725,0.31134365579294626,0.45919683483486673,0.4370100244742562,0.8225158267339054,3.765431233060939,0.11409487839791109,0.03868186112392968,1.2250094005455447
4835,1.510892516879586,0.8899311311685136,0.2474215476848211,0.638961057499105,0.44232754709573346,1.1525641022310622,0.04944718967576809,0.11820651519665765,1.2747648611448787
4836,0.2107687111210449,1.0286282938843803,0.9276759641213019,2.0143312596679848,0.3364917785278807,2.0502655364588676,0.11123541833393914,0.10840547527572054,1.256966503327964
4837,0.7631816225412165,0.21234296819764528,0.3741147155441188,0.8600766545111163,0.5072716040272931,2.0978765772257466,0.1983941335206938,0.132993271983965,0.24688093477436157
4838,1.6848428941218163,0.16357573013703716,0.433692298766052,2.1780792024779885,0.4813148549239,1.8579509138132917,0.11572020372884234,0.06908004970679701,2.178515255417243
4839,0.4732918027318782,0.9597295335276008,0.13284083302987812,1.1890241318061812,0.5347602005346361,1.4120678556649007,0.10297108152055184,0.1416615710337428,0.19108888553707903
4840,0.42928285809865874,0.3809718761591786,0.418547426162659,0.833791009772185,0.4620135530376597,1.9666497279065274,0.09685408676601834,0.08162960318293573,0.3676147977283263
4841,1.213906255664941,0.26057377993601993,0.3686264406249001,0.8512434163994113,0.5989107689477654,1.1583195986331853,0.04760000378370169,0.06396007647019385,0.6333631566677085
4842,0.8529110471598185,0.6041946037964209,0.09844571299306282,1.1179145105359165,0.2286528466507199,0.22339906911639962,0.26927124589642487,0.09939929032733508,0.8514642255843594
4843,0.721011292629405,0.7217784898088986,0.08919707534696392,1.092754284412747,0.17942778813565985,0.5072484704245412,0.22663560634287017,0.0758815297556886,1.6009611900387903
4844,0.4040309456636635,0.42474527962698344,0.7070232860483838,0.21996016059224033,0.39742386649348693,1.6478601224769225,0.05834416843630273,0.06591725585879069,2.5193192856054374
4845,0.20795519521643782,0.3186049955265219,0.21957481564648829,0.09974512088529763,0.5258250059969449,3.5102497237437347,0.08001158493679045,0.09648697865135974,0.9661900089214337
4846,0.26010869838905026,1.2453152195740627,0.5822304188008409,0.6758346128254111,0.28837645374712334,0.5866650923485071,0.37979689282261864,0.08881495876528976,0.45801128265295443
4847,1.2334726714332822,0.7136401974936212,0.5543472005354345,1.0655631158015704,0.32039307436027764,1.629402190895866,0.09405055187496937,0.11054691226744885,1.1786412469404743
4848,0.6157616581717644,0.6838141297369575,0.2280626122787648,1.834295272362041,0.6082420773730985,2.2350936618186035,0.17626713606219643,0.09533153821189409,0.8279118789640203
4849,1.9825029580463613,0.7238535565477031,0.5766159915109608,2.2930878332388844,0.5370152454159889,3.665915388949249,0.0557028216276826,0.10578313000947642,1.8305809283369054
4850,0.4304195141793131,0.3226799264738948,0.501595151930477,1.0006780397101847,0.75238935501808,1.2800316725090455,0.29929403876841176,0.10507093929254738,1.835320443139504
4851,0.38653680351572794,1.0717068582196265,0.9914944662005298,1.532195621064141,0.3753739399693775,2.565461354915877,0.17386669677238376,0.08195037758844861,0.5585780698890237
4852,0.5534452731905561,0.8162661019857814,0.33971672731916963,2.0795643314214587,0.688323989968044,3.413796382110954,0.17286435590442908,0.0725834685532564,0.3881858078038298
4853,0.5117041838566281,0.6461377149424878,0.548066470035738,0.9220640667498649,0.296637223368711,2.09921161539608,0.27736240213129,0.12748013805084235,0.901563272682069
4854,0.27671617633117623,0.2048074762735868,0.5456181637944082,1.6934560176237854,0.41346321987759255,1.6817260712173747,0.24367978636290644,0.06412413848719481,0.047374883822064784
4855,0.28116852940075576,0.19680732334270837,0.2604793075936932,0.3310615120728322,0.7162801988538721,2.053605235103028,0.1974943242166313,0.07495255565847293,0.5840514987897215
4856,0.2073832901591782,0.979427934759528,0.4701369921267602,0.3286668463703383,0.3853050754989147,3.011554519752763,0.2589739681871017,0.06241532288588438,1.920626825639683
4857,0.24085906878824953,1.0134982422068182,0.6475959070767425,1.2368630287816296,0.30155871058653616,2.5570395079248787,0.10749277915326085,0.09820249336445677,1.8685098025064282
4858,0.9629002043053267,0.557540253736396,0.6908718117520916,1.392973642781485,0.2128702795870236,2.3590812489818216,0.17692600438437434,0.07423645554891434,1.7647498018673078
4859,0.6900873171108011,0.9513980262344468,0.010350958069541172,1.9899407493493193,0.4504802187796558,0.11846838743239374,0.13117442244671199,0.04033606153072775,1.8101015909820395
4860,1.2556094558742632,0.3754845184281449,0.6071480307655885,0.7218871189859544,0.4130651957293245,1.6046127284876273,0.17687540515093106,0.029939776328110443,0.07007493944346732
4861,1.2775317320848576,1.0876193565601187,0.11557001938448352,0.6533757845305541,0.7306200071937548,2.0683961731305134,0.25106902677728227,0.08195506641617314,0.41963215029361284
4862,0.5782624943477863,0.29008743129407194,0.26304122505632266,0.8389747928285402,0.47798681922103153,2.351907437222857,0.1379114950511657,0.07133876386115515,1.0007618610689923
4863,0.7242636919183891,0.9986839338623421,0.8477440666364141,0.7233646627009924,0.5998327726499881,1.2772145024198167,0.050800782837994427,0.12449369686571862,0.8069323403570609
4864,0.5918539949431781,0.9773250221911456,0.1659497815145898,0.8978712293990059,0.6169903869291934,2.130970973669725,0.27483050965170236,0.06393731290141699,1.428358424700022
4865,0.4471149403425595,0.2349584611290943,0.14625282013153046,1.5410739267716211,0.49437254565034167,2.6307486200405603,0.19220886085897182,0.04654108425171516,0.8381540321819626
4866,1.363841114884808,0.6301434245676627,0.5606877566401862,2.2433871910247762,0.6501860034508669,2.4740346481771347,0.16926217024744108,0.07230036814310514,0.8452423283053747
4867,0.1989172819286441,0.6086171899637869,0.639469726279372,1.172055847841511,0.3013620667143583,3.7404927927617626,0.18832546157659152,0.09676312781541695,1.3988690784208946
4868,0.12222338847240474,0.7454758499776601,0.46247899224526834,0.841166102875751,0.36123143069743924,1.2125249439884218,0.041539487995022675,0.10654773250798613,0.8437409520984377
4869,0.3470849304322762,0.04839075196841963,0.7007303437429806,0.92792773009353,0.3460825539532039,2.848038284827974,0.10586265718850286,0.04067536063964093,1.9570432063398107
4870,1.717190827765008,0.14443381219268242,0.5231031450518755,1.4217512052368302,0.4236074374107409,3.270635224577787,0.06678752273096891,0.12009858571584073,1.5167158715672477
4871,1.7001034554487868,0.5109436440606782,0.1392911728556296,1.0441272651402687,0.6387514116587727,0.7455356390393315,9.317962800282908e-05,0.12501679066497068,0.7568348585660497
4872,0.4361592684810388,0.6418786412340922,0.055060971507412015,1.8662692714273712,0.5268191808661514,2.8172688394584027,0.24268393819025907,0.08590015754259844,1.1708471804861418
4873,0.20160291322499996,0.7155840372511497,0.2838538944235855,1.148177387359356,0.9381885669562939,1.1004270343838574,0.0061651107739612715,0.03205438863811888,1.4583009188488103
4874,0.5166825816976166,0.8438661076345992,0.5376011967661465,0.22853125524255447,0.6343449621772653,4.48350697933197,0.18055354200781265,0.1015171886117821,0.5821946791936086
4875,0.3115089591980309,0.4393362818084032,0.5352474280082679,2.243507612039623,1.0205823677672474,2.330650237827045,0.20208128206634451,0.15175756299141163,0.9245152929988113
4876,1.1653814017608441,0.8266166793408946,0.27461681095486057,0.38462500526261445,0.45754790542692503,0.8417011847807371,0.09544307610180625,0.1101824152514069,1.2588742496901553
4877,0.8363248654263837,1.2120858628649225,0.3339148941307936,1.3940701944724363,0.4237663482070796,2.14000850437525,0.22938521003852785,0.16987103834997164,0.6839396717828334
4878,0.10871368709464249,0.868272415147334,0.12169337545792608,1.1550337128048738,0.5139970445961998,2.682922009648282,0.015536920221979833,0.08316678132165822,0.48372371901859407
4879,1.1985915380705285,0.27819428415657566,0.40617056530885964,1.257926755272327,0.5330660043583185,2.530611180113845,0.05817512253638089,0.12017731257073275,1.1614808142812527
4880,0.3549220564144776,0.07723157806741288,0.04663430602284785,0.8487592065679862,0.582832154719428,0.799787255128748,0.1622946173234488,0.08454822872966304,1.1222699252914978
4881,0.17238530149107317,0.3567627956670886,0.6876074521562878,0.1965778546699406,0.4635258376260893,3.219823704673513,0.07436128566348688,0.0838115616127661,2.838322396174221
4882,0.22325591132606665,0.3405268254604615,0.15809539314450624,2.443525512601137,0.5304682174019194,3.501521812121841,0.0662260164387257,0.06479976048914934,0.6397867501671026
4883,0.09463474252192244,0.17506727120318688,0.41039687610377307,1.1576962067253052,0.5144290619904854,1.5505426060248158,0.10212405020409063,0.07313613411080612,1.2148215196669576
4884,0.37265119800489277,0.46120173981241774,0.367397503957322,0.7464084171757659,0.695104640033056,1.067217936050914,0.27353801221597485,0.06654475806662673,2.213835956463609
4885,0.9732492544724891,0.5819697214919337,0.4403429793013993,1.3627434902692173,0.8783565535592547,1.5984303976887446,0.16482733229857385,0.07475843823713998,1.5828389187217826
4886,0.3583325751552305,0.19661311961942782,0.11318175799068642,0.5279392782823042,0.49073103541632745,3.0071315442374615,0.06470220329051239,0.10850682582172266,0.14891194207987613
4887,0.45148992048151704,0.3024845688761012,0.6925152864880801,0.288914246895858,0.6999699496618643,2.356289759661615,0.08186734189373925,0.06067672586488667,1.1028755055989654
4888,1.8952757372837217,0.6862116139861072,0.12356828380630919,0.4970176585276982,0.46942125845391586,1.4447243956698772,0.07718975546610432,0.1596700282424267,0.5259325328395235
4889,1.1947493752939702,1.3660716033698894,0.6384905016445963,1.4499151667099166,0.37202401681353814,2.54297786628874,0.06642700375881577,0.13622678794915555,0.04458373484382283
4890,1.0331773867362053,0.5336387413885157,0.8231408317792362,0.7093532926445814,0.49614448724995275,1.630793446672461,0.21746322797990494,0.12116054076515786,0.8798830656133295
4891,0.42004784880305357,0.5293981447539429,0.5848757592290488,0.25899820907832793,0.6724040732913992,2.056351246785325,0.11232842646956975,0.07316549762397481,2.1102983653628584
4892,1.4702560242348235,0.3110037004497177,0.691907748565915,0.5739081979117734,0.4498748741179052,1.1009222230946578,0.1920938241271652,0.06600254559759282,0.3613701633178861
4893,1.2057957134635866,0.3545959946363026,0.7104776026700862,0.7698988856396456,0.6268719548170146,4.194987953857087,0.23900073948355732,0.08824305020411734,2.5395078587523896
4894,0.9031873510868687,0.7146599935317705,0.45372258579673164,1.0590481306296362,0.7646022020363454,1.0992161429832512,0.19925028363531663,0.10615817980172972,1.746557763873438
4895,0.13841952557450515,0.4822024068768929,0.46958916793601124,1.0006021355148023,0.3689521064388249,0.807081098812511,0.10549488862668803,0.058415490683051165,1.472111181319667
4896,0.04322008888056994,0.3553897668839032,0.1735590667619237,1.4496885899379297,0.4521965440334846,2.567246351485238,0.0903601639828957,0.16721388700367598,0.5004149460531488
4897,0.32413113556344464,1.058950698665649,0.31375644567078137,1.194563260714051,0.4148079687269173,2.0998859421056646,0.05177187975439631,0.08484038936977834,1.5370044835321437
4898,0.031065979542518773,0.5813060732899153,0.16226572756322416,0.11596822470177526,0.47690910154962524,2.7492833225584348,0.2144805268115238,0.03732932302188486,1.3683271179947196
4899,0.09801866390083314,0.5334853009550101,0.12759272302477392,1.1219663600827332,0.6321954325562658,3.1098584503334723,0.09646155446246388,0.17161924223926467,0.13668992609024433
4900,0.35338880172384285,0.8116478907035525,0.038078634096874675,1.347613214271975,0.6735299126627782,1.2136995093724146,0.0955977427238416,0.040570065363126545,0.8749622809058963
4901,0.09322682203796007,0.39282349723877963,0.6568346219955252,0.5793819667927909,0.30695314924073475,1.969282663922034,0.08345843975883617,0.11809370254724648,1.0003134596445977
4902,0.46061199329183855,0.1171330358571481,0.9371082138698388,0.719496058683347,0.7900575020786152,3.541348379594921,0.10550272187839005,0.07686354165269577,0.7673137073323597
4903,0.02924196144868038,0.4878561946228567,0.3015648881051634,1.1572861220724926,0.729992607432625,3.019106143067755,0.24863527568625704,0.1494485621468664,1.6392156782807228
4904,1.734927019350791,1.1009185303986837,0.25442872001107786,0.7885710954519075,0.5293960872363349,0.7017996621281188,0.23711146320498516,0.08706078460566424,1.2667386946403465
4905,0.7074569915375343,0.561557159033192,0.3722154622632783,0.7695796616795186,0.49043017033921116,1.711161361420702,0.10107543615622243,0.07433434423930516,1.6191341651776954
4906,0.8102927078306503,0.3476109482694036,0.12921947123212515,0.5170038861764152,0.47408840648470596,3.8006312638848163,0.24197278023855162,0.11053080852884782,0.48043625365473164
4907,0.1100425481209163,0.46540435408648506,0.5744357712498653,0.034359525814539715,0.6377011147184097,2.636233302129785,0.20518800986052982,0.08288177057258472,0.6300593902112186
4908,0.01604445423571582,0.6639334960448318,0.34513082721783184,0.7280315314951971,0.5991033467959644,2.725387520345608,0.09904644037237578,0.10381496927128414,1.7119137164368703
4909,0.6558234670942077,1.0387663366424114,0.2189907586736093,0.360026049407554,0.49704691507647164,1.806860580521709,0.018166547723560605,0.06109609731313115,1.5643299661476302
4910,0.1693319440071131,0.3395551094735786,0.24105019174342845,1.0488913898053396,0.48081921066084266,0.6702235805818553,0.06009238904769127,0.12587727673003263,1.2806765133395568
4911,0.35232579754212257,0.6798345756726881,0.214979730017401,2.160795620481372,0.7894829802225527,1.585914990895118,0.12946761648445052,0.12070178491379947,0.19104774957247983
4912,0.0056809897888178695,0.6822849441216561,0.1473947947758193,0.1476828106209036,0.5810591010495936,1.1512498681579482,0.19916871744032577,0.08280502879257184,0.6975625222577643
4913,1.0021509218953102,0.7408472489176635,0.21912736370203206,2.539254942770996,0.6086332832335173,3.019238334852825,0.3132737136664978,0.14175205274935937,1.2156789233298362
4914,0.8576126391279402,0.5006113706779894,0.37564715494679857,0.4726661863667897,0.22053549073250045,1.8810231610209518,0.21288027347719274,0.09939518781746268,1.6239789769227397
4915,1.2043641656329465,0.4836736991132192,0.6869371311392847,0.8239771749931787,0.25407173170787295,3.6816183788503585,0.18733656790700248,0.12482576042775313,0.4903984588741209
4916,0.24933213034257135,0.7329595326706111,0.11145376236441612,0.44223125042454303,0.6486098680109155,3.053442322966597,0.03918810240833179,0.10710650104166812,1.1658552941002536
4917,1.777228066835555,0.5479155367025731,0.7157039174259122,1.147662098823651,0.6630774516950491,2.04540156841729,0.07985421100024752,0.11639105840651488,1.1005882422836633
4918,0.7519957613502367,0.30483735070757867,0.21030787592211736,1.2584559806108429,0.6151201125732283,1.9181941392913293,0.22718508197442672,0.10545365242373309,1.673684169438213
4919,0.7348547128487357,0.6773621366345453,0.32779384066713974,0.25254165983243915,0.42561528555893996,4.450560207564012,0.21170465873408056,0.17644928270098217,1.1630903592549158
4920,0.7856893027506673,0.3582557077666769,0.6400591663651518,0.7463968885698515,0.5396668918033469,2.341121231608491,0.1002819572454756,0.06612133007582087,0.5541329449158912
4921,2.1092300474105192,1.1158521262960623,0.8731112375553002,0.6377658035098646,0.657789850264031,2.1177298867228673,0.06810250886214277,0.12107780721245573,0.8450841080121009
4922,0.5796904004073367,0.05226073603270259,0.2632461023431153,1.4046409753661222,0.4930058186672812,0.9182543557527877,0.19727641772229593,0.12221849222263648,2.160963100765735
4923,0.6132630241589636,0.7161981245627858,0.3665302415542608,0.7331866611732133,0.4666417579079627,0.4796187325456698,0.2826080023887577,0.07858386821616137,2.233125519144575
4924,0.8171494638470098,0.42792461587294817,0.3184268977949257,0.9874417664581433,0.4736690074657273,1.8805874973965737,0.07381234401242803,0.04384875048703547,2.0940159613725426
4925,0.34308889622532335,0.752065800256176,0.8533807267787137,1.8049291298159924,0.7419262893405514,1.704712292370079,0.2992516959312469,0.06287184017881783,0.17332101378323894
4926,0.9882405101987846,1.118962537787466,0.30787424317403084,1.5329254754341028,0.4922525890949713,1.5200226088433784,0.16932662561628836,0.08499379244855534,0.4860863294319579
4927,0.7870587816237122,0.27443425104359354,0.08939486207699854,1.1063022874891888,0.30616906476146233,4.014563841935813,0.045215840196359006,0.12178657101830306,2.1712613427164342
4928,2.0867747124102864,0.4736705973438341,0.3341967222998941,2.376356617967251,0.5726131209725766,1.6006333162695119,0.1669048800834575,0.10990984531144549,0.7457656335315935
4929,0.06719002652570583,0.4360722298578246,0.6310131945915913,1.2552775167345405,0.4773025147428449,2.236611675566965,0.18491536575683792,0.12127951864445718,0.31958035196892765
4930,1.0661537483644767,0.6162201976925461,0.29975568223059285,0.7976517047021969,0.5409481298047737,3.4850282155289194,0.14577755396401926,0.13444559862041303,0.5418008889303129
4931,0.4613773612698966,0.5087655784666664,0.3908184992729963,0.689282648295038,0.6834503975313015,1.4754122312665672,0.19188764063598712,0.06271998496279343,1.4784842798736557
4932,0.4062007593239605,0.39303227042267963,0.2603853227673247,1.2958773690842729,0.6450257422587603,0.9144254437849376,0.1763055475721675,0.07954234211984043,1.858704283061741
4933,0.3838821273612494,0.8900346606348637,0.2561614399972108,0.9253284332180194,0.4645472766539287,1.6824302119075345,0.13233918649536733,0.06860832922859232,0.5606207676562727
4934,0.5206971771818689,0.3761585681186138,0.722789873608578,1.523956038207666,0.5161460126410579,0.46012427551800683,0.15218969663626444,0.07104348119153385,0.9792853175539806
4935,0.4218999950171708,0.3275788900923366,0.7465810662720027,1.4838031701569556,0.2258044665961284,3.045966132282875,0.026306220124822616,0.09291398974432534,0.6862911805294942
4936,0.5481664856450266,0.3666371321008894,0.06204534372677761,1.6837154430973524,0.5506812307496968,3.1038882487650765,0.06426242145227368,0.08595440113844771,0.4196580916823012
4937,0.9270991966464264,0.28951694071738443,0.5527119665556789,1.9942880281311863,0.6157201502046165,1.5421493920077938,0.02991378064627788,0.11181881210371945,0.4681064102014042
4938,0.5435241234126125,0.48804130750059155,0.0840597583943109,0.8014523250122256,0.5368921493344262,0.24165752866988344,0.09335967015690223,0.11754879283116637,0.7712972953534983
4939,0.270891572168942,0.5134537100355515,0.22074782798570386,0.7314086236547355,0.45648341196197606,1.9021611762142008,0.141413552396199,0.1261292983212262,1.0054244867367195
4940,0.8667770849116447,0.8867814263668006,0.5416191487482536,1.8805808469323955,0.5103465849549474,3.1340644865159337,0.13377282301507895,0.11555472535839115,0.2804326279756705
4941,1.827360163309142,0.13059668542478792,0.09622172528482864,1.812239982949857,0.5465930696593173,2.9276511243756627,0.023514163450159442,0.11586414386929528,1.7958588446332178
4942,0.3252348419172639,0.08645844831632687,0.34488448293658,0.5565506925729682,0.7174030504094175,1.7552910728387146,0.24905374804654157,0.08094357253640279,0.7347485371007938
4943,0.12380220899266747,0.3772397913179974,0.5079004917855852,1.3281053515422832,0.4262255244369644,1.851368565869311,0.12110322778654152,0.15668018822992535,0.13728323982158797
4944,0.43230094556022386,0.24336845296947535,0.14565479407286386,1.278340872241662,0.35376210996242075,3.227217669322513,0.16734984245577553,0.08597185060972663,0.30453587144579
4945,1.407667019015848,0.8934956578470561,0.13538258933405053,0.6347144480471845,0.8416748595340151,2.6539876790174106,0.16523857377715034,0.0709134842682468,1.152174049710125
4946,0.41302844904970293,0.5276088154159794,0.39619453150661704,0.7839859745134519,0.6939195879633713,1.7160641257779272,0.1946961339574766,0.07986332732283541,0.1389644785269477
4947,0.7999927576310117,0.17731999197628595,0.5138873257480563,2.2921922945716426,0.6915104850429544,1.4675543179327095,0.09127372223804198,0.08293881031905588,0.5896135430644163
4948,1.8608317454098773,1.0418130788291338,0.7034791263762163,1.4206119431569093,0.673433430624888,0.9425055246998681,0.022790812799640764,0.09182197600918517,2.0114686656982013
4949,0.3792698068305307,0.342853963619904,0.30631745128393895,0.8836062322131211,0.409389094199522,0.6216495015775685,0.05052726503100743,0.1374284543084936,2.02246423744291
4950,0.35006371904519307,0.26694561072941914,0.396010676204175,2.615803822433884,0.48817519229928474,1.1239072078037706,0.17275658425202248,0.05739058358860623,0.8465174678073274
4951,0.40778873816161343,0.20990129586330025,0.4231324115928378,1.3653610883959688,0.044284330279932504,2.5255383181545987,0.07556003731922223,0.12446157236726435,0.2566248114464946
4952,0.5700900834902713,0.6938485110541869,0.4614871779393076,0.9949079805442179,0.7973776749386121,2.2595428478167103,0.1303496245174221,0.11884538349615946,0.6374627545953897
4953,0.7497350337035329,0.20583510282345843,0.10466586776909192,1.4927597354426982,0.3397286402817848,1.8513763424464513,0.1172738106294595,0.1314624446097546,0.7163248138787845
4954,1.3902712568289997,0.8628720139119332,0.14205100442247026,0.6772525193269093,0.6842611035712898,1.6005165805668122,0.04768892340219758,0.10158686014497921,0.34503406128135516
4955,0.3215656238371456,0.8732798898122933,0.46131489224877475,2.017036256290628,0.9614465006228993,2.2111566161036955,0.017283361242680734,0.051439710512718693,1.0769391803562456
4956,0.7703078519172396,0.2746135564435893,0.07304992875971228,0.5644246477832177,0.49894038783036654,1.733604173709381,0.15771897751184905,0.07705280947054337,1.0457270490172317
4957,1.4902202704336278,0.8241127589469792,0.25884027748093297,2.1321288919937227,0.6542936381131045,4.094982466350125,0.09513121930576308,0.10094368693879206,2.1890435794948404
4958,0.8455615907271068,0.4304584865606405,0.2107221693556809,1.098492457703447,0.19736828459074757,1.8920860701331166,0.01608236163259169,0.06194303399317714,0.39742538034359415
4959,1.3958632588349318,1.6126255752329293,0.5378680744783798,1.8307138231021978,0.9377050264709005,2.1114767426104915,0.1909969227840794,0.10450852954500987,0.952286462703605
4960,0.5384648758870103,1.2637627043691053,0.6367993161090039,0.6556899487906171,0.6162971450344693,2.1509641683859755,0.1641983396666734,0.026884597688148118,1.6533529452456786
4961,0.8571551067543985,0.9822028602329995,0.2609621815157568,0.5371000860603791,0.33339213978109106,1.1241336349227158,0.14382251589263867,0.04909683424251785,1.1368650727795413
4962,0.26947129462714986,0.09720993969152184,0.4626950428729415,1.8414213620512734,0.7878991420467705,0.5372013718065665,0.19105235842463392,0.0551748701445917,2.088088195654437
4963,0.5446395090284113,0.46137818632676086,0.15322083742680895,1.6280363190396927,0.7147657744920688,1.2974400541261022,0.05322069029408116,0.0722314333190751,2.5228770093298767
4964,1.3241904726218787,0.7386689269778646,0.18135876497440973,2.5364070750468506,0.7332966113304803,3.7510880456063074,0.016836961714512502,0.14243479869170603,0.27846488955216997
4965,0.9260803526000079,0.4305284219919376,0.8007002156089815,0.036482706266081855,0.24497576454928216,1.0012895647044333,0.0015123169874523557,0.14124363859176037,0.745200649071164
4966,0.05589323870739438,0.7982242999175445,0.2744338312427216,0.6216431573131276,0.48835475196291317,2.0742236655545123,0.1459361270817936,0.07807145135612224,1.2795775615375573
4967,1.2318356804205128,0.02465476704736519,0.5186855972827948,1.099324242893263,0.5881396050358008,1.2767760484258606,0.15205706336682573,0.01993959148092528,0.7328909395542227
4968,0.019483860939182418,0.30050559065869387,0.5473080343115828,2.3343452415170627,0.48025836415756473,0.5078529044628128,0.1101440200032969,0.11193758460133077,0.48841821761431115
4969,0.5188841390677013,0.19285825757713748,0.3052132931795928,1.3069434249938707,0.6048544450977514,0.5027733010618669,0.2173833909557359,0.08062917377989585,1.8756227163817494
4970,0.45010387466010104,0.14329581571676803,0.670649821705702,1.5652985782420863,0.7582803851969039,3.5033919267171623,0.10626594878539031,0.07697329847270706,0.0781333486557041
4971,1.0611114439471885,0.2657414551614485,0.2621189391125931,1.1685636361036342,0.5484312517629684,2.33351274437095,0.08070518346600929,0.06976365625906601,1.026290448160982
4972,0.24466056121594285,0.12358436855903027,0.6726148788954844,0.8123593109110988,0.7709518700068253,3.2142443764790087,0.07314086686134724,0.08418282796527206,2.217313815741238
4973,0.6897724153518918,0.26133934207204623,0.33611387842175916,0.9944803468210018,0.9191046192090644,2.5766465950396933,0.10344506593910643,0.11125033230327834,0.4931899584048142
4974,0.6483650865927838,0.12977901815359202,0.3336033871921698,1.5535586741208762,0.8246971993966472,2.5908923079189785,0.006326193849706563,0.13013728227335775,2.0874213635162002
4975,1.0594783501639027,1.0031157842002791,0.19831827655729858,0.691837075094148,0.43923811870098556,1.2144230112809538,0.19122149558778762,0.09931483851114811,0.5658641788383649
4976,0.3005417452678851,0.13992718086953537,0.17259083756460283,1.8715534946171537,0.6128514548394162,2.099269284449134,0.14248475559686435,0.08836828058203818,1.4159342194578253
4977,1.1660763075692782,0.13894183911935218,1.0185500148316944,1.7431892334210435,0.6813412200355573,0.029764613477426316,0.07157151045814723,0.0685659904628089,0.8220450301074844
4978,0.7743674213641296,0.5190186349780411,0.7312904794840944,0.4369245659829756,0.21390040762845863,1.434607622938504,0.010926305524010138,0.14218402134393868,1.3727516773588837
4979,0.827923428040201,0.20858430923690996,0.37597350290296355,1.3129492562354768,0.2663284506765685,1.130909476125851,0.0837872492332505,0.052779013212229484,1.3476733769507852
4980,0.8114160621344675,0.27074391162360384,0.26682309540586274,1.930670378853658,0.4619675336530882,0.5120877869094858,0.19918856754283332,0.11465589911108862,1.868277506463562
4981,0.0795351958905686,0.110982900382009,0.47200699426912385,0.08075899421732169,0.2674317347662545,3.2002524055598185,0.08947898321133775,0.16075845226561725,0.1994007738436413
4982,0.9004704644241655,0.46183962474332946,0.44960019974139154,0.7282282951097636,0.2707913790364779,2.125745348366252,0.006202546450671281,0.0723692457584985,0.5597442859386219
4983,0.6277652872449672,0.623454078451352,0.37213496208809166,2.1890093964309587,0.5204796325785906,2.3580465596680553,0.059067062501370206,0.1235853284917367,0.9098176745302989
4984,0.6816776497338812,1.2789325148367554,0.41157785863166907,0.1357392064802725,0.5106296443252372,2.0196756875450186,0.15942964240330143,0.054759477306162825,0.023930655385586808
4985,0.8505620420675477,1.1080250406741716,0.1733798336703334,0.8885499237378609,0.6218462473378511,2.6202707660609135,0.10303517037366236,0.04337117386416776,2.1088288490088374
4986,0.44171379871884703,1.2760558098015378,0.3000537118876177,0.9088450641764414,0.23919824327773487,2.6102808719996795,0.0028866650248692144,0.051138084788962056,1.3617014733233388
4987,1.108006626279445,0.3619364942322668,1.1104163121702202,0.5616082566836285,0.630437551458863,3.071023420045541,0.03839706339265159,0.08724582855281532,1.2357531141491744
4988,1.7595634699522076,0.5025122643132744,0.5737490318098653,2.186709523260819,0.6675326930824742,2.5964467227189996,0.1153925636255441,0.03946260488074102,0.3837506140949458
4989,0.944336225193172,0.5345942151976544,0.28255305528909946,0.1496275496024625,0.23687331417916108,2.673284433833841,0.2392024473780322,0.15018087944841094,1.4072840214057067
4990,1.8578900124780977,1.1268459590781597,0.5443496183660725,1.638415566404361,0.4828358175955409,3.0296567637106104,0.0897119669058174,0.16040276055705563,1.0090232968265935
4991,0.32339970597646095,1.084880274664638,0.6633757827904161,0.9047604108567342,0.6931777500412184,2.9047963225892275,0.13126497322790862,0.1464712305112399,0.5079799760648224
4992,1.1786020500395662,0.3766113583213396,0.5078274255248596,0.4483885857605844,0.3600433475189703,1.9230589871837735,0.13914801675279725,0.16955400754408972,1.0841890488454393
4993,0.40026157790657024,1.2247175630171643,0.09186810150528538,1.4082351195847238,0.7933785858045721,0.6480384259712482,0.1022034010251514,0.14791004772039407,0.30623972218219175
4994,0.8776275216916616,0.40512840659308735,0.2622039929380327,1.093266234410028,0.6662318158397915,1.042656080627539,0.049845296893574205,0.13220691292174092,0.814960130751926
4995,0.9608244890753501,0.42857910441640334,0.4352985820137907,1.6014904189137074,0.35321134296976747,0.3795546656467239,0.09629339438197963,0.0788822886590029,2.517570204247124
4996,1.8392932492774505,0.05727256708941775,0.22548410120936357,0.8840894503564949,0.4428723339632295,1.3940209736386866,0.26291012814061326,0.14322829600055229,0.7954747996813832
4997,1.3498437654828244,0.2430838504175662,0.21287067709341717,0.5873911002371852,0.21419254899442963,3.297754445801795,0.03017539014345351,0.08629663531054856,0.1046034189566889
4998,0.8531608800201502,0.4963666677833765,0.5313392478982986,0.37576605054736323,0.5491191370589634,2.2417647552175692,0.23362834913169578,0.11098110346329562,1.6040565126013797
4999,0.32036245247769035,0.33222390572809424,0.17970141744902315,0.46787215232819845,0.6426738459770955,0.22318709567758988,0.12458277137892969,0.0390880832780135,1.4326583819983352
5000,1.6288332626943578,0.6404174656239593,0.7382158938841994,1.2985990388244966,0.07752770783992796,2.35775255598487,0.3030993094891162,0.08586615712397333,1.0386699304658897
5001,0.02945963680784458,0.0410391312813998,0.26497100417195196,1.5295612129549463,0.28467212616433063,1.8901730748014325,0.01822142824981203,0.1236034550138637,2.5650407756299294
5002,0.9377001054236769,0.9002855042600924,1.0906272966915305,2.8607608069638966,0.43874635527765893,2.214305344260146,0.21625807846596387,0.10471801915226554,0.9173461894941658
5003,0.35866620864949483,0.4764140407420214,0.16785274406491466,0.49640313128067143,0.4612969873690277,1.4106681155445193,0.10427992316701508,0.13249190703415792,0.031398198748038175
5004,0.624597106856962,0.5725881807096188,0.049256399715576826,0.6658847012150635,0.5433194481355823,3.7485819789212727,0.13370090599520235,0.0786337288932923,0.46131831037770077
5005,0.15404482026432273,0.298542773096819,0.35090501320912443,0.8939965147255667,0.5621830613215162,1.8255022213636471,0.15297886520811987,0.06448907200122989,1.9664684122214806
5006,0.012768756658582514,0.08240482872804727,0.13866893965694949,1.0282592668241604,0.3646508022453874,2.5704338695623985,0.10237184899546374,0.0960337594701121,1.6133718428223793
5007,0.3840482222073004,1.1321791605197886,0.09066595259572685,3.295881074615053,0.48998487437025817,1.9688861985124904,0.009701209895591367,0.12861224831812026,1.839093686987764
5008,0.7893917593112658,0.6356816839742595,0.22303518644054668,1.2250808312430517,0.05686088712959392,1.8334944599935288,0.2053443617840673,0.11063837291114653,0.43976884362740853
5009,1.8809470533301358,0.26745400141394915,0.11859357610991814,1.2436051783292117,0.5729145117305119,1.1824243883058139,0.043639443892589086,0.03536895432178693,0.5611848304220698
5010,0.4220880040003333,0.29434065895055644,0.7517607428462714,1.0223272607762743,0.32872078901410196,1.856240925542489,0.27950450258210036,0.10997728960690645,0.3265604694306883
5011,0.17139342147327385,0.9942074349749093,0.24968757888219065,0.2343481922561126,0.5449434245794824,2.6731675917737223,0.1763536140071529,0.07785125020773762,1.5042138245377523
5012,1.0444315462027562,0.6010392015228506,0.5694943769568813,0.594175965502872,0.44217167708177235,0.7870708707597663,0.18625815453757083,0.0883594800499953,1.6739052390494806
5013,0.33743738076341667,0.08579056718274236,0.4970217959766749,1.1247127789385196,0.8068030024407953,1.3341373316273786,0.1568885670529995,0.10962057603902085,2.193674418308212
5014,0.15047961544780003,0.24358573724320384,0.5211771815182337,1.2916652062572245,0.5098104646759356,1.7742102389632572,0.17117771911714064,0.06660396921351508,2.0080728346001155
5015,0.3355731931653912,0.1612318022826705,0.6241921021674084,1.3506783383098586,0.45450343165296403,1.0295031576959874,0.05651659061519672,0.11101397978650213,0.8796879821618049
5016,0.777515664287027,0.576630709867414,0.05853819430639545,1.331342118313073,0.35872304740420863,2.237813612166142,0.136924197970872,0.10274104112516391,0.5764188872819631
5017,0.6322110776281511,0.17973977968446445,0.46943676577922855,1.7899259919891573,0.25633037821762666,0.9105233332445324,0.14313875863533254,0.09461701727480816,1.0714591368075994
5018,0.5214408212913082,0.5698144106114094,0.6881261126823373,0.7930791572657192,0.4830468411731012,3.9353133199276975,0.28155068187462323,0.13585715194581346,1.5804850066761362
5019,1.740952643869263,0.6060392105653253,0.5714951155778466,0.8539040084487236,0.6290467934903773,0.6620768267722974,0.06321060228355731,0.09896106220380634,2.0881923937032276
5020,0.20939401027291166,0.11871589786892614,0.18718197458472352,0.6466090855869537,0.41741952374178115,0.9214280498417055,0.2165381946543274,0.10588939037481282,1.337631249149749
5021,1.158848341771285,0.2752238000762209,0.5957330266158449,1.0494933462420113,0.15804339246061305,1.6816484980272128,0.07554962696816855,0.08298126549683524,1.231008993880054
5022,1.5497542111755502,0.14143066066542886,0.7049851343036433,0.6701484650331138,0.6243727555096366,2.422311834592205,0.036234017093002724,0.09442384472216303,2.0992023126986505
5023,1.3133952039464853,0.2818149939950324,0.2423210495075102,1.1953422694532838,0.3828382953831469,1.440683128549523,0.03671612016029671,0.06410432057322538,0.47611707748421017
5024,0.7142905489073004,0.9809549280498617,0.17495880913027523,0.1348644238382064,0.6530466311012503,0.8389744853765475,0.21262922993072922,0.061344180249355645,1.4717956986178116
5025,0.8459431213549029,0.3492830253670488,0.17234438506699049,0.11880081894528915,0.5729575390985202,2.630366533049311,0.09286652925123359,0.13862820577848617,0.8334340260446538
5026,0.46533908183587736,0.7729916460320281,0.3673967237622329,0.652108960598333,0.41679533831416776,1.3956385139708551,0.1231770376150797,0.06383331180751814,0.7432544783284144
5027,0.26884865883533615,0.13059497648290264,0.344578990714916,2.108417360930807,0.4695174933989393,3.962232111000403,0.04401008887090141,0.06847952078514594,1.3345173832742372
5028,0.9143372595567025,0.8016510240408392,0.10011633206008741,2.998994071716547,0.3826709509740517,1.5179951488633519,0.05419030136603307,0.13450588177911538,0.9230566095371209
5029,0.31248733192592626,0.927567067092073,0.4712544135757592,0.1738542791447376,0.3793258748413783,0.8848289994477111,0.05905130514041172,0.12833752133584297,2.1806468710429128
5030,1.9079918663668678,0.5090481276443992,0.8791694891996334,0.6432150776070622,0.5116001071626336,1.346098155260868,0.29999571971962186,0.1402415850836655,1.7791662569295426
5031,0.48812426134543496,0.37589528055320137,0.31713794054572764,1.5100917883736802,0.41464786522873187,2.1879746951692445,0.002008133028739423,0.06852396102720076,0.801421321530754
5032,0.6980687615775999,0.3526945471919961,0.24768790373496352,0.9120940894600118,0.46749554112991776,3.202947073581016,0.09579727262746282,0.13313187814906483,0.37604079097085813
5033,0.34870998011634474,0.6180457288240122,1.0250521931315784,1.2877662729360468,0.6431170516202144,2.547932944120898,0.19351544088733463,0.16159029657280527,2.0709874168662274
5034,0.15571037502161406,0.7562202324497687,0.44654699229794353,0.3446483251466057,0.7311965930706509,2.051271804429801,0.09945710534301128,0.03898560365374914,0.507789355078466
5035,1.3242003811412262,0.710456134319917,0.3488148870467201,1.3229367036553021,0.3656903464446949,4.066242935163704,0.19742599518685966,0.09034250076370919,0.7040342166340183
5036,0.13294186863931065,0.07561503610360865,0.18564328290060608,1.1865722938350227,0.3733555481903049,2.2550291365065593,0.1711393369534635,0.10380554800812863,0.5678583155300103
5037,0.9469032727845705,0.051992817830386784,0.306155057460671,2.014563402381099,0.44923784941335976,4.331489331899983,0.053481427050424635,0.10500039135848396,0.43109225609077323
5038,0.19304876119418896,0.19928649134576185,0.44675708040957485,0.3976832510966498,0.687060968594486,2.4855322413602288,0.18299474866957335,0.11170352378074941,1.3872658132546203
5039,0.1611111211840443,0.13050294353773217,0.22905422211863144,0.9039091608396509,0.29690716491848473,2.52753112530655,0.21405605996440571,0.07863036617195032,0.030203544324566622
5040,0.8448027987162137,0.38944210478742713,0.44777658561147615,0.9616901108901518,0.45587171835586304,1.4590059752352997,0.19948878297344821,0.01142902330655958,0.6722180322665429
5041,1.0630691695156138,0.1347581623964037,0.04753867285732766,0.22317595273968427,0.6433660531958522,1.9070126986995133,0.16182437966821508,0.09503945370498067,1.1499639502445707
5042,0.46378354080924655,0.3975106329622158,0.7136664366096197,1.131920493450022,0.6402750287381449,0.12978315630425463,0.14232732527973968,0.10938560554854058,1.7232304090920367
5043,0.4918832183715929,0.592504747552202,0.7956056858341011,0.6277502271833502,0.8746776552461724,1.7249403731448898,0.042106034286717275,0.06062939694029497,0.31639239799797025
5044,1.3905591250970466,0.23628438053178114,0.389230717820215,0.45919329448692403,0.5992764954446343,1.203190760218609,0.032478247915275135,0.1153598112416324,0.4906005900566299
5045,1.042325413317626,1.0357499533561811,0.6509195482554264,1.3263531051873658,0.6530800705330645,0.5203675997640451,0.2631145477393774,0.05621530319581228,1.1164577448835353
5046,0.7758812547344816,0.2128884553612063,0.32703963165318245,0.9390914250087882,0.25370594542348934,1.0288002181475704,0.19616461641887162,0.10721681184705358,1.7399620082822338
5047,0.22638965965629754,0.28594232542343706,0.6791917572543609,0.3600701791115014,0.35173066181167845,1.7560493591507718,0.11152977681287533,0.05293330061284731,2.131306885897047
5048,0.7013756547406815,0.2933696689444725,0.20135228790749746,0.49943285751980365,0.11849867234645439,3.709439187886244,0.04153995187908263,0.061304078937857144,0.4633708991816392
5049,0.017419205180604302,0.18046051517419537,0.49899383086859583,0.6944680383913786,0.561125874879506,3.5128990309208077,0.0075835295103249545,0.06520012332845236,1.5574396395199916
5050,0.3094435542345789,0.6098021825251807,0.33859879691529343,1.190663741703952,0.42158451459772933,1.7309648523335681,0.16382468037300218,0.18923877421893467,1.6342041786577035
5051,0.15275030133781037,0.3801227468619489,0.2766121061474897,0.844075110082832,0.42739710448895213,0.22819767156543347,0.035593156204983684,0.11170231612339446,1.9727178277510178
5052,1.0526283609562768,0.07360105062044792,0.7359607277912839,1.338931188228547,0.6192900430286876,0.2920124943859692,0.008400467171631287,0.08305422673558646,1.017640480751665
5053,1.443002976216088,0.9481467276142683,0.192928878357608,1.414796670119451,0.31830880111187165,0.909040146014645,0.2522461226620898,0.13367139168146774,2.4198124986748826
5054,1.7481707892745932,0.6115474306316191,0.31939907314122595,0.2580312735601965,0.469352043973079,2.5650751163847594,0.13284010592677922,0.09771944798231182,1.7634618623192244
5055,1.1444990109716726,0.9411713790350991,0.3282327447204494,0.4856671977344813,0.3308914533834697,2.5935622508341254,0.058874160797107764,0.1097038673087691,0.5571778657524633
5056,0.835347994874647,0.10766231269203164,0.3351127157643629,2.4072968459211737,0.7262428919968136,2.794768873144137,0.08425388987428568,0.04498289610795586,1.1130554018193377
5057,1.3462377259042329,0.11167604995085756,0.33976653850179594,1.1999335072994808,0.28465464004375984,2.863406512775579,0.08003494825797224,0.13379640301440948,0.13581685261982324
5058,0.9235608306696599,0.5787859086475767,0.2915081267458991,2.0416554269745673,0.30178764863099944,1.4351546001540123,0.12378317111117791,0.054803522975288524,0.5643236680810673
5059,0.4080500246453132,0.7587645862023931,0.476707846539312,1.1567968404418358,0.330980262593513,3.1704413203443065,0.20312081316855446,0.08096928239223711,0.7999621105597212
5060,0.1592627182616617,0.8087279075139455,0.8096081542066009,0.417452943164381,0.3590944663792188,2.5902864588819043,0.20813948876236918,0.10830822284932216,0.4478993663110589
5061,1.2939275488713695,0.06987143660396333,0.12489511311281945,0.8437356820016635,0.48487032529675733,2.270499454429891,0.23714775580187147,0.09887251355293561,1.199772826350551
5062,0.1402164982063826,1.0244568130853422,0.2610400316110446,0.4553113475738826,0.3743450061871888,2.6120155637229012,0.05515359210010482,0.0840769855728951,0.7390898802195378
5063,0.6119416937182279,0.2634729249351587,0.2693939483191359,1.0175529231088953,0.9163889265767308,1.7165838037136616,0.22964269611539578,0.10996007916377676,1.3627039198379123
5064,0.7953984620936572,0.18617653783050897,0.7183063774807164,1.9781458513216803,0.35722217911313325,1.0959316292121701,0.17624483575618233,0.12363691513839617,0.9455587659980842
5065,0.5654015321823548,0.3890867463155785,0.524222185682278,2.295644291223519,0.5659043217531998,1.5379491674036945,0.1913688436719141,0.10559574165176458,0.8191436267290991
5066,0.2036870384144218,0.7588025312325056,0.16676887531538087,1.3296573724953173,0.5700618014010241,2.0877432203285173,0.09753172125500692,0.09051534598260236,1.5488296639058348
5067,0.24026254335773317,0.4190924651019211,0.7071209070733113,0.3186918793056204,0.2833244477567972,1.679272883298469,0.02177091673403224,0.07369635433967356,2.0616727441845324
5068,0.2529542781632266,0.9065497590290177,1.0814681818189795,0.7615757250063263,0.5290029498930721,2.777602577617253,0.09555042126377801,0.09776070110825695,1.6426082095190726
5069,0.1529632739238208,0.21107414669780433,0.13038411369782602,1.2922583183309388,0.20055361879077716,2.3606848297161793,0.01544333985813176,0.08612296251792398,0.13335790625843724
5070,0.19122971712576484,0.9562386923335942,0.3647696955099255,0.3280313198834858,0.6081985714514727,1.6380443549332784,0.06648955588007507,0.013740974706686115,0.3388374960766717
5071,0.38734966205506605,0.6921477583514382,0.1681309767731179,1.2921685192470913,0.4058815688023102,1.3174933758137186,0.08219584108978574,0.07815366780815086,0.44490313167970524
5072,0.6128880941292485,0.27787719163422553,0.7569562529807766,0.699736250538554,0.8945098057895687,1.3535176535952025,0.13100629804564917,0.08385914913902365,0.7863978059295367
5073,0.6384131985843848,0.6571643997653825,0.310324535330672,0.3786531991614137,0.6034731069870749,2.641083550565903,0.20860513105129547,0.07043756966224628,0.22823918685989475
5074,1.316479810884025,0.2508406539904713,0.18106873640983576,1.9350569398516582,0.4817472790510601,1.775182421499924,0.16461113286055734,0.0988710131757956,0.44237032137705595
5075,0.15983004370893136,0.11327571081407892,0.6747707880127432,1.0387751835457162,0.8072150501304898,2.8620471585977736,0.05811322835604719,0.10198046335814293,1.106013410045898
5076,0.7056376387837171,0.9518467819871501,0.04835570144479906,0.4805893598948276,0.6317854824740219,1.4212126779019505,0.15399232832415294,0.14340794580508967,2.340129395019347
5077,0.49899035639947686,0.5518150292216039,0.08278782712340796,0.3588755434095362,0.23065917679060366,2.590715053348032,0.03451339338353086,0.1321174216258205,1.9492594474941893
5078,0.5424411550950063,0.6010417710571445,0.23874794063118315,1.2114706035203107,0.0655645393410455,1.8004955533633655,0.1758166053457074,0.10325579027224996,0.8111865290638336
5079,1.6621030617760157,1.116495786948883,0.06877801373730508,0.9418305569612268,0.479988132178259,3.012469566044954,0.10701139190727607,0.026469979189534656,0.8059841361149065
5080,0.08915833759859904,0.7008791732500822,0.3277642042583659,0.7307492326563527,0.7025556799867139,1.0710550829662417,0.15808275768585042,0.0452448690101053,0.8091621827121163
5081,1.1065214652580864,0.6631153478503835,0.5047861547514028,0.6217004033395642,0.3084523756500357,3.2947886712598065,0.11996791571413809,0.11344242192913692,2.1945826694030277
5082,0.27143773613992905,0.3181573262306277,0.143150449261831,0.10099046538897305,0.37229069077924626,1.25219213438165,0.01452897912955059,0.06412445420573486,0.023817592672820576
5083,0.8063789363577056,0.36496095453173,0.026783211297932485,1.0947179604397417,0.5706291119902468,1.1649066859473236,0.05936501514079247,0.10322732401037306,1.432698970804577
5084,0.41711358237289087,0.7182783982809844,0.7728321094388169,2.14124371768317,0.7974213628084763,2.549046762577401,0.1077940319860216,0.11835829309888991,0.6937947221745899
5085,0.8003181105928279,0.4012317748830359,0.5500387545257704,1.287309457362834,0.2770349050153528,0.5270629301237024,0.061955558233791945,0.10919752534317578,0.7646879587865562
5086,0.3545240441043275,1.052064782920812,0.6448586880474354,0.4279974135209045,0.19854081267389495,0.45273665961740184,0.012098646899641075,0.015848697558252273,1.7214127845537206
5087,1.0513069778829538,0.9239545691215367,0.6919641178159577,1.2528671883225555,0.7842354313484469,1.48560418484226,0.22665180217261255,0.10961272261700866,1.5464437445367305
5088,0.38498103452848487,0.13998749540960856,0.18323114570862878,0.5360641273582596,0.46377885750446934,3.2381177517638466,0.1262474535167386,0.091370497152938,0.055484129617133005
5089,0.1415182754878395,0.0013781073177406289,0.6520944087126017,0.3618430550087044,0.6033589663642954,2.758248307503246,0.07754702864368887,0.12385049513511076,1.4855374553779357
5090,0.5428525080622576,0.4181487890111116,0.1442249803766041,1.683423617477717,0.2675128181263958,2.5138235814411796,0.09142390234739857,0.12192401553142755,0.8882221496647102
5091,0.754452056906574,0.14494341176803446,0.19738736023008194,0.9014974486812684,0.4558991503444107,1.863821959739288,0.15310794948529877,0.06875056486061365,0.7236546670211734
5092,0.0027781004170510104,0.19644797126872682,0.6030444168288909,1.629577439651905,0.2510868274860104,1.1256251505121595,0.1490784276331551,0.08109444243981999,0.2936422522669454
5093,1.0086826184542257,0.3500997241156043,0.7365639486859572,1.1163493841356036,0.721856064257308,2.7253296667743836,0.06429781244506477,0.06701658285626155,2.002029005500637
5094,0.6755351854369961,0.0364411027852502,0.0018711882999947749,2.1320228753933046,0.745141572553512,2.0756142601597602,0.05376761512411775,0.12271668687878373,0.2690335375928179
5095,1.744686785598327,1.1227697764074247,0.01188426868729614,0.9939939667821066,0.194594903887077,2.1252030536791855,0.16872844002600978,0.06954974563143941,0.5001273749977804
5096,1.35923525883775,1.5883462752271638,0.2593035625052873,2.4729352038105676,0.2975659045414718,1.224856945192108,0.047546315073035944,0.08901416697280064,1.7510629168701133
5097,0.6571517060432821,0.8475083279115525,0.8051545547041378,0.8504313192432358,0.5636157889632722,1.1977565675347153,0.0999109127593587,0.04469755578830544,1.0189816579666675
5098,0.1723545353604869,1.0458139699107427,0.6445774915379436,0.5927821026634021,0.5576317690678139,1.7697801260192578,0.05641561709014295,0.10700918495015391,0.9758379257458153
5099,1.9090323215984708,0.3253656491814015,0.7735534623068476,0.8743220148440711,0.37265891119909006,2.328884702853021,0.17040884597832862,0.09693593675918973,1.5040698467097866
5100,0.9057427037597217,0.1428595026042767,0.40309519941747307,0.5669428509461393,0.4322637211393752,2.797885429435922,0.10745471561054577,0.11917721912843993,0.9193706550652951
5101,1.869694052050975,0.353092617730912,0.750636046132176,0.7272651282505691,0.5461587487889817,1.484846974953415,0.28295032588977903,0.09326192929361232,0.6178167380943375
5102,0.577086301708712,0.5558285462450744,0.05951049746058179,0.7550076271543166,0.36114646816896123,1.5467295957422862,0.1168669877215955,0.07930951173016057,1.1330885201938918
5103,0.18013581964269187,0.4951432733561776,0.5924593844845447,1.4990867344827443,0.6083425853568972,2.5874285398898076,0.08364015438037864,0.09345471689355025,0.7511278845910075
5104,0.6318797500066664,0.4836318950111731,0.046759969999340845,1.7538027049584262,0.49213364572727575,1.730925288805496,0.10155081581044503,0.09992470014675359,2.125984621207529
5105,0.4669206200582142,1.4413152369967066,0.9023893644849387,0.8688212704512412,0.16086331125297226,1.4191531427336335,0.09064496527827642,0.12314437819627387,0.8207468081466447
5106,0.07638012176906545,0.3112245049329629,0.22561928022336036,1.6693018528508925,0.5649950562499649,1.7387005311964465,0.08943611467819174,0.0886699535985996,2.6056788125934336
5107,0.5787818292658315,0.2364542704610395,0.16002962936850465,0.3125883773568353,0.47200841483915207,1.5304963898915451,0.1161112167344309,0.11360009986552883,1.6416103816576026
5108,0.5684178044019588,0.7545963590421663,0.41350177316912096,1.8382273530647826,0.3228227773824079,1.8208716124520938,0.2205215771843583,0.1258325793473675,0.9200750435746646
5109,0.33248298115986047,0.6615142125417912,0.015310891328968623,1.6470381263387934,0.6968471526144172,2.045148701958345,0.11693709584195822,0.1479266426671424,0.4002147983326083
5110,0.6601319167076535,0.07154597458721751,0.6667426393071176,2.791229254178302,0.6995598180648464,0.3054090491984842,0.033972106509138594,0.12359220907104292,0.2857731311996816
5111,1.1227619440745622,0.797243937491797,0.7806301655221076,0.7606192626995324,0.3173103787018635,1.2041954736346214,0.1300378071291287,0.08684320829068005,1.7134032624999103
5112,0.43633512209626873,0.4613966156520964,0.4893352242432776,1.5078887670880885,0.4268351911007901,2.536812875261797,0.11445020717854497,0.10001584759244385,2.0517381810041364
5113,0.19531702192604183,0.5572245135188791,0.2351051819543541,2.43610852954965,0.3598934260284814,3.1302440606085797,0.11445913954894545,0.15570088219024147,1.9578745067679688
5114,0.42493937996684766,0.8556640576986962,0.2500244453784928,0.009769346843417792,0.5780861441184039,0.9958888784410831,0.0693341590902205,0.07445256723991187,0.3784831210335664
5115,0.623691647418839,1.0322954501401242,0.06572227106798573,2.227633883666621,0.7963055416708739,1.1767793631410202,0.055977107235893685,0.1092661777920584,1.066687812091094
5116,0.3470085009934639,0.09492275254385008,0.36247684914777334,1.5302238075425216,0.6659361045792829,1.3465100032877348,0.1610915948310905,0.08584263420644711,0.17987536862221043
5117,0.12040827980463681,0.062116188256159166,0.5130147948552406,1.0634649107535576,1.0942261680474215,2.3081033773855224,0.0803118170984622,0.02897185731005951,0.7448415769937958
5118,0.2378153160077307,0.9025118759053785,0.9105547062357568,1.1999360988071726,0.2795750831912825,2.2629262414392612,0.15111180262064472,0.06278193254758145,0.9769406842655124
5119,0.054106404874731784,0.291729569721321,0.4643611719720449,0.6749844146627304,0.5463877412733545,3.6410305835594445,0.045807994192304045,0.09747813565919072,0.5127261660146623
5120,0.4781060528415173,0.1513676593634648,0.2739486759269989,0.6066189865019491,0.4935203262859198,2.843826813232859,0.12353826681721564,0.08600464534163775,1.900516617546592
5121,0.031059152533526646,0.35470756684846316,0.18774717363769783,1.0720794366390995,0.6754323839239067,2.5214506434770274,0.016743576129231552,0.09447559282293426,0.7079857075540443
5122,0.8902327879055991,0.8558274720096235,0.8180516367006366,1.852505779400038,0.5487962124176413,1.06737448886118,0.3515013063291845,0.0881253156868798,0.24613325500840544
5123,0.013535994591527434,0.8003497203393126,0.265459050139935,1.3855057318293804,0.5207678456993273,1.1223855886347733,0.20733763891523638,0.15213105902107263,0.6388181412868381
5124,0.277868250773249,0.353568935521378,0.02848924225029037,1.5845481125344345,0.5000220166914856,1.6661421726356722,0.16532807324758542,0.12368862531525454,1.8641589710991928
5125,0.06846130316666404,0.26823140207186297,0.28705845949957665,0.19579109015260743,0.42127566607976075,1.6739627235499586,0.13547034234253405,0.08286787595909433,0.5303643574655036
5126,1.0420071769396173,0.9835871445309283,0.12379172810340214,0.36836250785588043,0.14388237901152762,2.665855882751898,0.08349272037139044,0.15275422480540723,1.3527567385548669
5127,1.4374882652465941,0.039551961655462375,0.29649738419105126,1.3897721949625828,0.27080504078608825,1.2440897733481304,0.06868632376624115,0.07537991506863034,0.6879985211264303
5128,0.07706325565642264,0.7657587483702597,0.12209159825436589,0.8678357081324838,0.4967300822502308,1.5848930984617184,0.125607133734846,0.05337103568118982,0.021779741200510738
5129,0.2609664394490848,0.6168677162124412,0.3211211424533388,1.3379415398439942,0.5274395545445544,2.496660110391198,0.1762724474446195,0.12255837016059809,1.104064766332036
5130,0.04459482224326883,0.25065319361379546,0.2885751635686737,0.8449326917365455,0.508186214943643,1.198667925515282,0.23761817750876857,0.13500597475985862,2.4329845345106094
5131,0.6612358938666274,0.14360046943286883,0.22050841148940326,0.10905397239630632,0.7475204342549036,1.5235596163456802,0.05697908022963659,0.051452178684227134,0.8526459109917988
5132,0.15042686222185242,0.30009274717471135,0.09105642810210901,1.3095484056776892,0.8128766648124872,2.8133576968998932,0.16664535783463483,0.06222173095514682,0.4435498833967567
5133,0.45691685174487734,0.3621871702151891,0.149831521267358,0.474271557511253,0.6040462925983121,2.0794926775370772,0.11855903048204314,0.1321033521871404,2.044147207650071
5134,0.2985555271030495,0.8972270819206283,0.301583169679002,0.9553273628696253,0.6469678877086023,0.5714013018998871,0.04653403069876155,0.10633570308892057,1.1826763952509056
5135,0.4836870303291253,0.38786512441724524,0.27312306843902157,1.6159216528883567,0.9683375459112722,3.431143837269609,0.15887159864601996,0.05083713096347239,0.5878035675006148
5136,0.611889474339294,0.123147937787699,0.4825801455108613,1.2230211129444233,0.5591538969594138,1.8610552664537914,0.10026621148138894,0.07585794379087787,1.204446333567853
5137,0.7236262940778286,0.42167914842998844,0.7287109759510382,1.6218344016841104,0.6584176442899321,1.45687454082842,0.04199492603490304,0.0656225024152169,0.4389513384625284
5138,0.6977328355602797,0.19184812241368274,0.5332587712733767,2.6621053005156696,0.4094497620080419,0.20596475964119754,0.05178100764522549,0.09365678315485201,0.8460185451712284
5139,1.0452929532654882,1.2444771628126559,0.5973038981861737,0.5904755464004291,0.49733853251232424,2.1433854227344855,0.25865150343226845,0.07726469902110478,0.735851478534217
5140,1.714628750317338,0.3091038370439974,0.6732341072145471,1.5679193096799096,0.673118542825011,1.0313073306136773,0.059206316779596604,0.1447474862290222,1.6850318569604237
5141,1.3928990125194758,0.4928728956699829,0.011687624265523555,2.125977645297305,0.18162137951832102,1.590579221467806,0.21771857556719826,0.11629551627368521,1.017910311384218
5142,0.2785615200600551,0.6922027964413393,0.522048259669945,0.37973812546889407,0.2925615532164655,1.472677806556753,0.03614654231979146,0.07814889044081938,1.204349654767042
5143,1.384755444069377,0.31992676965776373,0.2942025061853634,0.932736061719147,0.6339954433029482,3.1374941053653265,0.1495773845062102,0.08109876779720845,0.1597378642541959
5144,0.5928313399544995,0.2667881726960563,0.3003016507414778,0.30313938762698545,0.7877355087081788,3.6313831103625134,0.08232768678633237,0.08160293466184516,0.7011130797031615
5145,1.4741986291028064,0.1461645344378685,0.2709998081168352,1.5973541867766357,0.21174069144683888,3.3303302619817714,0.04700979939299488,0.09800676636290288,0.3851230520114996
5146,0.13467146535926325,0.9098031798644448,0.6030519226078486,1.3123945334066511,0.4039309001322016,1.9045132525631205,0.20519693747792167,0.07712381047021147,1.7567369229323813
5147,0.4030643358246144,0.3506009501086722,0.3155366444363906,0.25694970089747915,0.28427892537026944,2.0417577172655537,0.1383712196471744,0.10243443507593397,0.8333865999772927
5148,0.3736820801310344,0.02553009094171943,0.3542493132778323,1.226969427019621,0.6647106528084104,1.3787588785863067,0.16087775363067214,0.1347787017095179,0.7310059713723708
5149,1.2141857385878245,0.4585717015087023,0.357931149110791,1.081848544633227,0.6364739115004128,0.26016062152817554,0.13210172130920422,0.06084771759549538,0.5058276951792282
5150,0.7726576139804069,0.40500212097170313,0.3090647896031866,0.092004991252702,0.4391841429647485,1.1664168624767073,0.1856815510201303,0.11632592592765366,0.8040655665521973
5151,0.7376982902257684,0.20141573980841274,0.006601071026229033,0.7076611400667862,0.479372167679045,1.1733378501796654,0.2720485037259867,0.1052201273198638,1.0178237768330982
5152,0.6075451507534562,0.4065606514660437,0.4627909444459365,1.7074946884078765,0.24359039174446795,2.749391082543217,0.13252764569315123,0.054320402289846935,0.6350453698621051
5153,0.32666681328224373,0.250878410036776,0.5026530484874435,1.2561437048056066,0.723619500276127,1.0221613100632865,0.024295183827396885,0.10326248096096435,0.427829957855713
5154,0.43404619490236307,0.5627108463430739,0.9961776010020658,0.9179112969035321,0.392060313606204,0.6836047211949206,0.1544414070567854,0.0731947495422362,1.2815003505561473
5155,0.34274181037270446,1.298549302014332,0.37145080258855495,2.503977873564206,0.5580949954933732,2.5712099717218297,0.06751533868289675,0.09540070126756778,1.3990616057000664
5156,1.7722962108731644,0.4408878541835685,0.45812264712501716,0.9376881442475412,0.16141475869577032,1.274669419498322,0.037091250717910765,0.061376884959965766,0.8740638979684211
5157,0.09873648484368427,1.2307723950533893,0.7220909155670099,1.4738193610227146,0.5851261649990434,2.056172994043285,0.03743192303081104,0.05415687361589718,1.8419806302404869
5158,0.7997026903477267,0.43619251081978544,0.24083050455636068,2.361592061622159,0.6097835495607613,0.5535216508766085,0.12541400407426123,0.11794058700224147,0.503632498286614
5159,0.9119230760630908,0.20292956006997034,0.012026114821008849,1.3748816238099568,0.8824172642776964,1.455573442765673,0.012553551156871207,0.08631711723398842,0.8007962416817596
5160,0.5315560241340431,0.9969836826211365,0.21375088948577353,1.4399614691065994,0.5604035293444465,2.5325216219658193,0.07582374101561867,0.11061648345521184,2.407358125436406
5161,0.2867619032706941,1.049276166509304,0.31649679430977445,3.36858260240886,0.11784537059726119,1.3087286202403572,0.2655997328193786,0.07785077240579984,0.9804556646112288
5162,1.4757373430235345,0.3718600406957365,0.48721606726760497,1.97396089312668,0.7104602956758432,2.5507588346713614,0.19329989139753306,0.13606155562344308,2.885847778817709
5163,0.5946023037015564,0.44337899099448763,0.20577165367836533,0.4714131528339164,0.4230868380161854,1.363096751992968,0.08067987063598875,0.12561406784325613,1.718715844073051
5164,0.48996634880222256,0.7773577570372505,0.7033867042158888,1.6756804484752426,0.5249169094765744,2.7475020138785453,0.22008843794667854,0.11879593328324559,0.5208109300352038
5165,0.5758067655784231,0.4689766002396061,0.3839723474608687,0.34027813553807384,0.7705428836479354,1.9630775641261182,0.13901309766435316,0.0849813158348882,0.6986584639212148
5166,0.29973818024165083,0.1625892355744238,0.7983980576583285,0.3527978377651224,0.503205921081996,2.0823019864639267,0.21811556922361736,0.07526735459347526,2.0205419873313684
5167,0.4950897020350409,0.4067875452817771,0.7940761628718664,0.31168056189426196,0.6962341164293664,0.715311749250459,0.01767382692874954,0.11187409421900829,1.1884912094986821
5168,0.18067675945501566,1.2297797979598355,0.21645602485057536,0.7177568401004892,0.30394044719835966,2.4816363542489692,0.23592556744215915,0.08537994868272523,1.968668374599802
5169,0.4116588670559451,1.1384400676754711,0.2993702993926004,0.7179945514656696,0.4655111786879033,3.3537167836116604,0.13250242426871614,0.11074708475937833,1.651649294814276
5170,0.5078207689563079,0.003887108377555182,0.39611035938629013,0.5617460315222663,0.38738977919754014,1.991123100637508,0.22078733612520818,0.06972364876355723,0.8562747790687499
5171,0.26114371456332863,0.5056420649140896,0.3343084912333463,1.0799094990403282,0.37713070411630323,2.423832317008066,0.0738023952280081,0.12843671268555595,1.0364189975826923
5172,0.9837997664333755,1.8570399077140962,0.6899537676501922,2.855918254082249,0.1928108732300189,2.5440982903643037,0.10051471685171973,0.055615323837282286,0.6007636395453504
5173,0.25314354976193315,0.6215893082606437,0.31968383340820944,0.1575020562160383,0.4286339503054321,1.0693997475204702,0.12488806078160956,0.0706872817416526,1.3005965649154407
5174,1.017662470066446,0.26071405976571854,0.11163229762840313,1.3482639536768442,0.37460139160407735,1.3595209685516103,0.09529340061671451,0.09388659498138832,0.24830087233902431
5175,0.37524964886667184,0.8819610481075641,0.8128336374716146,1.3521702425671007,0.42025514211790344,2.633379634564052,0.0250524045375302,0.12543645346625598,0.6630078734203885
5176,0.8298435030619169,0.30043206387445864,0.41892356276957743,0.4991133187068641,0.5264928423282843,1.958488562678931,0.19130361979272442,0.09105888929396595,1.480675405770827
5177,0.07231160698568509,0.8898992254893794,0.20790659547859058,1.2475449845562507,0.4339566848180639,1.5335763640664335,0.0874529591219691,0.11158541578345064,0.30509481513169734
5178,0.5132202458533328,1.214632583128309,0.5171174266563765,1.6203846994771527,1.0617298660967882,2.966096434946313,0.13676275524145876,0.08876922702453001,0.2280200229867817
5179,0.22960029689569306,0.26720765465984814,0.5288771077421817,2.0471383104976484,0.8091943283436099,0.7743524450205913,0.20596212869081051,0.09923616053509882,0.9217236176453469
5180,0.8153239571295738,0.9911680722740042,0.4576003865253609,2.35173981564747,0.460835270994695,1.5758133444603688,0.10601996061580352,0.15618552293229482,1.6269272762980198
5181,1.2187000656670195,0.09517244255358931,0.2701554700803709,0.8484910449163211,0.6151972839412023,3.3845777497584244,0.028745047064399648,0.07886509480866584,0.14689495521632734
5182,1.0716250917354058,0.2824604247616348,0.30830993688052,0.8529092158682099,0.5922008757100312,1.0320983709788114,0.24543781270175807,0.15583085572340438,1.5098126538035863
5183,1.2621894873883586,0.7396665596998753,0.7373735538879367,2.2408041544864554,0.46222019257930763,3.1299195655015524,0.184064318933699,0.019075541813479938,0.851636563246703
5184,0.47930157606466567,0.05438651580630399,0.39463007268756156,1.3259431367429437,0.33722508769556836,2.0609135132794623,0.08439857041058456,0.10145262326899496,1.3295795430056265
5185,0.30532013517516654,0.4284782375649093,0.5471951183802388,1.1666916109941765,0.17142529741146545,1.8447792744328129,0.10766827410663342,0.09110425433072605,1.6081853244071487
5186,0.3508388577199772,0.7508052675120227,0.6877250351932771,0.49486955890013745,0.36880593386603655,2.3011123941913603,0.19876165778841745,0.07136994426445488,2.365018375638836
5187,1.2744164005334644,0.5993097617270533,0.3249496657278045,0.37392386455753823,0.8672324515381384,1.2111143395722073,0.2149779977709034,0.12157670234954242,2.1068889062536615
5188,0.6276151470315543,0.9071052685320298,0.3258107837905841,0.6716297035431089,0.5903454624001354,1.920483784043541,0.2008176314149904,0.13040699586572083,0.8582717470960457
5189,0.6657087694498045,0.2956278229544207,0.5142078285149473,1.1851355364444234,0.850544654171207,2.570671650605193,0.31290293547886033,0.05906421634271962,1.1424551736546675
5190,1.4209896891180465,0.47761058302288373,0.32593776971181815,1.1346866211367017,0.26511600933868634,1.088708392279468,0.08298723637085487,0.11128708478542246,1.0212821094694278
5191,0.2795281027363272,0.9556349843077232,0.2613004630262158,1.2759583074610459,0.8640869355763523,1.088319204402988,0.23348583048972138,0.12002373779306232,0.8331053090617172
5192,0.6749305891846877,0.8340761676363617,0.0852031925990955,1.1905267838454765,0.4820258165905233,1.8240481832719704,0.31273487876472217,0.050374471337552094,0.2813182186129468
5193,0.8844612415963433,0.47926089739916256,0.04216315643976043,2.1239001410044596,0.2647680537222199,1.1337479977548464,0.002414357726620353,0.08080209369803498,0.4142454782417935
5194,0.20666337089492032,0.491192817934435,0.5825387184293838,1.0985930302530351,0.20583615858224363,1.6495795273009577,0.08560009156410976,0.08846891503229456,0.2932737268217188
5195,1.6014766664795979,0.1359344185714544,0.6443276125092536,1.4155774357319708,0.8622718002292151,1.592880916562418,0.24684346988280786,0.14105386053151403,0.29699906190452807
5196,1.7672539292712837,0.3444111148595543,0.3259024744872457,1.353830615295248,0.13564536469402977,2.5238364501843105,0.16866798673642708,0.0562967896509139,2.080061104108744
5197,0.6232068229977414,0.8590437937944015,0.61103393158049,1.631980302007806,0.43196843618600966,2.8143254311295074,0.06589516080776614,0.08399957691029776,0.4421078348918297
5198,1.1640570467301106,0.009722882105835495,0.06221106163796436,1.5722563718944813,0.16326834123563866,1.8203528473545925,0.03934034187937152,0.06420817598367093,0.035470836575731135
5199,0.1855212102092728,1.2989638948788191,0.20312540210451424,1.4671445068753042,0.6407790857760668,3.948035657484268,0.029290028704070006,0.07405841358181396,0.9900924900624728
5200,0.658965197498032,0.7082145692840032,0.6433469354325552,1.710572415885109,0.3106211860388016,0.5950285601409269,0.08718096200306172,0.09433433051204637,0.5567646843665641
5201,1.470959656835415,0.24913650574198318,0.19246821415577103,0.9496783637098516,0.6132964439662756,1.9515254829675146,0.26860874439717075,0.10302566631313724,1.3349538538223156
5202,0.5135920023533321,1.0136467452767974,0.436609164450844,2.9234926189577903,0.6260072134039902,2.2975239724932655,0.3284827453148061,0.0968866219791816,0.5164642358517771
5203,0.465650097778686,0.2618845404194699,0.31830241540648474,1.014792639928706,0.7223440644138472,2.2026405821480477,0.19138380545155892,0.13970402965201528,0.22075177519832567
5204,0.008772325363370026,0.9128869823791796,0.2405191855789543,0.34729232873303106,0.4369954120823608,1.511535643322149,0.08456177084904204,0.11859863178027948,0.5319309518216504
5205,0.028466286795793883,1.0233491959470604,0.5736593756582364,1.6914427612144807,0.5503348094223391,1.6332731165034893,0.08407151435379293,0.13249506243011144,0.23578205317407452
5206,1.5056657040604142,0.20692237086408086,0.6838947337093373,0.58012936443506,0.4072572085812821,1.6288663806220653,0.06023172004438909,0.05255576823656433,2.367289544830321
5207,0.23399695274566834,0.48367043528540205,0.34665094135398383,1.1186576802071793,0.6204702325667141,0.2404005479780782,0.0946222408483018,0.07041607424924941,0.8323958781491504
5208,0.021772078148574292,0.6604755236945475,0.3276446539896495,0.5325536688077965,0.9488645548853183,2.0024082048559757,0.09668654133738226,0.09727622687328609,1.8453996263184491
5209,0.801582261466022,0.1832035551452863,0.12390133130634026,0.5685452417081168,0.3674463306713944,1.6293697208971039,0.008641739045269992,0.11959280450940354,0.006977578379917082
5210,0.056865953114534934,0.4783179212108337,0.13714759525620215,1.2829686613253954,0.24523592163709973,0.6072194845010206,0.1729281516559652,0.04638269113409788,1.4579675590886734
5211,0.9100290610675046,0.6660996112018457,0.09604147123759604,1.2335276496463008,0.8887881501038946,0.1806967275907465,0.24720598177700703,0.11197091828865496,0.0896066834967516
5212,0.5430640142806475,0.7409730419315841,0.3180695399470981,0.67306835193585,0.5766875763309978,1.4535009803261025,0.1607203183549955,0.07475215044996791,2.5480269813120966
5213,0.8965388394554366,0.6217120114700361,0.04037435997466898,1.8680688469846713,0.19791449066457512,1.2068980251809935,0.0981314548568902,0.12670240488935836,1.434409648106151
5214,1.3420614259637313,0.7199315746296102,0.20821579098181972,1.2360363024761143,0.3253105970700812,2.31841489447204,0.009708977900822799,0.0693159330503217,1.3496868216807583
5215,1.1750948760684066,0.37925939163258726,0.6145388485716028,0.9890567065566889,0.5069889293184676,2.821897870248814,0.17317579512922082,0.10442969805790087,0.010601189011066214
5216,0.4396272735634533,1.0295631604607485,0.03388098533894668,2.10121662193108,0.5653504471764332,0.9702397756069191,0.03969416274289142,0.0723842360211173,0.8585097123977196
5217,2.1324123739298444,0.7516421179727132,0.5740058278664701,0.6024393747095442,0.6255484903794019,1.8554084736007308,0.2469533094114379,0.10715602046649188,1.6686810404503967
5218,1.4943190802415283,0.4383979037362133,0.1680038968466515,1.452727365008304,0.6992825884538065,2.8487838986233234,0.06528210712562144,0.13000580493757266,1.4848766306504002
5219,1.9101677241543402,0.36199069081194496,0.12170061463853352,1.1293495712174288,0.7901636042879376,0.9020089708742755,0.1835917542188768,0.06382238623276659,0.4181308924196593
5220,0.10873946870997575,0.48927644400972625,0.39726367233262533,2.0282794922076888,0.5304128429224049,1.5081480237062679,0.0936174975181011,0.10500561934080632,1.4989042897833356
5221,0.9054197102580961,1.721161743103106,0.3263011352418224,2.3154178715138904,0.525399101101056,2.6213372851692576,0.08635469619650557,0.07933915205294714,0.2983982356967212
5222,0.7598990530268734,1.0129077657152867,0.3554243052525913,0.8051911163914633,0.5743794763663749,1.3417867181076661,0.04509381619612844,0.07025707037231968,0.18132744496351771
5223,1.43099176087998,0.30544809625769465,1.0182750728423597,0.3199926109710425,0.6028860621445955,1.032097302346854,0.08717377448144262,0.10041836627832756,0.7750514570811563
5224,0.4909520255901887,0.17023751023211145,0.12689034696063295,1.0665880713065747,0.5525583328283669,0.6762758709581831,0.15917166214598194,0.07537180264116017,0.9791341570130668
5225,0.3003549758403239,0.8753645129730785,0.15347417208267655,0.7807893212381247,0.6723804065330286,0.34317783160384785,0.07031426518179953,0.04573863117452578,0.6886468894235472
5226,0.6279933018273363,0.7113022666028426,0.21899697160944795,0.8708143243693752,0.61264893419585,1.433860567007802,0.14353362920019555,0.11034700101905932,3.108220045939325
5227,1.5314116614377833,0.707606711896295,0.38127778063105516,0.2913645939363516,0.5352116162946743,1.785712186004489,0.011335124069983271,0.040063064110681966,2.632549515028222
5228,1.3279818176468723,0.20910423424712124,0.5217877103009728,2.3052600259786553,0.5371283008114254,1.1131062389288362,0.14479436553155245,0.09249260287073469,1.4346199558688864
5229,0.594737278606288,0.027759359044343235,0.30811397800587376,0.20662545875176996,0.4937516977578863,2.5314560743085632,0.058523512136726054,0.08790667355712738,0.9560903678514079
5230,0.6887822783251254,0.056263483982472995,0.22061841963660378,0.7236267015036224,0.24993639039330073,1.748087634734894,0.04605248894562088,0.1499153552973132,1.5733504602460702
5231,0.04305390973321574,0.14546596682327004,0.06838088661378866,2.156688154656938,0.5384787519001961,0.8690420947084179,0.16791312849369805,0.06457274129715132,2.739493338094733
5232,1.2008304337281686,0.9280378478253186,0.4108050429319741,1.0616804922025387,0.47929554768531224,0.7796154431123845,0.13802397842414688,0.13833526085856968,1.0718523543071816
5233,0.682240789696386,0.27323804227560267,0.264717424808272,1.3755568998005796,0.4690725489604207,0.40202738079464195,0.024103998441922944,0.08020800664686649,0.13910384002737142
5234,0.3141674381411003,0.5850547132436876,0.3542853837865569,0.3917096804423029,0.5860360506730468,0.07381231814458733,0.25567201339623724,0.13540879803347244,0.796256191359365
5235,0.8269103427304587,1.0264338461473501,0.18958004828098418,1.1309797815808662,0.7874678519030178,2.2438417514566287,0.16784909462994124,0.0772654814477969,1.6052020490888843
5236,1.1082141006782766,0.3410202791822282,0.16150902359403044,1.6331331854159643,0.5310623644611647,1.8522431406450113,0.06029481145714014,0.11291588425795952,1.5869584046124736
5237,0.45648407674295155,0.5416129586196899,0.27623128282079157,0.3664177312505844,0.3014844909322968,0.6054682854335525,0.13154252044525522,0.07958388712814367,1.2355562690177666
5238,0.6879043745885742,1.020917090983394,0.2936582585067227,2.3883339988585575,0.8815238910795661,1.301641942015599,0.3171961211607209,0.07373285269244681,0.3801116091536578
5239,0.1370923042089772,0.071259372681439,0.2941813503456528,0.3169430665552827,0.6647924908787387,0.7432715906121374,0.09383406082497968,0.11605428794542186,1.106699796528128
5240,0.6442733328902341,0.299852771373259,0.18703417314949627,1.0222772845857424,0.536949580529621,2.4916320603145925,0.001986892061116463,0.1595759314903072,1.0679770632445875
5241,0.37377522899737486,0.4085092795052998,0.14043153702000144,2.466653580528583,0.31839020212866304,1.393804756761698,0.13741156259408893,0.08730309709641043,0.6395549664499326
5242,1.4036873003865618,0.45494052178258854,0.32882943957668503,1.0105406802385197,0.3987296730108191,0.6882066503130781,0.08014215425381842,0.12416264671810714,0.2079595468469212
5243,0.8032434703957227,0.22366682315616124,0.26724786120381666,0.9519416905558138,0.014466782059087024,1.3781598228112624,0.038942824062462564,0.10431774468817237,0.7942681732450823
5244,0.3931531205114451,0.4425547274304175,0.48665308883448055,1.029381214891197,0.4254651895234618,3.1921119976795023,0.016851571532502566,0.06614104540479271,1.9160302942323115
5245,0.8861781843638727,0.04149822911315787,0.30414478794521005,0.7114482992366132,0.341465925436336,2.0385044499902656,0.1541091227720642,0.08120283166452277,0.8717935435617062
5246,0.3219229680076094,0.22421115523924584,0.47251303948875417,2.3465487492126083,0.7719116909322039,1.6015755825123277,0.06555095168347272,0.05908702532153725,1.0275509960528098
5247,0.42955858983169615,0.2651720813254246,0.37373660829048017,1.0085353318854442,0.6053079330321378,2.319176656612359,0.15179190896790612,0.08548975021464603,0.9488840964746982
5248,0.8068742470496053,0.6295891902838009,0.24384383216243052,0.1074831908071352,0.7057721203118456,1.1220202048910384,0.21192967748661684,0.11685183728409013,1.2152544012171287
5249,0.5753166543235342,0.8162689692559804,0.1824274377677227,1.4905538811920813,0.4815391626248503,2.34394146282685,0.021591014551931492,0.12758204744694343,0.5825372009489515
5250,1.053981246094184,0.9251170580301951,0.49859406554724206,1.49332989051834,0.45238670152386923,2.452441474056148,0.07030981832406706,0.12982148070507443,0.2270656157499653
5251,0.20908972584786992,0.6889991498656634,0.5670348258971347,2.29744404618201,0.6721588601874092,3.462451328122052,0.2772841258547186,0.08456823698058281,0.12107993050684829
5252,1.061057445480933,1.1601002220453822,0.5380189337858766,0.4560775190440415,0.4757467790242129,2.0577354197290765,0.28034098645350514,0.12141471115152194,0.9442170686730731
5253,0.05945960661928218,0.04018997348691933,0.40682749802386053,0.1447462809875103,1.113692844451288,2.253506524522736,0.19822338843609896,0.04316998348423252,0.10170858379616066
5254,0.7448762365981767,0.2726560570353879,0.17822182790074864,0.974524989927593,0.3096215671317246,1.90605732923946,0.10551780654543255,0.12493756630972713,2.107670371078001
5255,0.0072556701141519575,0.09605058256969345,0.21974304393506391,2.1396502071175054,0.8515883905145553,1.8108916663079047,0.19416093840219423,0.1825682347444368,1.9928307093469064
5256,0.5372278870661753,0.5487254512017652,0.9253198447961296,1.0615515230567103,0.33309085515363823,0.058952167432688274,0.24961395224153854,0.08062851299446919,1.6514215091535238
5257,0.5861495467049145,0.8409594071451489,0.7011674659077155,1.8641532336362752,0.09539870141236456,2.7197320368135176,0.1467088507205127,0.05177894321499527,0.9250548556986881
5258,0.863646450843123,0.46655496873847946,0.7720280635389081,1.8031666001297961,0.49508961332275836,1.3374464038076757,0.08887769398276367,0.13992737176080222,1.7861560908250822
5259,0.28324533789955325,0.38042805991840956,0.7321228689115844,0.3378641782538704,0.5227195605707015,1.3814301830857396,0.1604742865939405,0.1477394516581755,1.7250509330889914
5260,0.9767261399933596,0.605650205672629,0.5754468372574082,0.7848119490130627,0.3381119804968391,3.8027828928484464,0.08737833891450021,0.10054541302875426,1.718670072399183
5261,0.028983112850152204,0.5348539858633322,0.09246440621479626,0.8614470285416163,0.2371523187761856,2.2229544023164123,0.028304726058755614,0.010247047135129042,1.2536592944695844
5262,0.05745380198107822,0.5030512831416472,0.10151176969881354,1.525028203056874,0.3234932265071993,1.7708715519317542,0.0668157594325795,0.06851188695146643,1.8968199794835152
5263,0.25276932548663633,0.49237535231502416,0.5567783098492627,1.2585923108798953,0.6861896778303387,1.6596416685871844,0.11131398192183492,0.09575800088960537,1.4078666843960592
5264,0.986557642301066,0.49976179513185487,0.38263957660433706,2.250960534722784,0.09587566038784356,0.9602115048433832,0.14468797620880708,0.09882500133864998,1.0894042591113333
5265,0.5657088314747704,0.4868914281814473,0.4101873001967473,1.3367880490368291,0.6025865041934474,2.2739770248552924,0.1682615673598761,0.09140358511591476,1.0921266903255706
5266,0.7223898494502548,0.3578384217595542,0.5706697447604907,2.65339736955463,0.3779443808572067,2.754275671019556,0.015919744185064255,0.055650877344734485,0.5296730730908046
5267,0.5431757065692833,0.934211992811822,1.033540461389246,0.7222962983470307,0.327056518927092,1.699408098678515,0.036158282046609216,0.060507532286423346,1.7728287963025944
5268,0.006210992452656994,0.0129497149581152,0.1080136217657384,0.8856387404687858,0.25654367261035665,1.760489848776339,0.1397053082509864,0.08521417884665697,0.7129514125945805
5269,0.16406279982022542,0.3421710571133179,0.023841327557332093,0.8688403516749517,0.3145033184768442,1.9427884472093253,0.1258537028978997,0.08954142116002865,0.7505182939856918
5270,1.4620189842795903,0.6279039330235525,0.14172721454226994,1.452714947215315,0.3785746153215148,1.4217695143457791,0.11282479277493601,0.07824976424506326,1.285565301076033
5271,0.2299922993628746,0.3188114951724585,0.41225788799492724,1.1498912791485414,0.7430947386044034,1.8298338642369378,0.2349102090816027,0.03872970282312907,1.694039732682608
5272,0.2065631534776346,0.4107749111578495,0.41089098586960093,0.6161836367882683,0.6213282648161013,0.8070764892751737,0.19086595101722303,0.11429429398849557,1.4083126857941122
5273,0.5904999977828242,0.2355168985668451,0.12549023656958924,0.9945058305764909,0.8039751399372063,1.5552612924331732,0.028668633138047087,0.08160950214053325,1.2640206710477513
5274,0.30984659265254005,0.14591402898051878,0.7290102755313537,0.7945883761181542,0.6594649273325346,3.4109702627658365,0.1572957752863509,0.05854441933720373,1.1402573801406606
5275,1.037248101591048,0.5616916607973961,0.5186170020919589,1.6488029439765608,0.4695331742475359,1.8150558904426064,0.2704757451831855,0.12128285293704817,2.608891094848569
5276,0.19944081843226003,0.16181149616022375,0.3894748459171725,1.6289999031228157,0.3837567581124548,0.056199723137668744,0.1546918723272749,0.07723601505768665,0.46014374552342197
5277,0.7641727937109206,0.12102678346826129,0.37749725776838033,0.6458514409571142,0.5350426313948591,0.2577872504035794,0.12629910782186574,0.09607131819900008,0.5618855157153582
5278,1.059767077185036,0.3687164373775239,0.5764222807060758,1.101881973547409,0.6832255667596924,3.4811426422447687,0.08916309390317999,0.08307882733612909,1.9236672884317283
5279,0.41001528712812074,1.1899979421793212,0.2788496366718384,0.8098509564951658,0.10202381647791126,0.3904801703224825,0.18660118699138112,0.09931895450810518,2.311481065940204
5280,0.0461426261807939,0.8995977905726542,0.12563470922543377,0.6108306622450261,0.7018754343391889,2.1466395746526468,0.10636152091464779,0.1907846772825878,0.5904110023461674
5281,0.7631214947514092,0.1821304206759912,0.37196510213583295,1.4821592453704113,0.5578053299086849,3.0453730286593617,0.12191892229217796,0.11797902129480566,0.26874507335575804
5282,0.018485711521615322,0.31491098717005156,0.8123504097298713,0.9568556801120885,0.5771691871998545,2.0453840502160423,0.19671510762113784,0.11614133081235585,1.7805530397519957
5283,0.7244732905840765,0.028767310235324917,0.2865629743554919,0.47643185046343417,0.26554352005609283,1.4900035314386686,0.0781890702929155,0.08771282002635503,1.4550056630496344
5284,0.655166593071912,0.3369515340431438,0.6005547477943394,1.231311560243905,0.3049652386737494,0.33590569379254864,0.0826448196649285,0.12368539295624073,1.1918912368551196
5285,0.6011219371024692,0.3880537402879955,0.5081775702503057,0.4540395010240983,0.4825787753317959,2.130386720920329,0.1276799537234164,0.09653822365050393,0.22473946634650577
5286,0.18098736661513026,0.6417347341995343,0.3613567566653653,0.7181181267629295,0.4959262765250384,0.9563316063839885,0.30781388771565804,0.0825730864446621,0.5626294268122694
5287,1.108332469044556,0.021904686636061876,0.26414281396242706,0.7089022154803939,0.801279864307193,2.2985033224593003,0.10137864248792515,0.12230702234046661,0.7264173162719116
5288,0.09882636797723343,0.6152801904439305,0.38507946283838973,2.34967468016529,0.30233001213920296,2.21546380085317,0.08094197052867519,0.06366279092239083,1.267431090000645
5289,0.7483904267245078,0.13473207976595494,0.07412508002987822,0.2734879293701429,0.6546672643175784,1.1707365728421881,0.1483275576100713,0.05869362467554038,1.352738267149854
5290,1.4095259968250267,0.6485085287996938,0.12886861643399522,1.0067316164887656,0.06487657432520194,3.128913907628847,0.23055233039010914,0.13092227757229746,0.36341036708522956
5291,0.04744678885297768,0.8289078287026037,0.43958537371067485,1.3441144114870756,0.317073398746152,1.8388951287695148,0.23974617525369624,0.08126826096704282,0.24239580511552483
5292,0.353982735169745,0.1278213204965916,0.02584783102319621,1.5467191871542219,0.48333798232601144,1.3682093410343354,0.13579519470040463,0.09918504339887167,1.619558749341477
5293,0.3736863296016017,0.47151851291179325,0.23624881959426985,2.3240986271495414,0.6493480665360796,3.044983286384843,0.09525047122705671,0.07548320003073966,2.011937276383665
5294,0.6555186049189088,0.4240351668695405,0.42980273990351825,0.7710281255605036,0.4851259467118963,1.1182320541045745,0.12964153350232277,0.06473262517322811,1.2908263926432921
5295,0.47878564729065276,0.6311763057135475,0.231646637039787,0.7339738101936849,0.48372305465114074,2.463201223085795,0.0671702335476971,0.07074325758453542,1.3772472671081901
5296,1.7147275507684738,0.5284972750228285,0.2986430587607804,1.9113335345652658,0.26314195148568825,1.4905212186381493,0.12031346070353832,0.12348375163617434,0.9022912885339872
5297,0.14300978975332249,0.0643972873135566,0.328211047927034,0.03545822542406818,0.5220391777005714,1.5339437997779073,0.06829846052369559,0.10960513166574352,1.1621533838156994
5298,0.8460488529628429,0.474427430313551,0.3499944975570635,1.836488412533078,0.4701109390326101,1.0144431704685242,0.25671876813932804,0.0832444489074585,2.5569232774908146
5299,0.6559631105994486,0.35398069199389137,0.037842609075499856,1.2505090715618812,0.5891989169343789,1.6335408435396526,0.11804910914057333,0.08422033470841875,1.8324856350645158
5300,0.7090803286171119,0.36221990797741344,0.40904699161892843,0.9059144231015095,0.1756799827267554,2.493136283809214,0.08414265328197273,0.08690325017385317,1.9350545254787548
5301,0.6203211413244805,0.29937662984566393,0.22132520225323526,0.7379473115241324,0.2780337579700444,1.4640495817330488,0.08150904446954169,0.11198449049488834,2.168424462091231
5302,0.5515454170381082,0.23810995118069533,0.2782752232069544,2.070311220441141,0.5183192255885117,2.0905036841195965,0.09145606394268327,0.06912338529434084,1.4179498400657229
5303,0.6380358814308332,0.03483404723478134,0.3647259626248274,1.3848972127194321,0.8318065068293397,1.8478918326941962,0.06029528731711016,0.0761106340469742,1.3026846893975794
5304,0.20350956430172512,0.18858683074647817,0.44909623607401017,1.4362114485468531,0.39711260073258897,2.478330601209528,0.09695617475161653,0.15550518737892038,1.9769812166862153
5305,0.11635445160624747,0.994414513609509,0.10581810014550161,1.9928149738585925,0.5909310438672027,2.7343457856664513,0.12787505418011208,0.08632697051143295,1.6042107830025354
5306,0.031062403068736366,0.19931843180761374,0.40827176033129586,1.1622606481014828,0.6944116259605446,1.5427750879654316,0.11255729008483058,0.05639540090306471,1.8780539883413914
5307,1.068211800332061,0.5516979731822842,0.1488236911487605,0.16893511510888126,0.32458900565063986,2.5150552325143414,0.0971594132344047,0.08117598154661144,1.0162266694319877
5308,1.5891077804732108,0.609627849966601,0.3739066506930971,0.5584880881556609,0.3532297878450985,1.8411844085822462,0.14424003758910664,0.14523511465464567,0.9039801107306752
5309,0.39073871267470284,0.5530761876423729,0.17624696891282154,1.322532385951223,0.034139311905259706,1.1241929195021605,0.08868417432743196,0.13564056911438904,0.14965458211287885
5310,1.5069758197004173,0.9538167658892076,0.17226450412849004,2.0640110197179253,0.5418133200960521,1.209363943433933,0.24719184856315402,0.07302749484602482,1.030927579686112
5311,1.2477098720012003,0.44936275465751574,0.5908055088780633,2.111326220574748,0.9836079487095284,2.7231955780877337,0.04903529276983125,0.087305531196856,2.4142929263174207
5312,0.6467018288363753,1.3273516268488683,0.40009385615021786,0.9808330440112525,0.4353680254693117,2.408097129435313,0.11389072889702245,0.08130115466951277,1.5973007665645702
5313,0.21235898357702238,0.8721075088123682,0.3075713303480498,0.9551622220874251,0.7578294376672591,0.9795649331599287,0.05258423459327418,0.12748063010985905,1.66807902229039
5314,0.9979921977819664,0.5061238825456488,0.2383339600161279,1.0293781137187876,0.5401840527427535,2.0835942391235203,0.10274685924857775,0.1264085403124053,0.36983002046613705
5315,1.0569698678852553,1.5683913940973537,0.8550162529389873,2.1917729958513297,0.4127927446771731,2.396576117116425,0.11366267099285193,0.040505775033303354,0.9325401813263619
5316,0.13349844385569398,0.9441346163198399,0.751693585475869,0.09056496880855947,0.5859375373116634,1.8015820349890925,0.21884766697505542,0.1358720922423585,0.43207031635405246
5317,0.878083945045103,0.16332248773419233,0.4514661316712464,0.6389930499454013,0.7480273130007786,1.6606987824869073,0.09292971818288792,0.08551012817445161,1.1162695557433933
5318,0.058319750858348535,0.25512963246496956,0.08620720492706854,1.215260847844351,0.4941098104514971,1.7830492814739403,0.20252231517922603,0.05767824381332711,0.7638393897899993
5319,0.24609593229563861,0.04536507658160022,0.7650459080609402,0.633739173361571,1.04159679007515,2.133218079706837,0.23255054209375292,0.056555485744098376,0.9179403724548032
5320,0.7512539834872485,1.0104017898776942,0.10330238071722811,1.1341431423890471,0.92909170342155,1.9068978912761265,0.2377106720042031,0.1513611498698455,0.7815286248738743
5321,0.2806091128574244,0.9636362570792891,0.5756747195168925,1.3554877472373819,0.3876751107491818,1.7782391281715468,0.13681281368018802,0.07117385291426173,0.9046047786439271
5322,0.7757972651840972,0.43787433258003317,0.23603922073645703,0.2969453474194109,0.5477081991570214,2.331826101256265,0.009391264789570947,0.13055775402536896,1.0169996619641746
5323,0.3816547559903657,0.1387579941047214,0.2440622718607987,2.1959787389557266,0.4273828274752389,2.202928096581319,0.13236321039470533,0.06945022171126644,0.9090288998034461
5324,0.6126733277941786,0.09984509436417582,1.1004573307557557,0.8610069970426057,0.3736995781471302,0.20224334721530002,0.1369687330571574,0.11273416035586248,0.40730276815224553
5325,0.2248149601311517,0.25999156630199627,0.02501717497761058,1.0305717116955326,0.43858893160394535,2.0228678523439134,0.1447560316311014,0.025875535301382493,0.36212921283021116
5326,0.3988525151477886,0.27621406991375885,0.6339678244500463,0.180085278891444,0.7845111388758625,1.203627554824496,0.09651635365715848,0.09534228250449761,1.8962366782503042
5327,0.4977367875798052,0.10503358179190109,0.24656237580414597,1.446913227421938,0.6712867300262357,1.6922707618590063,0.1221704140165466,0.04537162908627844,1.539378982919649
5328,0.721218881451772,0.30261371943253546,0.3022011048629877,1.2408026998873363,1.011805011176471,0.9680162510365167,0.055901318159870664,0.10250708587076411,1.5846506737615447
5329,0.09850139317272988,0.15462110113755348,0.25261085990618215,0.31967256668463817,0.6692062699563396,1.093249767164605,0.029177616782064153,0.024245859194382838,1.84370390171489
5330,0.5111267495509483,0.548309004564949,0.3566976445251553,0.5751546368092755,0.4775661888581387,0.35122518472140274,0.1531436541776069,0.11788997521544983,1.7163543772820868
5331,0.5008707123679479,0.7050599096354343,0.13536761840037478,0.9084524200149703,0.45470780069520556,1.3848073612484488,0.22602490054748636,0.07738463448401674,1.9303086274921655
5332,0.9256767048421197,0.0007808289772136545,0.46173862001486976,1.374230496804191,0.2874702611209192,1.460412534081472,0.2675195393456563,0.06809312924245088,0.14776097543519484
5333,0.7704481610905884,0.7737733388293183,0.7289693365881177,0.8196835259080897,0.209823093331426,0.4143864433790647,0.17942792519325063,0.17681565101170676,0.792048552787027
5334,0.6762627314660854,0.6950906022626597,0.6733709050557125,0.43078795964594874,0.5408416984932366,1.8860008779539494,0.1845563064763563,0.10626600413239914,2.1068162987129004
5335,1.009156515024341,0.3520351448258759,0.4558735504351419,0.9576979016942434,0.3212964448050789,0.048539404873199965,0.08036025305393185,0.08844383762406605,1.0375378084717095
5336,1.227155549551641,0.4049892797685467,0.5422919175923788,0.9052910027754953,0.655790782066658,2.0404670565701215,0.13768026963073923,0.11871563472978602,1.216097987176032
5337,0.04936142276134936,0.5679121414498428,0.44836274042647817,0.6980905908072377,0.26830813470451087,2.3655755265484855,0.10219694916134081,0.0826302935706428,1.881674321507574
5338,0.49311469725452384,0.2997408819883671,0.5484622946245772,1.9392770799288226,0.3394974182778466,1.5121519493875186,0.11592591218266583,0.11868993993695323,0.95832946761718
5339,2.581184890341853,1.1841061027077544,0.10739268927752174,0.8388854534761526,0.7434569134542699,2.6432645082577566,0.05419856640665721,0.10847263911313901,1.3888456993304925
5340,0.9383311129747773,0.5074533383859109,0.2683284734834933,0.6109500749556767,0.49788951851350277,1.4695057260365856,0.2701337079428628,0.07272764253116122,1.4721106351466995
5341,1.8047188977836002,0.05897000113327272,0.20974700516069972,1.2019045090749931,0.48214510411130795,2.526468991885766,0.2175157882567228,0.15729037721102931,0.711530568256411
5342,0.6201226012906256,0.09771901174577366,0.46460896852622335,0.27872285214721304,0.4169443442708124,0.27848989568340055,0.22822867472320385,0.05053091204549341,0.08484233493569793
5343,1.2111836522812716,0.45335537564357753,0.12196845350281121,1.6630442590937666,1.0030942478172271,3.9466341290324287,0.07841408859623043,0.1300051045664657,1.0545195570962145
5344,0.09170283633937254,0.686357872421606,0.7510110010081794,1.0401895617689747,0.5222856018138036,3.3022767663615182,0.06587323643856535,0.11887079765013744,2.029764226138638
5345,0.5149143950576156,0.8267488051021694,0.5176579858388387,1.0804789263192442,0.3238285093001688,2.06186989888918,0.05417169340668347,0.10086250431295526,0.7995500854005257
5346,0.018101860343918197,0.5596961344958415,0.1901484937047319,1.2038167145660401,0.7558582614129731,2.282441791590589,0.14605382219878932,0.057511517681540295,0.20163644090481836
5347,0.6809347627744282,0.5578937726568588,0.7989568364079993,1.0358993827929375,0.6023790295898894,1.832261936124359,0.016437157360791904,0.11739532708538838,1.1311750161058032
5348,0.6005413442611578,0.10987062564805097,0.3916068458235304,1.6053760153454175,0.5836607002723783,2.2729117600351065,0.09793350162224944,0.08398358341942086,0.5527140875144423
5349,1.1009884067820856,0.6399369470477028,0.3354127239079967,0.7468611902971205,0.6953760948145042,0.04062801595189147,0.1522944524925215,0.09796278814335398,2.213041669765425
5350,1.2329806095914997,0.00310868351531296,0.49467963427868755,0.40803457147292566,0.8153764587322504,3.070764499190658,0.2088438470618137,0.09110716071436918,1.8579527946043317
5351,1.1136042958822276,0.5843624112803448,0.6397260909070113,1.077918363299713,0.43898962471543745,0.9163512273357228,0.13124018463085357,0.1007376869427214,0.16960645809062647
5352,0.4360660599299303,0.6127526948659108,0.09404586649941768,0.7292769120549745,0.4588311578810232,1.8194957996739343,0.10978059659404646,0.09497943492987647,0.7551847685665238
5353,0.33069892080931174,0.3064440545431681,0.3135240602535765,1.424528290518336,0.03382543630651652,1.2789785568948013,0.019523209480668338,0.08471968193683355,1.4420085659847466
5354,0.949928808169497,0.017302780316690303,0.8392786161008432,2.1136293904425667,0.676211854837045,1.9717138336424866,0.11494370943827985,0.08357364765263647,0.47624923359471805
5355,0.3265902058072256,0.010185108547582922,0.15041922852108613,1.7247854350501148,0.6097341195449031,2.762736942206028,0.003108206385293133,0.05350646908058655,1.7343561511393104
5356,1.957942251742402,0.3012517995811478,0.372471395692759,2.1348191548581568,0.16168087244311163,2.4551734730305386,0.2973347719920839,0.11867995571244783,0.534339209058264
5357,0.2344251873693333,0.4772078288816799,0.10342582536739453,1.0336876842207745,0.5525360129974527,2.5958477122673838,0.11525372870234613,0.08180845667939997,1.7375017706688265
5358,2.1609733540950438,0.2200396548350252,0.33410054004021567,1.2002946959087788,0.6000531243775167,1.7716613149770417,0.1204811386929844,0.09802151724444089,0.6226909250036968
5359,0.6026445453873847,0.18939265625453158,0.13903501057220286,1.35861984673861,0.7317489818912846,0.9372875782515661,0.030222438464385784,0.07100793409143982,0.5289121820138485
5360,1.0748115116923433,1.0306623077007109,0.7047818307126419,1.1404165405914402,0.23842753663220467,2.300908923464896,0.1251400211605757,0.17248547900313943,1.4628471991972358
5361,1.3848522520059943,0.7115244912348795,0.2491596436722563,0.872659875875691,0.42086767505309064,0.7153158735061993,0.1471284120065553,0.0859647113011556,1.0211451197688421
5362,0.20857124682846329,0.7871700781383253,0.27506069051020277,0.6713245242387686,0.7841486253578931,1.4402631995583515,0.05839842539858554,0.10455796028624467,0.28805438429976127
5363,0.23836245944882753,0.28741092733398527,0.3811401597620737,0.7087479699482325,0.6662392370973875,1.7822420556833571,0.14486932754619375,0.07904186051648142,0.27634352536165996
5364,1.50402460368582,0.21416151341015774,0.5275390638995752,0.2772328542843683,0.5141167243282924,0.4482899051341567,0.12387030748768246,0.10517978897149484,1.3959766400502231
5365,0.6207181508359016,0.267999371105062,0.578066493112791,1.1648919488214047,0.44418500016362367,1.7166832973911084,0.08755990900396662,0.101409817313547,0.42165178362077593
5366,0.9614111996694423,0.7566836020749736,0.02359831707485288,1.3310098004944186,0.6636085393862787,2.644069333426626,0.16076496429788045,0.04686691206777711,1.6936873996747734
5367,1.756140517008603,0.32446808702923324,0.27105001447966587,0.45068505970565187,0.32162908384822786,1.9642397765330533,0.06769264870941948,0.10742751328578125,0.7956751214712202
5368,0.3522754865991812,0.5937518720411634,0.5418300317312594,1.103799945302338,0.5386840357632655,1.167596668805795,0.18462117518353477,0.13730343915677967,1.514480510946946
5369,0.4337358511271033,1.085005963422042,0.44442836807242697,0.7277901368084141,0.4744312426112376,2.29994523324336,0.13545234490069502,0.10884369922923541,1.7025873853911868
5370,0.6849315883696963,0.9469133743022908,0.08317530702461665,1.5239704392514781,0.4310988502227938,1.6165175964797514,0.12191108284013433,0.10164822271878352,1.1771086612567312
5371,1.6641159308036029,0.8736862090539219,0.4423166131956861,0.3626152976460346,0.2922440306603859,3.2406760361447757,0.2324528239501022,0.05307358905426581,0.7175451535780453
5372,0.2984286613585196,0.20130611992753034,0.5454671732127093,0.3827209305585183,0.6094548434946642,1.2714157836337763,0.05123347836634243,0.13395877969857367,0.19925192457771634
5373,2.2199798723052253,0.4935910721629373,0.14419703651541121,1.0126083396810392,0.22504885723246387,1.3516663369094788,0.039751289688491134,0.10146068375491299,1.0774985551013012
5374,0.7952451534695137,0.529633645347069,0.032397854974326845,0.3761375593301106,0.19350377117879675,0.9247384846572886,0.10983033106859642,0.07434102051875147,1.6454220023883026
5375,0.14866904077287932,0.5697307849010056,0.5902244838609194,1.1389882093122932,0.6126725691428538,0.35586813735479716,0.13908966396667757,0.08151682088677455,2.71438564823689
5376,0.6488868618761111,0.0463454349800429,0.1840863269846805,1.2314475200581152,0.3778015231939355,1.7715127109545492,0.08215051873547506,0.0597131349407197,0.9763224900377226
5377,0.6637618929095969,0.7945567486436403,0.5086571656752401,0.8251391930012778,0.6814433575637651,0.5060538534976038,0.008605079747011662,0.09657938001177868,1.493126858276284
5378,1.3685007794942412,0.3356037461507466,0.6810848549801349,1.6325824737026444,0.7327542356521088,1.4645277514661534,0.21174588581515255,0.09073543205398993,2.763434722179266
5379,0.3747246120765899,0.3727679205697468,0.15569200078582626,2.4382751283536184,0.5914277991285752,1.326513562019235,0.13197108172612582,0.07910494935503255,1.9619111721156168
5380,0.9100370402785642,0.3126943028038684,0.4356418475386033,0.15436492404074076,0.9252425976359078,1.457886272952527,0.18261310155503716,0.05780308321898344,1.0738881098625501
5381,0.41686730318884174,0.21075466191661504,0.7545872826338731,1.8053288628514204,0.5206588682697991,0.7014632032115854,0.0650501752016393,0.16147672873605984,1.4222249838855952
5382,0.6588534195506303,0.10666979769598195,0.5937568937286694,1.1621419405570717,0.7181333722644959,2.733529778101546,0.10250197750454224,0.12341017329702615,1.445178713057326
5383,1.0428868571303642,0.4739937611291601,0.4285064599703772,1.1701139930885878,0.7108812885615708,1.4439318695706238,0.1342565605181447,0.10168189420023138,1.1661726108869166
5384,0.02089458157569657,1.0920857523483882,0.26257959847177037,1.0274534357693397,0.7578056914275044,0.1585508112768237,0.08480141834942488,0.11145098294904071,0.808321613558026
5385,1.525220186026152,0.606250211660772,0.18181424907637947,1.853308614683436,0.570263904556811,1.9257962385430627,0.11081153015455794,0.11064961855199243,0.55262610924665
5386,0.5336849641295383,0.9336014524378202,0.7518422058935865,0.401296568173633,0.571848355240353,0.3105667706803368,0.0415364891916223,0.10372584641871822,1.2788361750701556
5387,0.28717844908350476,1.1025428681213545,0.25509309247188805,0.23904426342309593,0.5671710789282456,1.6275160270405513,0.1714072874580243,0.05140784697808133,0.07052620482411376
5388,1.092840755474241,0.46830191326466825,0.2675199166706381,1.8062350565017067,0.5709544242494861,2.8715830563471885,0.006119995220554772,0.10588964340353627,1.4512036889057351
5389,0.06735266040346999,0.28801269944229774,0.6389701410672346,1.2512093656907748,0.7108130895900308,2.880123460023965,0.12266667445832326,0.08357850742488884,0.6671837932491211
5390,0.5685563227448155,0.3121548200518543,0.7696935819258646,0.7081266038859247,0.4100253499917128,1.6811582258251856,0.12012511094722923,0.056270052089063334,0.407298116839331
5391,0.5639928599306977,0.08041713045316434,0.21397023687236816,1.1452423902749123,0.07541552271827917,1.1114754869513286,0.18696245353417695,0.13173565910998333,0.5614864833671389
5392,1.086972793892153,0.332160901594111,0.800436110653229,0.7519962776694668,0.4897114825448901,1.1353479352373261,0.17410174350979762,0.09187937454812876,0.6562188186800413
5393,0.5933029016750901,0.46951719163987765,0.30027724272892115,0.17735251242301886,0.33691518206316273,4.553339582386913,0.0061591425072135275,0.13081612774778217,1.027887796984967
5394,0.5735144276082209,0.039611826557294005,0.3257601602178974,0.5971286408567987,0.5315094293517272,1.8090955320227058,0.07554774069778424,0.13706748720679118,0.4506420972448028
5395,0.1532285323521509,0.3297500841889469,0.24016644967718082,1.2066183551696805,0.37923359610780805,2.442177800185095,0.02472640870074569,0.1088975589834693,1.228594627083841
5396,0.23110500590337513,0.5150492783561119,0.1406171954958347,2.5287416863253696,0.9808400001890821,0.5670695721026737,0.10256647156534605,0.10804196746464989,1.4592191671079981
5397,0.985491111624613,0.9791630525608681,0.3018386682835457,0.7308980527972577,0.7137576944659574,3.0033613914579096,0.12661526945577345,0.04912514998845461,0.2691032128780353
5398,1.1720173306654622,1.3585559001114524,0.9405921706642145,3.01148767591813,0.6716527619030148,1.1945110240343881,0.010814342568740976,0.12269632434063449,0.19861278109754832
5399,0.7074512511925386,0.2133579588499535,0.26856173483460843,1.2795706720590974,0.6317214237428739,2.1975340032425392,0.12985566438777474,0.10182545675965694,0.9639597933027252
5400,0.25235436612058,0.6287489564150763,0.18645410237134205,1.0946450617966306,0.5099556449109386,1.0114263925014022,0.10111492073493075,0.1557491808902071,1.9566981422443939
5401,0.2550309956486757,0.04386942672377092,0.17952598697253613,0.4611607499974255,0.5567704398573436,1.8922385478790074,0.14145632466580366,0.1133953892660125,1.5314615168262757
5402,1.5628918095956739,0.5473516917484219,0.364299658550462,0.4499664599954293,0.5000971761734699,0.9454644955107006,0.099158633833081,0.10004525220541578,1.2141656212159435
5403,0.2620838177285932,0.7478658034700957,0.2732225759344496,0.7409076099137853,0.6350477549116323,0.267801916845513,0.23251629314542152,0.13473185905893856,1.2546181901869882
5404,0.2617082355866841,0.06687319491951621,0.06548464724257691,1.1715583356619281,0.7737973412155652,2.0170888927082467,0.11821258900793621,0.12075780724184104,0.8557846958311213
5405,0.17125769546051461,0.3859636605341232,0.14668390396564046,1.6511293931497772,0.691727815701981,1.1158029969999785,0.20276551608331556,0.08946670926335615,1.5586909607661645
5406,0.025654902473836283,0.45836177787835075,0.47358665857069066,2.39700290953961,0.5559738773363628,2.352213450349668,0.033631097617377856,0.12130096834531705,1.8156218137479678
5407,1.0283171331521876,0.029879302700817123,0.05581193647799704,0.32454950692428663,0.770981858231846,2.61563098915228,0.04027600916065342,0.15209485215553523,0.21410921257689597
5408,0.8249627705774325,0.11822899778180943,0.8195763124491193,0.13149007663272372,0.34993194522417054,1.6675465405711238,0.199895161929669,0.11070088402154202,1.7372422036840645
5409,0.9219964378540735,0.8119173022865531,0.18447770509917713,1.3216459224495651,0.6161878951886179,0.21711453481635057,0.19588741904436402,0.1365245538591343,2.169527653289717
5410,0.4151449536087514,0.5695093649568489,0.3501211636197399,0.49027986684529595,0.20489935536219028,1.7489698576485915,0.12090526656943805,0.06410268777815686,1.0891663299029426
5411,0.8133018045275566,0.11709728311629064,0.29027697290132826,0.06774296752007924,0.8172164164339565,1.3196171533045182,0.12376788778667862,0.07313235860576137,0.7276793197180567
5412,0.6591081999939163,0.5232626535257691,0.10593067009181925,0.07320229119174004,0.5382869994315127,0.31880927711951634,0.20516385331334322,0.13550667050560633,0.9584097633446664
5413,0.6153990823088513,0.5018631149918962,0.6857019774296498,1.0270636171582748,0.6210286291583156,1.8288740063630227,0.22657065920136737,0.08908221804345413,1.251508784856556
5414,1.5916528610742795,1.074808974533961,0.5631592598129452,1.255861792039948,0.5394933513507654,2.7485495196153993,0.10803101919128838,0.14414205241323846,1.8024438645639766
5415,0.9956768026403549,0.21308637601458402,0.37042199511506113,1.0688761176172428,0.45311271784428037,1.8471691009331483,0.20501559234533367,0.06367713659843588,2.120363691088656
5416,0.5984147597981776,0.07664046041541772,0.5077474108477538,1.4486665803455518,0.3356898234967649,2.138419196688638,0.014345567269379036,0.14521213904066893,0.7203412126809798
5417,0.21528163024410082,0.5502680321124128,0.13843250574506039,0.5647190536393676,0.6560986577690895,1.4464724405707141,0.08016604676956565,0.04517377703158495,0.06421898161692774
5418,0.5515074979953147,1.1779375262324403,0.43409467787563866,2.0271677243691406,0.6736884469982305,2.468504572167428,0.17000585559122852,0.0561848332543836,0.7019161741543394
5419,0.5670241001579832,0.5010891202926582,0.4434607198291735,0.548001409190224,0.8232883889239722,1.7347393105416582,0.03788252443936373,0.09299936106922452,0.999960512802249
5420,1.3733163104895239,0.81590077031837,0.20255934718116886,0.5568987083317463,0.33571122987510604,1.591861957018243,0.013969385567793272,0.054884665020466926,0.40934313684894946
5421,1.0777737506217362,0.5094549349949639,0.43298582924319895,0.9530393159248733,0.2326960706357416,2.710868199255045,0.10427981691358919,0.09450785896126351,0.467509222450362
5422,1.175149132357327,0.9451114305782897,0.5328947389524066,1.3698718338891358,0.25761115140734253,2.427286168726919,0.19207003361954939,0.02898545301374207,1.4015396681256076
5423,0.15328461807733892,0.12135607747448249,0.894626957582456,0.08794041288966725,0.426191945723449,3.0476877328999175,0.0982464093750111,0.051740008559364906,1.9024533154599053
5424,0.10063885219105353,0.5133175504793379,0.41215831134760517,1.9178114790786007,0.5821831993757723,2.6209809019311754,0.07727889148987357,0.06784494477270098,0.9494472459354082
5425,0.3996477470580864,0.08278613273929175,0.6116189316715889,1.5559579944434248,0.23957201311326304,1.2251236622123876,0.18398847118330552,0.1072556130426099,0.5463997031774999
5426,0.20407206253664648,0.5139569777570334,0.2899436460250415,0.825283988690282,0.23109644269201723,1.792743840328873,0.11328157973921163,0.08104961295273413,0.8176980194076986
5427,1.0467235992067196,0.556902584108276,0.11025134220298846,0.7524051454965087,0.5786612857900253,2.2681927804266797,0.29644247932698836,0.10983775728692576,1.2469375835579308
5428,0.08625344922652697,0.6412815092953901,0.028249700369561148,1.1852294938392907,0.22813919605580718,0.49428009626462366,0.0692709766441243,0.17204717753361995,0.7948242810883849
5429,1.3218640052912658,0.11823325740071916,0.37066004507293004,0.6726804423306739,0.6451645973180674,4.106269851273429,0.10028552044133698,0.11383261776522133,1.2140193312835836
5430,0.3160655511408711,0.7695521048094021,1.2052840743410396,0.631263881018427,0.5417013290588324,1.1196698714420323,0.05471293152904858,0.0945112619720948,1.660498804928481
5431,0.07338078816623506,0.20627211732673148,0.036473376125902346,1.022888294487263,0.4824059026040169,1.1745986932039723,0.21671409980165146,0.10782700102737078,2.2534746210378316
5432,0.06597902046964876,0.975687345790365,0.4105573152361647,0.5859036538328461,0.24337725829150159,2.161087937973698,0.14740267424605635,0.11973564335286012,1.7529936372781654
5433,0.2631988075639575,0.6548579405417186,0.8160198807041661,1.480463080529292,0.6215276037607864,1.312098708167814,0.04753725002259643,0.10333097942499045,0.5964802261655869
5434,0.20749220118309367,0.19680953911809623,0.28504887504219445,1.319867028644,0.5630318612847968,1.124740447564587,0.05886844520881181,0.10822461783531753,0.22554042046924816
5435,0.08144224281872167,0.7131537779654054,0.6386795201135587,0.7909275345288118,0.2857647817259724,0.005080363580940883,0.02483967732861765,0.07886482657083912,1.9206928470183047
5436,0.8669623734486887,0.2900543200125949,0.0308103670201037,1.2054452027990996,0.39574866121367247,1.3854757372979503,0.01591548179259307,0.11840771542645398,0.35070137792689104
5437,0.9741684706688774,0.20250873835057592,0.034723929521123964,0.7286711572965844,0.4035658052904818,0.9950963814219249,0.3604175811376001,0.10567172009621809,0.5063844503819868
5438,1.1560180181396988,0.6449995272132949,0.1378625897130066,0.49270473733138026,0.5118768067344205,1.1245401737629215,0.03795923035736762,0.034640492413779894,0.22443062615083065
5439,0.46003388836919434,0.5874596363437348,0.905008292279119,1.6238370286993193,0.5275830553209996,1.620615762639507,0.1472808262115684,0.03273114208865556,0.6542502879734685
5440,0.8021586845712743,0.039648761887466966,0.13622556137337133,0.28137015088395134,0.36810824370922013,0.48078731069962255,0.055363524192015415,0.11490738814074726,1.6586408295260493
5441,0.5242098674914624,0.08633742662269556,0.2166835551962441,0.3878523603637637,0.21257084053725545,2.4143545376419167,0.08063654147516293,0.09067228200269521,1.6386771016151604
5442,0.07077120506544243,1.3208727969476373,0.37306525302663096,0.6568665966481246,0.09238174457716297,1.7798124472401244,0.14900440805937779,0.0800574247933319,0.6828648799294081
5443,0.4017320976279623,0.9385699037509105,0.2546880482438671,2.6090497047140384,0.3068022536490107,2.400762700979514,0.17247382247104032,0.08897912052599007,1.694960194703862
5444,0.28193362343822076,1.0005472561485813,0.418187418232449,0.7016866298186722,0.3530989370520304,1.6301885339406474,0.10768574353449942,0.11205180269917554,2.258195991845673
5445,0.6447759822191068,0.9690510329909852,0.4970235861369928,2.1979152146947603,0.4648507407244273,1.8536868710341294,0.11278576063185182,0.09368315023528402,0.8382863372935563
5446,0.40149817882217126,0.8275767683568139,0.6773412152270093,1.4655136616484445,0.4032146434340904,3.454982391289427,0.13063796335503755,0.08816137562548453,0.3797980191470523
5447,1.4108744671369196,0.10334604042644532,0.5184889968147672,1.1827748704992325,0.31516908296890955,2.3805776256395443,0.21938917476718206,0.13003543499793752,1.4503856896150336
5448,1.4101903780743101,0.14907175643293563,0.6550943405655032,1.4617135984851466,0.7919795507119829,2.715481765492692,0.22077168738229,0.04976026328038496,1.1411913746056916
5449,0.7410074994641734,0.9111148436639067,0.2311524767498416,1.1708197639682483,0.5652580745689884,4.008649140561191,0.2104613425246477,0.0980354359113274,0.14884033250071738
5450,0.9539518201388222,0.05813684155613752,0.051401853356690064,1.07481104537851,0.6253523562170944,1.6406671058732543,0.16224976745393033,0.12104584026566045,0.6580086079657541
5451,1.9900821537730853,0.2641579844989515,0.2961849781483517,2.381287156909776,0.281396769781768,3.3216727260422836,0.14078072795252505,0.10243800295613897,2.816211489039032
5452,0.12465263912312752,0.7819074927148197,0.1951232436136848,0.9486223892463438,0.6318831122322652,2.1256499279454273,0.2591042157917606,0.06550766708681462,0.11668554852579416
5453,0.927137479883303,0.2254955543774229,0.07577168545487728,1.7746246314858451,0.5301263289997854,2.012274150572535,0.18131996411504575,0.062148036333721526,0.03489683588446846
5454,0.5065294357439418,0.3655162989035005,0.6415971406357985,0.15736708572694158,0.5091815494596763,2.516197947700808,0.07137642868543233,0.07152586260819488,1.047569409199876
5455,0.31672724452615664,0.04703417421653877,0.20383912393919015,0.6635517485947282,0.10111185166902298,2.9179877930254303,0.0923617474662406,0.07142241709716994,2.282341875091856
5456,0.06704998531650047,0.36537734292216395,0.3102995190124772,1.2847530513260759,0.7106043435940627,2.5353921593335786,0.094041228202255,0.1310596090919952,1.488134408897705
5457,0.5419085589245145,0.5424125674214221,0.00013027628162787241,1.6528732633579875,0.20700531171602848,0.6756535315482743,0.0157722602852724,0.08494347725352078,1.2650542166391372
5458,1.611860399679557,0.5179368300084417,0.016617978590595828,1.9142430878098784,0.9203384290619914,0.46498215897619755,0.10306721047324992,0.12986628688292318,1.2617316895025357
5459,0.48147071516764134,0.16983668189313356,0.3099057268686232,0.020716691955878663,0.29939375196372425,2.331326494805358,0.12956581321836474,0.06187483153489334,2.2194356822244137
5460,1.1191474600852465,1.247763617364763,0.3079042155175127,1.864547801017119,0.5352856419581579,1.8328223972565885,0.11684660415254255,0.0800028744313177,0.5466472115045614
5461,0.2038507644004049,0.13327116064551417,0.38543781746514594,0.6050506633236286,0.5266200892583474,0.900464684540456,0.2775076651247965,0.03774733716880842,0.8666651385635412
5462,1.539146598904672,0.3125615668179894,0.661913738860544,0.9189866629260202,0.3752621983418849,1.5664735528405798,0.08400944178325484,0.05220068715414961,2.1107836967369806
5463,0.6273662136133411,0.7576631541614873,0.07508749966577394,0.8933836903824581,0.549285599020502,2.7648781384485805,0.18692323447152662,0.09142868311990034,0.09695475218225102
5464,0.8940013625521774,0.6631433974003821,0.1720874378018784,1.6468346186542342,0.42339818764825604,2.4309464563785084,0.05790011126482436,0.05328489086671326,1.397254797953369
5465,0.6492477676032068,0.3271525001641821,0.06273901287546324,0.1723379581670661,0.4438905028502704,1.5023657985090368,0.03560670497885285,0.05064056759529369,1.2238196855704901
5466,0.8250452407582352,0.21617609970138535,0.24042270746352445,0.8535931320184729,0.19935556730985737,2.9091884803044454,0.2577724982264979,0.05212224706803734,2.004116817161866
5467,0.8987535584793134,0.49553770513971807,0.6720634094123474,0.02578324628359685,0.7006585540221726,2.5915744468919897,0.1502774724925913,0.06625662827189996,0.07126489843924066
5468,1.0357592000999565,0.46756046526696626,0.06129856858335192,0.8839020396794965,0.3081210417791023,1.3243688130660212,0.07779199911069806,0.09058900572387757,1.927726647553206
5469,0.2513467418581502,1.2681060703635678,0.6147209937088527,0.5864267298538582,0.5538739055926769,3.12316895013372,0.11405403508682099,0.11343961084297118,1.0548735798345503
5470,0.3528013789192332,0.6053325160760628,0.6612913070705162,1.033320057524064,0.6668320981003562,1.710747529647239,0.1270132180266191,0.1166592256280156,0.20913484275163075
5471,0.5284449478874295,0.6241080115656794,0.02383389098572314,0.9757522046247604,0.13201235189824,1.4128347151679002,0.3026891146048054,0.08887348573509507,1.5248176402641431
5472,0.900658131886674,0.6123082912865903,0.28497137735454986,1.8241862046077804,0.31180448703188735,1.7464291566770878,0.12209482577361365,0.05757879853777107,1.4784229169941212
5473,0.5146149187598285,0.5868754936316548,0.15397439530175505,2.2039664937467442,0.25032035641231,2.1176340262621656,0.17679711931145864,0.10335490132342433,2.3091815614885194
5474,0.5127356325970823,0.7135816064663494,0.5264405207341232,0.81719932752666,0.635157316782337,1.2976185222049357,0.13688057152739436,0.11953890052146685,0.021673122898139385
5475,0.4918063547268112,0.42313673355302484,0.24140557076623964,0.7600939037697673,0.5595774964980731,1.849921569273377,0.009358871677683997,0.05939882624318795,0.7417271323322663
5476,0.7759751288081873,0.16983746364375565,0.3789859092604674,0.27241233765791095,0.5667587955836599,0.8114989937669389,0.20612938270365233,0.054836427643986586,0.7337885955750837
5477,0.3345586637637947,0.45418674885911053,0.2984236085938848,1.6804957900910338,0.7617099296143919,0.4443996523924092,0.2643760829959983,0.1109097444627273,1.2840069850889897
5478,1.7454893097245547,0.19083627267440278,0.5249227661025442,1.0297788287038798,0.5514666594785179,1.1152312645027516,0.015777329362696352,0.150542520875944,1.2545659013817563
5479,0.26095899149385676,1.1001970053501497,0.5311877651672191,0.6734257320459246,0.6600663933488722,0.6823497992915035,0.0778414647796663,0.09372826827642851,1.1188323866451344
5480,1.4148415603875695,1.0231669235154872,0.2753600104420922,2.7418772050445184,0.49701661342029335,1.947765632180279,0.14804445802072913,0.12965920706726472,0.7153441316606142
5481,0.5223692732773986,0.8788388141583043,0.8862102215626325,2.0593600396180034,0.46011895735059305,0.11122867602125797,0.08434007199947006,0.10645922207803905,1.060662430068602
5482,0.6481008774645094,0.6700498680506506,0.5416480450255305,1.130365280861746,0.5118239348083308,2.504466295163616,0.20354747967019468,0.08923234753029888,1.5178505731978684
5483,1.6952834726979646,0.5767522297294717,0.3905159054445067,1.0723064754627196,0.41931892108944363,2.355830239709786,0.26466277060170484,0.09778468328394266,1.9607958964816719
5484,1.2957794061857295,0.4479301476608032,0.6643960923894177,0.4689545308530373,0.607619762109762,1.6311947851284723,0.022367389320477438,0.06512838990086411,2.280005124721715
5485,0.18054049535468625,0.7686607799597772,0.5857507930432901,0.9100860564570973,0.4424163800622407,1.2887958752031117,0.16944633156950795,0.14279904831957177,1.1624916028819015
5486,0.46570226477984505,0.08096659466251332,0.7550631767017093,0.7429470114250154,0.49320075573959493,1.7740830737895363,0.1781187297372256,0.08345921910508576,0.2362885261262988
5487,0.5767418485404149,0.37146371646856086,0.7365112095499002,0.2421332398434004,0.35896855551484835,1.8508455736118985,0.08038867249018763,0.08102587628744597,1.4534515143380555
5488,0.8125396870829913,0.006449712763915927,0.24464410196714018,1.2867508283222344,0.38178303147699794,1.5564318437387932,0.1571605627560939,0.06489085105965933,0.8348655219966911
5489,0.7530312419782612,0.2692203162321383,0.7049971326754256,0.407208505534549,0.36335517901046577,2.2118848318591238,0.1747939674520031,0.10590376965206459,0.6597151567731594
5490,0.09042151574676802,0.6313023986249164,0.3732616082808647,2.3452996784145577,0.5058974547346753,4.459156613317724,0.16495814139066597,0.1145009235389159,0.5353387582932696
5491,1.2063443635574589,0.5583047392569603,0.5536906337684098,0.8099473604127757,0.4988409632497043,1.748464269927777,0.1021024058963748,0.13673039303629578,1.050002431874793
5492,1.213945599746198,0.2372523742118568,0.5771108385278777,0.12769634501590255,0.5707942788370063,0.9517007472605302,0.10213253633235367,0.10028786324144064,1.4102059225095351
5493,0.2820218575768008,0.7748698972456787,0.637864163727845,0.17028121963172105,0.2684282104787322,1.1910688062966646,0.11642474155063427,0.055760842563876444,0.5053922195926562
5494,0.20704869560027192,0.8018024175419807,0.31708627647025805,0.7934170274745029,0.7485947325047241,0.4506604031465078,0.09663971930895301,0.05242571043976104,1.7093327200972612
5495,0.9238977340791441,0.15496594057444368,0.8332753768507063,0.6322737348670702,0.6122342624863997,1.090477420921156,0.1356406532943747,0.042101857947536805,1.0039119868913189
5496,0.8877574070507557,1.3299392416029459,0.24554297825569465,1.5926694315455747,0.626730529981522,2.667593006343653,0.15175347086089797,0.09602941749986842,1.43732557614173
5497,1.3265138156764142,0.27321041848501787,0.07454113446457705,1.73452718307857,0.6430241921012902,3.6803018025568486,0.13336559307805215,0.10454362390080776,0.07190995708442605
5498,0.759447513884552,0.4357796491545522,0.18300576264655893,0.381001926108105,0.43570231630680045,1.1214364743790277,0.10208667563260174,0.11190089851932052,0.9034419007057675
5499,0.39852368620609196,0.35559396371952234,0.16443660952832617,1.1269183059620789,0.3513172050309622,2.528424239661024,0.2165253654889733,0.12946124657393288,0.20802936783020964
5500,0.6019076988647174,1.4301272848852622,0.6586828088960541,0.41352612989021686,0.8747406027148205,1.4046805822852844,0.29018959470950945,0.0878785747536487,0.6452333935018532
5501,0.3448061889194332,0.3932161834927153,0.0063399777871179785,0.6915495029179894,0.4438381341706521,1.88671643383786,0.17104251068937404,0.1358987476382555,1.0563280711174214
5502,0.7490746304806275,0.9209337146152705,0.2085959311151436,2.3534926078619955,0.5184932685770011,2.007023618706672,0.12500302602179963,0.09063668107917701,1.1198834229252561
5503,0.5600177447573464,0.6004994472234055,0.1232483152540654,0.25576498106684564,0.6911849347016252,0.4230459141479166,0.13643527413308798,0.030439440994692278,0.7415070593741919
5504,0.5848321896075535,0.43761441364603154,0.40107313100383973,1.5098809907551223,0.4374208824519525,0.9848074323613422,0.16304656035684645,0.00567166108156468,1.0153285544707031
5505,0.9975119614285444,0.6852861085609727,0.18821762960705535,0.36893688261360036,0.6068016923243436,2.8701212769937365,0.02701184852824813,0.05921468624092991,1.7952696270482345
5506,0.2847235521704778,0.4236243313586415,0.0032324251594900155,0.608868129237738,0.6120759720387354,3.357917988259687,0.20137207605976296,0.053132839505193485,0.5466515043622303
5507,0.48272905020607404,0.4067557177436793,0.16451403645751086,0.7711572541533245,0.24974886618955444,3.356271629923816,0.07860973843935005,0.060687223601609906,1.4497879551078277
5508,0.5663521383509034,0.6884257127769564,0.51352020761155,0.7821369896021093,0.3964457694179565,1.8007625551642665,0.2316110383343428,0.11808822793044543,0.9842477853872409
5509,0.3131570823359768,0.08540726529089687,0.6077450087156451,0.7371110800373826,0.6072658390867463,0.17833760345566962,0.1515466701795536,0.07440669833015637,1.309047336606664
5510,0.9535230047530217,0.09974514023900624,0.20493418110111886,1.426884613977013,0.4334813993337183,1.0449474444813416,0.21576761644470352,0.12319963764226727,0.643183232902145
5511,1.0867771522375516,0.49218188224692,0.9946982682022408,1.6677328873620203,0.8962674870938778,1.891131533192815,0.141438475620385,0.06478215361286309,2.1237125751542987
5512,0.20256646495955272,0.3399334542357217,0.339519758172999,1.0193204516211851,0.47212345464559474,2.0585371305984226,0.19494519880620037,0.11273413663701803,0.9143450326277281
5513,0.28613301459000257,0.3382613041159395,0.4625091276806089,0.7675706128229676,0.03990991042669734,2.5001360084378836,0.011829694060592436,0.08284147414230293,1.7380844762749779
5514,0.33910489640008656,0.17336152089678825,0.23850930046915186,1.4402703922977285,0.6469344372203032,1.641381033223844,0.241945925952684,0.10285633944284742,2.286713882143519
5515,0.4908824005666257,0.675689634786097,0.378117363659086,0.8117745770136096,0.16781804592447408,2.4673732425688426,0.09568710740404686,0.09400868485933321,0.8268382854235798
5516,0.14212482382189545,0.5651317431693837,0.4928800187885386,0.9220519940497048,0.5386889891127579,1.1716270872678307,0.04994175400539834,0.10338349698562121,2.176186474419832
5517,0.9254129436983063,0.23053058912530427,0.6265376134030054,1.5397686807482107,0.6476487931796047,0.9662097118635846,0.213052640388802,0.1351398237571864,0.7686069088651465
5518,0.5885544708015911,0.9987477927978812,0.7644415792581496,0.6330661815161476,0.4147766967586931,2.4032427555597105,0.009723169889833252,0.09468245731345204,0.9682963851694986
5519,0.9641793402760477,0.08656308645191113,0.28706184971884424,0.8677371712441164,0.2451754995645974,2.4025058651928215,0.07516357353187955,0.08218358252397641,0.4381536851841463
5520,1.3694667805898038,1.1589716302329547,0.17502765906031167,0.2808298610421893,0.7818212387071513,1.8377448688229712,0.11474525366786084,0.1093199142794003,1.0500746046377092
5521,0.5151995005090628,1.2077747161595644,0.2539245358928425,0.6037233823916852,0.41179850369141113,0.9135555951084848,0.1363724768463666,0.09967939479559304,0.5396179385090916
5522,0.02814021934481381,1.0763166521163572,0.12879438193015436,1.595311978793117,0.2605698340382008,3.3722948467541327,0.09870435557110352,0.11344598873625297,0.8896355937025775
5523,1.8162507098417011,0.7672043652603419,0.3467855695504396,0.5089839286176778,0.44980715342183586,2.1570459388724212,0.10399980663631575,0.09536497566318188,0.8633784768971223
5524,1.3926728991015667,0.6234254866731731,0.10259808761852629,0.8979171419078826,1.058230722125519,1.6145828063231846,0.19003498089141319,0.10241882772002281,1.2924000476397983
5525,0.21569420887780355,0.9126212762109547,0.2878433993038457,2.1142818692341425,0.4832506291908267,1.310752017029488,0.09638956248910163,0.030072942120240337,0.02743610323040402
5526,0.461347637071003,0.7908397917862819,0.5229233904179843,1.8650864449229325,0.555476293377172,2.574839369641712,0.2360496832156599,0.05372176229116612,0.24978717024502728
5527,0.7111565663907862,0.255959978511816,0.6970269283522001,0.1190499904445671,0.44371589179817794,0.46800968562073186,0.03744257564610309,0.08709583842629293,1.5611921677142115
5528,0.6689793243508475,0.24732419266927913,0.5357896508106242,1.314597177693807,0.478446463680918,1.556538405761866,0.1370358146702691,0.07107643575534511,1.6994165020171113
5529,0.3012476953348952,0.6889480607369398,0.8227029907198602,1.7725188436631507,0.2458501022176105,1.6138493199466368,0.013753935636451456,0.08468588925116977,0.5864678397179828
5530,0.6342666616777624,0.19311529210459064,0.6426341780019917,2.834866392806052,0.578683519162662,2.4437460646087326,0.12954172381689433,0.11230367260096548,1.8816285683966485
5531,0.021625877080276967,0.26717576310387,0.3494305415242434,0.10507205379893758,0.5260169445088223,2.381785651646383,0.00702409893533551,0.11272099207038314,1.4034852373383155
5532,0.12550353495269329,0.09369744712440947,0.5479539710274623,1.3103494274765153,0.6355574676749893,2.9214184754228185,0.3690778851886974,0.08947721386927915,1.501364671784752
5533,0.18833481764162546,0.22197709452521452,0.2149979519127378,1.3578656609914752,0.6669174429043683,0.9605896411069818,0.19123478037493272,0.09405524456863043,0.7706569485396483
5534,0.7828028381162941,0.430650870903199,0.3099104491026549,0.10891581158047492,0.46039316700994687,1.7527514699035578,0.16133541791653683,0.04761214940860131,0.9721994937532782
5535,0.9693511037362383,0.5189133687021521,0.5804695827063775,1.4377289213012445,0.6695110680600175,2.3831247746264403,0.08685407526673256,0.048760310897265215,1.6045804203630054
5536,0.292175211000082,0.556365858817814,0.3215891406754767,1.1103928204196176,0.38799466722753595,1.1884972942345624,0.12457597272082749,0.0822393658245738,0.7213030179928406
5537,1.1240397930975903,0.3895634961488648,0.3386260343041753,0.8614199159547253,0.43860824241190893,2.703301734134857,0.17292799162584863,0.14125647836031055,0.25432310301426997
5538,0.44319640564260376,0.42301019326410544,0.2346187783534972,0.8994236292147824,0.5200365582108837,0.0862060861530316,0.13648029792545702,0.04502166885053948,0.2922379052619354
5539,0.5578849302110169,0.7833697713480127,0.6789396052995649,1.7755129723706733,0.3623650869760964,0.29837381586422373,0.13300717986644084,0.040402877795354855,1.8991471795922137
5540,1.2739530294894823,0.2706125569057197,0.21813830269164908,0.4909009710736603,0.32499983551629247,1.4700905014947023,0.08448727704770126,0.04510809265083214,0.3172220882514767
5541,0.3553670407954087,0.6756165482686097,0.14811003227687228,0.31998073636729374,0.2653230780121748,2.3950482861348408,0.15597907039412623,0.08321879070095282,0.4495345528208242
5542,0.2591087155878664,0.7484327048583312,0.5877813288482528,0.6866834853474854,0.5740326234414078,1.7644908922399258,0.10189159123135846,0.12987871595147937,1.2866283448460227
5543,1.3467930763173008,0.03465052420062348,0.9070910859843899,0.677468513223408,0.34177121294647805,1.14943250461392,0.038086647782713395,0.08900137257893494,0.4214488698554144
5544,1.026399209319793,0.4248793021252061,0.4811719641817297,0.5105435585977827,0.7059015972444246,1.4114547423539792,0.033086739513812094,0.12341180700143493,2.336372509218409
5545,0.41870114146512716,0.5900256363000256,0.33546652195669585,1.503439733312293,0.03786518794967669,3.2101627200525575,0.05436214691077095,0.1171634738766335,0.35676488709758025
5546,0.0897044168528161,0.7595550266707876,0.451056625900516,1.0838812661485122,0.7130960707779188,1.4089324855292227,0.304869758316941,0.08442684975755306,1.1598294945228207
5547,0.09555575687842638,0.2051156255583807,0.31526849717951533,0.9832868227766449,0.3720007207800009,1.444499683176483,0.22366974305407877,0.10283671708688548,1.0832202859841393
5548,0.845011166504922,0.6510211146695379,0.6524584368713311,1.0086414869366895,0.15141755691457426,1.6990176281112261,0.19648352196669117,0.07182487969809909,0.9788193902686952
5549,1.0865999196083762,1.3364903439587883,0.7050575035663126,2.1486370199190152,0.26695308036660526,2.9601267244034037,0.08771559218184513,0.12114010435187322,1.557256538567512
5550,0.6505327075820064,0.05413636647968695,0.7461277034068275,1.2616997983054148,0.5291954198735284,2.615404667622745,0.04553182744864548,0.07307178825635167,1.2555102803895004
5551,0.9766990606414778,0.3394727223992562,0.31198088141193936,0.9088730472775254,0.4766640923612896,1.4943980548911535,0.19708446593325746,0.11539115594952196,0.5266617260303781
5552,2.109104860733922,0.7654188032563634,0.46714473394350076,0.28039263716858975,0.8034777450594044,2.1895603849001675,0.0832374916866509,0.11797647601146777,1.3213412169296173
5553,0.5542392989534703,0.3423844723127595,0.6303728211232613,1.3387158136434163,0.6311424739360008,0.4772283514083102,0.07481533969687967,0.05649492885198068,0.42877761305819595
5554,0.9543576016543349,0.19662911836554894,0.3094036105412729,1.2572508427665938,0.6465962542746078,2.7281910876270885,0.017284826842824674,0.1348802399315947,0.4100651347783738
5555,0.1980339745440145,0.15290327278038382,0.3784325104537979,1.5297763966911797,0.625143701249715,2.0056717652013125,0.06311789154825209,0.020875191053659634,0.15885036055518886
5556,1.7925770863222013,0.38120838431417786,0.7698248371688292,0.9694240671420822,0.30093967755385764,0.7249131020976634,0.24268837066099674,0.12768731893700744,0.1135251466863727
5557,0.04198712620978104,0.6423603125517346,0.2774543519013842,1.1714552739186406,0.5525545184101269,0.37583411538642997,0.2426449251802008,0.1550455016904443,1.6554732337311309
5558,0.6822655496888488,0.06242057929064182,0.32660010953248647,0.8615291850990243,0.7734538553245943,1.8408763127727628,0.2572484836752059,0.12546137905047217,1.0120264538211723
5559,0.43888937701282305,0.6705388080505503,0.5315225565466248,1.8160835484161626,0.3217169012573209,0.14993689034118707,0.2813083673207146,0.09829428330339444,1.7417984964669795
5560,0.27255001955972313,0.6683858711975905,0.716142896356621,1.2791873907135733,0.5290471725363611,1.7539089958916312,0.12492531046632367,0.06468946652852324,1.9947136761447881
5561,1.0406036217554986,0.2314267230806522,0.5520970483619946,0.8016501926978141,0.4167424401263909,2.022365478645584,0.09348604590222725,0.12293351954988843,1.052285416113568
5562,0.576958324381341,0.05971776779789456,0.6755030213513558,2.6299604751104657,0.26328085261066664,3.1360249235388222,0.05955765001414357,0.13119399809485163,1.4101906811434488
5563,1.2073144344614992,0.4156699244145863,0.49115633217014615,1.5488839292792933,0.321881571735539,1.0535625777013764,0.10882932605149545,0.08812823611292339,2.2671735031175437
5564,1.2793670837521782,0.3195346340070736,0.22236087453490014,0.5336852127976228,0.6564473806487472,1.7097822418954343,0.14250890087088502,0.05927914761886956,1.4985831510374765
5565,0.34530089714634304,0.05403743338437855,0.3558354313417783,0.4281261255967078,0.41645829411916124,2.9646667406689353,0.04867574043390883,0.11245062051025566,1.2263706189152561
5566,0.18965504589850246,0.5363055414944364,0.1282377215739843,0.6621133158394892,0.46043129410080785,1.0772708755467084,0.1667806892985345,0.09644849497379403,0.6482396806817877
5567,0.49074526560785825,1.0228613654443892,0.2737828799117729,0.28939393449746,0.7587188228217379,2.8946677924178186,0.1308344053264677,0.12158115586429824,0.48846688930466264
5568,0.40048129614045835,0.7257845820979961,0.08594488371019443,1.2495881686429169,0.3277316506850474,0.5040177606143523,0.10609233051135852,0.023594819710787654,1.155311426618
5569,1.436052047522278,0.007857000440553319,0.21856745323001114,0.6222084168236511,0.7094531400865358,1.1278276810732575,0.1286157975076372,0.05657102393186408,0.7416343220724255
5570,0.423958129899716,0.8969706597031992,0.21702093821681537,2.4571819441837124,0.42603958794425273,1.959764971066412,0.20833577373922874,0.1259903574353758,0.5294765753866502
5571,0.28945494527957455,0.027310833007211432,0.2534273860656338,0.43155776116926137,0.5944535424314135,2.109953883115451,0.1899461419017593,0.13282709242170107,0.6062368811758228
5572,0.1603143695681643,0.8819936632331229,0.037880829500111124,1.3956653510036252,0.4125939850414888,2.987722611787725,0.04247878810427777,0.07334978131386852,1.0054987444755832
5573,0.6434686511678847,0.361564446714258,0.8430487208466013,0.5118060442000633,0.39504423918971177,2.290335333553053,0.161458900765091,0.07378011467670445,0.6927922567977864
5574,0.0822613621302381,0.49038841219746393,0.8270423023668869,2.0447574460839784,0.7645625114317334,4.3821573677203745,0.07877646386109305,0.07084954514289493,1.2448946433696508
5575,0.1258041365738979,0.9963084138788163,0.06015118693097926,0.9528173519192116,0.7023372489005789,3.1482023918797513,0.24129134953087455,0.14336703036688858,1.8115509992285825
5576,0.3037860015726847,0.4826951919317457,0.5154449067638625,0.7429840346815404,0.1849453965010155,0.8588189899875711,0.24735456888847046,0.14857768277029554,1.656284784933963
5577,0.4060376955828262,0.007877971354515123,0.09825795666375761,1.5161082508805603,0.509269426802473,0.5152003700518051,0.13888320236738316,0.09354130212805135,1.8943275971830793
5578,0.8416295770147026,0.09762754343591037,0.11867282234949511,1.1985541296349038,0.4817470049090953,2.2980938590414874,0.06272849052165452,0.09248225564194151,1.1134288928865383
5579,1.6944478151751563,0.4073730709983854,0.16181337896889036,1.3828804957805327,0.544788907403811,3.431230623806093,0.06693262146375496,0.041774885648238676,0.9440089308106767
5580,1.1354270371450854,0.4907331296723496,0.4947663998644647,1.8204415365270048,0.6819754123137938,0.5272555479058247,0.03741793422023515,0.06798984513995751,0.25948275175651403
5581,0.8801305597014013,0.7518255854072975,0.3861548972685356,1.1303989585363718,0.9140320911370172,2.5335975075009323,0.13599933608554093,0.13395797794720313,0.6618578705314395
5582,1.3163814663971023,0.2589222004195504,0.5418223913403998,0.15164991944176243,0.5553543479176565,1.1382977240973604,0.12572618238708608,0.16725175126266933,1.2969845387147358
5583,0.3758116433278655,1.0369526701032554,0.45671409209073177,0.37899081312250926,0.7779031767914095,2.045225238398051,0.11326380736446404,0.09562096793350636,1.1586250087467391
5584,1.3744023165477908,0.2167233005521938,0.4365311742779123,1.0771108807181538,0.37271842982938475,1.4435350857530374,0.2266729610609515,0.10959593023798739,0.9380779790412143
5585,0.380060238965195,0.6906444132160998,0.6505523813409977,1.6514629602573523,0.7111029080812089,2.5479827321260946,0.12559259236225478,0.13687089938397667,0.35508771855052257
5586,0.168356493709905,0.5472763927158513,0.028436732855123215,0.5838033299277641,0.4536375274453637,1.8706164517398138,0.1325427656669179,0.12755419095802745,1.2737990084934148
5587,0.4587116764333098,0.10171669713746201,0.3992070889841192,0.8418799560887394,0.29439007751666435,0.9296155516265334,0.2226567750519393,0.034585359018830655,0.6261077278720393
5588,1.1054949242437186,0.033013293626268925,0.27971240261889324,1.820736689507958,0.1622488971927204,0.3381849245538091,0.11639887868388288,0.10126812012359988,1.6673700998890217
5589,1.2193949222769247,0.023011190380551216,1.0727626391858687,1.6059635385451116,0.35382961272157243,0.44542245860462626,0.19392412135966502,0.0538879847870541,1.0959746711219855
5590,0.5518724291261745,0.5520650433762184,0.9956188942611217,0.778701576116027,0.6260995103563423,3.566906595800539,0.16200229151647408,0.0979724368573734,0.7455882620812208
5591,1.9929137379313402,1.0549911161849062,0.4297218454384092,0.8910653181974152,0.8215589292834647,2.431842731634363,0.20906940195098112,0.1294634120956861,1.0944243469813462
5592,0.8007025779437287,0.7453864181234542,0.1844432242450647,0.2977414791181492,0.28592859531610204,1.0442872555834763,0.0668688320942363,0.08613367181858325,0.13190810377714413
5593,0.5989691192175424,1.1986198691020826,0.413841459822746,0.8442018965404167,0.5585775045795559,2.0075903318166244,0.15196678942303682,0.1065835685488346,0.6346110388873637
5594,0.43469260309222285,0.37014673091399797,0.7611195435262669,1.4386914328487537,0.2689715295945535,2.2433004415276767,0.11343370823160011,0.17243661815096353,1.6979077088623389
5595,0.9319315208979506,1.0651803869461283,0.3361618061257702,1.773446768708161,0.3766044026679193,1.708771332112692,0.12617295936813624,0.08704044691755738,1.5732963998121368
5596,0.03231909177395892,0.7802625539135969,0.7253256229367218,0.6671814129875766,0.45704610356034864,1.1174427205873259,0.13895603607054915,0.14439800917201245,0.07428689965770374
5597,0.6068049629021856,0.28970871290070066,0.08162917515871992,0.383984204389182,0.44329382875725565,2.7261006664039096,0.13008146693962147,0.1163235667871495,0.10724766058543223
5598,1.27008401388251,1.2062762561971165,0.3007344990108637,0.9800014220556594,0.6213600937878979,0.8495457115237116,0.11017564045729622,0.08588614490611948,1.330442301895875
5599,0.23314900535008187,0.809169161152229,0.4979279252936619,1.8745033019222512,0.3010059237629602,0.3434879382860929,0.015033113170528412,0.04534008781313579,0.6542321255551429
5600,0.3885639938080542,0.3828321097322761,0.511635958402819,2.323338692302173,0.5819859248348692,0.7414178979269519,0.15955658438390036,0.1605458994763475,0.6203852988286886
5601,1.0276691738501265,0.6387618230278966,0.3407041842550216,0.747325364840891,0.02111368402681807,2.2415364944393494,0.06255015611565265,0.03745669634944795,1.8251759886002716
5602,1.319988029875731,0.22802989218411707,0.4713108142818647,2.1980064001890844,0.8407147401154136,3.327890017275603,0.24262750119702292,0.08286302153922491,1.245391393282576
5603,0.10072912802610726,0.3765329647917216,0.6775916229335588,1.205203513194471,0.5115790468121149,0.39674217124211086,0.012335954322878193,0.06331182585558032,2.0334871526292595
5604,0.14420130075832616,0.2941854349113684,0.22276079258823756,0.09911202448456669,0.1925099795075353,3.188704685645348,0.1329168858640489,0.12098065918786857,0.7810575704310245
5605,0.6647045098589797,0.5552712965693206,0.24963665921772077,0.5521903348835383,0.534313631063978,2.416159225676415,0.13307524395066334,0.08579616824737815,1.377670661219705
5606,0.21064800977199696,0.6138072162724848,0.3569461574356414,1.032602106602652,0.44838545700560023,2.965775107009068,0.26114845084082106,0.05421989375447886,0.1860531271389657
5607,1.3081927579321158,0.7280673104448382,0.05703965633279673,0.5141841829842518,0.45847953275742226,1.6195094290958947,0.22659917059214704,0.09366687270285624,2.0493159836933557
5608,0.389946917739026,0.41170480415460253,0.35733351046218675,0.4346621735700016,0.00904729483554595,1.930440801483434,0.14704763660248305,0.12002194270229918,1.1447160303314392
5609,0.11860518804402914,0.7549417815331961,0.38710503435165666,0.23489035303053973,0.24727156216960972,1.6728261297287328,0.1390185366266715,0.040904183690063864,1.1769571747753222
5610,1.3780811149354724,0.8487304511665368,0.3531077723361724,1.141059075072509,0.788892432200853,1.3576444546630277,0.15570573080299388,0.11608659054971468,1.0726044271934552
5611,0.6462540240104084,0.47466171767412846,0.4875120583451392,0.0033720674098584036,0.8930699511116604,0.6560212906153904,0.10712427263580893,0.06038628657677743,2.330254355898898
5612,1.309749273102031,0.5067782729231418,0.2519735055795335,1.170506665980045,0.6881642165563211,1.995221862003561,0.03689720817590714,0.08276072752644026,0.4164030542305278
5613,2.4835391599694185,0.9139392447872727,0.937517039910676,2.3843269331549615,0.643090752209923,1.6364312601545303,0.06790826741076607,0.07539986668664624,0.9947416255094493
5614,0.025772193965148127,0.3315816542874511,0.5076308657660664,1.744842375059513,0.3434405669072581,2.9558467839018494,0.10716699511989079,0.13931844844130942,1.3258187009268854
5615,1.6092101408039696,0.04533194567107346,0.4530096866882195,0.9881695382797095,0.4663924320450959,0.509456414789196,0.05598701622362773,0.003459798964364838,1.9961863747028847
5616,0.2683292559210173,0.3793645800559998,1.029662043958142,2.2267061181358723,0.49047639902034407,0.8083810365959981,0.12931172491693477,0.07297437033995097,1.3932682057272232
5617,0.04233852809667621,0.05443126822669481,0.3522133382841544,1.5721361910697236,0.7194875361809665,2.7267144722645678,0.2501915585483226,0.13148727781360472,1.5833233058286424
5618,0.4186174991161171,0.20879382674052333,0.4137042971771909,1.4278717403896048,0.3738369892779703,2.2458859133391065,0.03119135979114769,0.08253205165141639,0.7184272696610614
5619,0.30035994416162415,0.3156767228152478,0.6334782959389287,0.8034343465306611,0.5406066055917146,0.19033345281822278,0.11774010860492645,0.10546332318207509,1.7899527325335698
5620,0.9258126122888377,0.2982849034674562,0.7556072205115023,0.7303184253666808,0.5404530002406008,0.5934703941298478,0.18966244086922673,0.017491462634000005,0.6682788406951939
5621,0.1746009909202914,0.6076441496551381,0.22596480402082772,0.15765431501609617,0.4849974357891037,2.10869844876223,0.22539647995555998,0.055042698877182716,0.14001635041848837
5622,1.8389110469295715,0.30359202116827516,0.3899520308498422,0.4346738669867709,0.4418683389451023,0.7129331142426879,0.07970775828528065,0.09475708394011907,2.0578016706591384
5623,0.44865126464478167,0.31547173232224135,1.029645453916971,1.3809007184453197,0.09111723917695302,1.3144297148101403,0.12983113398456075,0.0791226738388944,0.4204768613780417
5624,0.9316005445250994,0.4077727700377467,0.6947611598793978,0.6798270112764618,0.6253433716508522,2.8365134836207666,0.167607939540537,0.1008190824570989,0.47851256667135506
5625,0.8733272031247319,0.7203011477093942,0.4947057301286702,0.3378768789975075,0.22908041724946782,1.691261736513167,0.04427061946029545,0.0422550920619245,1.2231950775251914
5626,0.22643811990071477,0.7389317366116176,0.17947090234749877,1.1874847767586638,0.5995953683126077,0.6088677597017529,0.14439307203787022,0.10390239097374562,0.9485607398964435
5627,1.0008956462640382,0.4936662800846836,0.5281032555716598,0.40818252614454376,0.23280973957487955,0.6922566125259408,0.07824499905102301,0.06548243135178132,1.8818049102745154
5628,1.0900781558274222,0.2544714670680586,0.2655078521776205,1.0186144701912303,0.4223948108080322,1.0141923484480175,0.22059649344897742,0.11833273540712357,0.31612585053804587
5629,0.28724021255154314,1.243905002685408,0.5223812511974018,0.579320214499016,0.22660513500843293,1.9871374330039688,0.1876841904756838,0.13651475381266498,2.2275605124929703
5630,0.31619366416340394,0.6709036208600309,0.34658897783878645,1.3572808220175796,0.2173340488550503,2.414617955290544,0.16523460329560574,0.0644455749650187,0.2389864859752483
5631,1.2850496580769915,0.008493575737823222,0.007692654781263797,0.8603917557362791,0.5900696376760297,2.208527071987602,0.008952880964488485,0.18040490390318958,0.3750048983180215
5632,0.9112129165228322,0.2911858129229037,0.42745819464987966,1.4353371862158788,0.6538101566560515,1.3468939034418395,0.10855576161250066,0.07867526556183128,2.1192549608067006
5633,0.5804193925748203,1.3508829689764261,0.2731593552800561,1.0941190156929026,0.8700766604045869,1.3795789369203646,0.21654058158289777,0.09942618927193622,0.5277670304193924
5634,1.53502627534938,0.6449350261252745,0.320376394111942,2.046603949692159,0.6406535826157427,0.9406379714901639,0.0784350543062794,0.11862804671340714,0.5210686996912615
5635,0.32714850918223304,0.030236644336179785,0.2675830012384828,0.6743185839359107,0.6373460855442528,1.5303847666706873,0.27887562979379527,0.0778656170180071,2.108388822435187
5636,0.554139503492511,0.8415604448461816,0.2839941223551048,1.2883164181375237,0.4124685081964115,2.3325407156339564,0.16314611337642815,0.07846986635692625,1.383128522145691
5637,0.6231195434760304,0.7775140342825226,0.34104589495665344,1.036590296685008,0.4888383067732852,0.9853291728526292,0.09002560494874828,0.09881924978750295,0.4680887057768095
5638,0.5213873269209646,0.20844119373797013,0.4186985777467947,1.4872418565153231,0.7114387844449424,2.3504316281751754,0.15196715486960252,0.09427000057857583,0.8355808476622603
5639,1.797099352726323,0.7575485162999793,0.4245098087816264,2.066985603024194,0.41270579995986284,1.1007548802108165,0.058380251131430756,0.12412578390271553,1.4505322315069042
5640,0.31771827757632265,0.20009446392533822,0.1875767744426868,0.6889378928113195,0.3802282339306092,1.5526906298718766,0.11574987677830467,0.0863581785537919,0.720365698984453
5641,0.4395304484109658,0.10336558718859956,0.2831049326404391,0.521568606498187,0.33091734212002966,2.4764648071838256,0.14807613352962307,0.1707138245301748,1.6612474961569919
5642,0.8006652970531001,0.33792006610893716,0.012272909229725015,1.1319641724859892,0.7879724986167345,1.3455463920626376,0.20390311381707443,0.07866208996585047,1.588290622075699
5643,0.06480779687227836,0.3610077841742865,0.7062650898636947,0.6575319740624034,0.4759948422739347,1.0738575221718736,0.05781707134730537,0.11107553056534313,1.3071960630906836
5644,0.165862037657101,0.7888409311199397,0.7253913313462719,1.1944228355164053,0.6484757304408839,1.5663499681091393,0.13335229108908342,0.10311438510038036,0.6517097803761042
5645,0.2560556159730435,0.37907154658973924,0.07312243735106971,0.8002997223578318,0.8542329949933138,1.9610692305919848,0.09042667243169011,0.08015491006390463,0.6319952468709905
5646,0.44686554201370143,0.012216683166822728,0.08286020047660242,1.3007073448989896,0.8396448493953726,0.912890790781769,0.10684415743365609,0.10479213848680959,0.3725219125457693
5647,1.4393954963288675,0.2209411560280235,0.03787745079951699,0.7693826695776727,0.686427477657476,2.307803416051893,0.10162483413113316,0.1775682830231758,0.02766611139841224
5648,1.2354096619419375,0.46640274390243813,0.5933798735695851,2.4264059385635286,0.682552611624602,2.588157451463766,0.05728210374482195,0.12453922231028303,1.1563342583905938
5649,1.1660152210595032,0.23778218236826648,0.43101709063438315,2.2593826891117548,0.38809284846250086,0.515262060817615,0.22237070213173254,0.1250188821373494,0.6336025667706591
5650,0.46519273921634885,1.1670869519436236,0.2068552694140064,0.8249697954916289,0.6413592073394967,2.993728253950672,0.13480098826754788,0.07133473848640182,0.9737467879884267
5651,0.4111427165987889,0.3726212087800656,0.051530621279690325,1.3856362953772916,0.5764255360757881,0.9839080473192836,0.07888680845031851,0.054892587643726135,1.822173987601933
5652,1.7419835262866599,0.6221060299734937,0.45252705868468246,2.7593673470182036,0.540836342669865,2.0623846205838667,0.1326994928775401,0.1108769794444368,0.8673429912837087
5653,0.4171127382688218,0.15545830044210332,0.8100168470979451,1.713780533705606,0.17258030707527383,0.2933801792924018,0.22816912058949015,0.06919025247162865,1.0633440343638247
5654,0.32020385059872586,0.4514206677003019,0.4169024322625743,0.4436177200036411,0.5059490171369474,1.8987149705690636,0.22154892004162113,0.09253731081199562,0.3722412667578592
5655,1.079857265675153,0.5444614720808304,0.26918675467168945,1.592613066740918,0.7692783305779496,2.1789571208575724,0.11618117918430866,0.0420697125955911,1.965403166259782
5656,0.04673514237212517,0.17285063026433792,0.3241590972641485,2.2571180223851837,0.5200731902957324,2.3938251924922045,0.2657870722045147,0.10588200942173132,1.37840506293065
5657,0.3594010399910861,0.23607707120184623,0.617085085387987,0.7155190230205991,0.46331449766031374,1.4185222834584976,0.13649782172232852,0.08314662762399691,1.2926537375404454
5658,1.1415685607094639,0.19131178999267862,0.07771210215431029,1.8905966559610645,0.5618878535540328,1.850462559088264,0.1689437283303123,0.050251662697326754,0.48656765179063166
5659,1.2505404816272239,0.23047436742855823,0.009481096088351348,1.1117449816529357,0.11076247412577245,2.736917443814292,0.06921436109536111,0.03735214836257641,2.121617196368737
5660,0.6888648831136631,1.2476623428270692,0.637637676139287,0.6715196059829761,0.7487622249017235,0.2438549331685329,0.13981468316512494,0.03279094886606951,2.115918702579448
5661,0.569241932080027,0.8279838110425219,0.4197467039975372,1.1177915853154485,0.5431603018133313,0.9224447647823043,0.055955212912840085,0.06424893627894804,1.5757282192399176
5662,0.7149793098715818,0.6321526841347227,0.43356685675823625,0.853149182981077,0.6812360553178073,1.0320050398917742,0.15438746206733484,0.0736946285867487,0.3934686248050304
5663,2.194070872299555,1.0440320725037298,0.07775745185244803,1.4616202981407507,0.5111953887133724,2.5760192688772916,0.20081481031640458,0.08455451201284032,0.42859833772955774
5664,0.055561741495409434,0.6843361254801796,0.2577771997562352,1.0305460008535587,0.2942254943156735,1.3172313875288602,0.18652212302918142,0.1058850406523098,0.5605594465381214
5665,0.4935255296622834,0.23956251394927386,0.43574775688302647,1.8828147632912433,0.8886846597110971,0.26859286146399985,0.03518181782688125,0.03576746548252695,0.35170389576947614
5666,0.6283443397641262,0.08433826081502566,0.6860215186237242,1.4081031788559975,0.6428388524789466,1.5687275278604949,0.012098280951938878,0.038268868011158745,1.1009967344550546
5667,0.39975808790063677,0.586031497010932,0.21474414018443375,1.161712259357677,0.5123909514082339,0.6416104555544069,0.12242562100463336,0.0753165065081772,0.5982840294262511
5668,0.24606086945948238,0.8015915473868711,0.47603278340127764,0.6173627300187545,0.24993274214461414,2.596060859729167,0.08412137361315364,0.10463309542815681,1.1113840855853803
5669,0.37483204957322386,0.8180687563383693,0.6241799358600431,0.9508587413465519,0.25433202148803696,0.9359027812223686,0.1543133534751435,0.05289493966845753,0.7194856864139728
5670,0.8925160330098936,0.17765977927409463,0.10318619901197895,1.7435057246332804,0.5172414729274357,0.769355307321885,0.13293882626450276,0.15322997832328725,0.16041199617214608
5671,0.42153720488569957,0.5525978888191091,0.48047410940976243,0.8409672317881425,0.7243569980876857,1.6100200541168284,0.14718476274581768,0.13481472017794427,1.2624772689387889
5672,1.1356837322864002,0.6098917421292998,0.7432203307957094,1.9575982807797296,0.36562491369551287,3.941238161252727,0.10119648255717081,0.1436951606322688,0.42083224930835056
5673,0.5540286507615961,0.5142142842645049,0.6068101007849815,1.8425770549730123,0.21052147384477782,0.43421979725290183,0.11272026789012078,0.12894642995253275,0.5523951970111964
5674,0.6306135992763134,0.3198372183178672,0.09603120885434471,0.5280923669505508,0.2621124246745201,1.5766306264831675,0.04582824191490632,0.08105042520816791,1.9262475530449126
5675,0.750128190385549,0.4781519321256104,0.45475758022410784,1.9064414925117703,0.8300864555969933,3.0571198169466234,0.007434144907415632,0.16608215379717653,1.0954505150139928
5676,0.07194626942720556,1.1167650770185178,0.4535862784498449,2.373738949311879,0.24019118762719865,1.6580625322804012,0.12535430762852223,0.06517156427135797,2.5024965044364236
5677,1.1986786468488149,0.06574759198256896,0.3550308604094273,1.3755367270808865,0.20241148737591352,2.406747272209044,0.18897688253608175,0.11713105085032796,0.77870631519511
5678,0.07378694656140572,0.05777779708604114,0.21036124780115317,1.0193001209093788,0.8504592804560522,1.1970940383773725,0.06215338008439301,0.129579258336959,0.45468363637219855
5679,0.5364141317413473,0.8628835118429701,0.014319264766118112,1.0387429735265212,0.8793659878531304,1.8546408448849179,0.1429174555126867,0.09020415146301289,0.8341602052777176
5680,0.08633479938377223,0.9328932406658599,0.3057836822793468,1.4603072170487907,0.18611282498467285,2.150386726491622,0.24801372931390753,0.040781513757447055,0.9418650003237766
5681,0.7204526969998672,0.2992516240901726,0.4652393399655605,1.9551532921723718,0.0208393669874527,1.3478733344138496,0.03336882386497561,0.006889184820871294,0.5469953793841408
5682,0.6757986657892714,1.304381226590336,0.5393458504962696,1.5301289297520735,0.42306566963022435,0.3630969456368942,0.056893124175497585,0.0815855236762899,1.6018039509840858
5683,0.6569286114147497,0.06720211163440665,0.37469561452064054,0.8980223801825642,0.24205101129523088,0.018915014994071777,0.13866867364751345,0.13188103087651562,0.012082193361487081
5684,0.4385011425738533,0.12610475318099976,0.5022384253236041,1.898904582401879,0.4805841021347094,3.113686316415627,0.15607926046524578,0.11057508911746743,1.8681548202829963
5685,0.27509068143715776,0.2745941076112433,0.2479381197248658,0.7851355585539274,0.7674887206850566,2.1282467486757524,0.16736812303834492,0.09018882382517845,1.0407804074364433
5686,0.7984240466238886,1.1528736576663967,0.10032569860178336,0.4472367994931342,0.5143238864309025,2.5517305602324534,0.17159703462904724,0.05121748387735014,0.4472160373488183
5687,1.0150430448444026,0.11131158634844046,0.17256657862012792,1.204390260761482,0.2480198152760692,1.450816555341671,0.1195951321902272,0.14455208783771148,1.6631847149991326
5688,0.932717473662326,0.045324573781275135,0.8277987837155076,2.0004896020343366,0.7679746391215904,2.831321745086119,0.06062641667136406,0.09414060240348306,0.8351295214902367
5689,0.334553407918758,0.8716285680775382,0.022830198797344048,1.9922975983958584,0.8316648581490906,1.7337369693404967,0.15146238114896926,0.07950019253731151,0.9140230808690668
5690,1.343372259317832,0.24848276900375532,0.8269716221493363,0.48549311166369774,0.6628940657403732,2.3001599698722046,0.29895457460152447,0.15134326085210587,0.899796265733898
5691,0.18263324819685467,0.8111835482485417,0.6386540962425012,1.6417794186906818,0.7219509536177914,1.038439034139663,0.07277762728942952,0.15335286270694085,1.005889821993881
5692,0.37106587143810205,0.7730424917826595,0.1605045051982295,1.3753796670696572,0.14559509432328366,0.8615095757951124,0.04167039934283434,0.10065465859208085,2.1574066887341257
5693,0.22287825053123284,0.3614342593267672,0.2766778700455015,0.04798242640975059,0.41511412024519784,0.5463524144901282,0.07694038245570398,0.09845842937776586,1.911601303757118
5694,0.6775671344359946,0.7235176398606614,0.32428570043001015,1.4779112811780064,0.5461301643296035,2.9218077281511574,0.23609114276771176,0.044306094876784864,0.128782316858557
5695,0.6266644698588804,0.4492916382239627,0.5192405998058905,0.3323353593018016,0.6521615860980299,2.83910625490741,0.007743790983608695,0.18247174916732595,0.942056623274105
5696,0.6992090528025651,0.34791172992950276,0.5282767713293945,1.1228459293357658,0.5565259815624821,0.638889929372852,0.05043223366896235,0.14584266822845562,0.11589325460089905
5697,0.4206551144117686,0.6657125717089605,0.5601402425114388,0.10858075306949311,0.5954691126920801,0.860702892598982,0.16068983943548257,0.0711989911830185,1.8313232610645902
5698,0.6327632871303069,0.8885657776872355,0.4759623099446497,1.0492788595651583,0.25606952234145697,1.101342817169666,0.0640319555198604,0.11070072989119327,1.0546293192928635
5699,1.0876152240273556,0.6148631792757395,0.6624945543391427,0.9865667349971148,0.8838413884823033,2.7703948077981675,0.04167233012547426,0.01630814985248215,0.5728829183244039
5700,0.7788853489886134,0.49570334651773296,0.1299653053221205,2.5696184092965306,0.5805679597474046,3.369277111012129,0.059810105501993616,0.11482064582494812,0.8092082559111401
5701,1.0260585301556473,0.31516252248605026,0.5169159404888078,1.54670412318124,0.29552232339661416,0.012889399336712293,0.19708845121467844,0.07870984492759171,0.3276105326517469
5702,0.6605549187979491,0.3185399753466066,0.07955464210543045,1.5572008241474906,0.36939974002691023,3.009869075565823,0.1628045178615093,0.11042577522430408,0.5243663720950322
5703,0.7227262939963022,0.6080500151766574,0.7439519000632195,0.9785200041071498,1.0950801112988433,1.2725343339896318,0.022039601027489905,0.020717990961900218,2.219583416057708
5704,0.3448639534376619,0.8446739169054533,0.5540979577459563,0.43309205017210295,0.31955703258514806,3.4046313378842683,0.13896908856408907,0.12712422900506581,1.0702949276238567
5705,0.7301789380374226,0.9405427468686534,0.8267449243950302,1.4606747484091176,0.14394946945814718,1.9444235977775808,0.13809948203454928,0.0627118011685686,2.218545124403117
5706,0.05287887994873833,0.6013946253041323,0.23704329550080083,1.0202876073307248,0.3707168239859388,1.895353242891197,0.08775726971739592,0.1003501114170322,0.544296324193612
5707,1.2762055800418415,0.07330836925728318,0.6066354900605432,1.431175027002935,0.0769729503693895,2.18472239201617,0.0716335218192759,0.1380419949745126,1.5266610927944066
5708,0.7843378543997341,0.5742167857293864,0.3105762778828528,1.5315443448191584,0.38546061565186596,0.4642226279242849,0.1339581648813749,0.029110415197231954,1.3606539814997871
5709,0.35363191338873645,0.5681044627962393,0.49487880007414775,2.050950395616749,0.4653601583980269,1.2130576851101662,0.10668672489037613,0.12197209346202799,0.8804812058465856
5710,0.2568865617789369,0.008550718056684836,0.377743992123935,1.416516448669193,0.870897322109974,1.6687226234039279,0.1949558500488776,0.1197229678597607,0.7127867424684556
5711,0.5652579140872512,0.2848181266217036,0.3625675710972474,1.9429617927836031,0.505319976928316,1.7635282390082314,0.07316507239528863,0.08246785054070194,0.9407805708586401
5712,0.08467498242447158,0.39796867977064027,0.3000783675849762,0.6855654319305378,0.6556083327234568,2.290515560382266,0.15580993003012622,0.057187323296318406,0.7456980593356438
5713,1.5737804543592333,0.030608786581957204,0.5589054339434548,1.5874275632773611,0.6487186748453793,3.2493897690170996,0.08947837697203793,0.09478317309497099,1.170683461117633
5714,0.8449749854666568,0.4348025830663733,0.5223985997850678,0.39155507014256774,0.8750142268367,0.6643833475146443,0.05661342203970909,0.10529958480402898,1.3407129560099913
5715,0.9945153733985193,1.009105615924093,0.4671917819968134,0.3531390631446163,0.8174857116935271,1.4655004472275786,0.03530893432667449,0.08561852000297823,0.511227605470455
5716,0.8471745039853216,0.5730523957119289,0.669640210879068,1.1414048760806215,0.3598831065734198,1.1883820542319918,0.1291565343886458,0.11643013756285611,0.4388188977682787
5717,0.08653412093886378,0.9792209991103282,0.12663741170561973,0.6429407419310923,0.41807583061374065,1.7818957032216933,0.0680586827741802,0.03650261805729605,0.9485466102707139
5718,0.7097534871278182,0.0025350270589187263,0.19847370800404895,1.2135291739514256,0.8404921566692477,2.715863818349801,0.15166627080312078,0.07269687726742106,0.1863643927593268
5719,0.6652190664070033,0.03576138124115047,0.38955451344863684,2.382166303122675,0.21640159648794788,2.3185460254896584,0.1461755299729247,0.08351298360797013,1.4008173280825744
5720,1.230152867384154,1.2520039000487213,0.34437491707938134,1.0417327705787522,0.7811156925730196,2.0290235438314226,0.1295019585626563,0.09253978629826999,2.1069777005548866
5721,0.7027300515712944,0.09883361576789912,0.12166241528407323,0.9696840254888999,0.4586516588381264,1.267911175027749,0.014521811217447833,0.08692132671527919,1.9047345176172075
5722,0.2487475287091074,0.04446773234141982,0.2939127604181102,0.3396923635633722,0.9042876182279436,1.451881821604649,0.19828811696484505,0.06867879440424968,0.7931541251488875
5723,0.19757491647796377,0.6512610079083312,0.4765467746309848,1.97270710807594,0.5855406286990867,1.594288299167318,0.04071678870183701,0.17544566907080017,1.582223535893705
5724,1.3700523667488722,1.298764337392666,0.3094468806648821,1.0582174628626417,0.792475976308834,0.4764020295217297,0.14806614673441437,0.1249497534609629,1.2162971634336195
5725,0.377511293038442,1.3932909581354556,0.3152737713295146,0.6894435543399725,0.42305769360965023,2.3396203432459055,0.16368482840289086,0.11695292000121774,0.7178351502131377
5726,0.5528119431276586,0.46740382882140213,0.6056415199685572,1.2952021175802266,0.3298361671616738,1.799890422054562,0.05079123159299109,0.08115984206991085,0.9035462107379311
5727,0.16114893982797526,0.41963175806016617,0.38234835312682003,1.807392910415372,0.3103810060221491,2.007006493570329,0.163545689169574,0.11095142962649146,1.4274861769071205
5728,0.63324004619447,0.15170999145377273,1.1094061551993015,1.4083628369732142,0.4272024638728529,2.6103284996860237,0.05931264159914752,0.06843416085917983,1.6015901971405673
5729,1.14763898654509,0.3635426982401053,0.19046312571971533,1.0346567027219902,0.7691337233019206,1.6660272050911475,0.14274047927484182,0.14858835859456226,0.6133592497394178
5730,0.44612307449378114,0.8777019239018824,0.5706446536776562,2.437590281640403,0.1348050397693904,1.7660688989685542,0.19703771566163347,0.1547055999983583,0.3077652341377921
5731,0.9153290615072667,1.0579428454305253,0.45551699745906826,1.3912691884542494,0.22754993087251474,1.2995820279500734,0.11174513447981523,0.059777624724011005,0.43722193216298755
5732,0.08257085860379715,0.9167911177660377,0.5982427716468568,1.5983043420197547,0.4926388683005097,0.9515806275166622,0.043457903739243395,0.11618784067624564,1.004295444430535
5733,1.37297766947605,0.4346478153154056,0.5347852363167891,0.9408393206612174,0.48066084993055247,1.8207098245857098,0.09794516029909706,0.0576091155020548,1.6068992757565472
5734,1.7176602359091662,0.0535357520800796,0.35780316166613246,0.879771595824974,0.6949966746205316,0.8564371546295638,0.13540698311980973,0.06812459481901319,1.296602431844465
5735,2.4461174842476674,0.5962728562896452,0.5035504847337094,0.8007945639000815,0.7578228398446235,3.087986540878671,0.04520303940318386,0.050956354490474774,1.4820300270514593
5736,0.4489318617090703,0.17841801081844932,0.442995197415676,1.849676295667511,0.7182721702770996,2.100980340442619,0.11952547772518962,0.09620576454148907,0.7665883715073762
5737,0.2779303475745991,0.23454728568378666,0.7690056781212359,2.17749784770104,0.7513307129754614,2.9555951727482745,0.07570590921414344,0.13023598194737618,0.7359947007841859
5738,0.24982808364525488,0.4459291376199002,0.5595153759444088,1.3063233733401345,0.4342932950946089,3.918958470911983,0.06383864492194277,0.09422882238618724,0.7617624147213881
5739,1.1279163276559465,0.053725410440377375,0.3842682798502087,1.7382801095814808,0.37085361463060534,3.0169012016813967,0.19046652745385995,0.10491315289944252,0.6461943281778794
5740,0.05558955977416563,0.027713585765470727,0.22757198460273625,1.080891232887688,0.48878278335366476,0.6819407754708577,0.12463337298426254,0.10446881047907568,1.4825585264084533
5741,1.095615401888313,0.42309713595968557,0.8662090119372969,1.4133159982888794,0.3613585039574293,2.168065703456718,0.1434177391498822,0.08151109230506438,0.591227887570062
5742,0.08908056711492932,0.22498611724702142,0.07432343842464506,1.8915529150041348,0.6000586842763946,0.9701221441135661,0.12667835570255273,0.036920466640529254,0.29270376738290405
5743,0.9250205388232133,1.1382431098375863,0.1445859407963186,1.469202260681786,0.43961501701390393,3.4452363885047665,0.1199726068779054,0.11890245909929624,0.711269170148603
5744,0.018489351298379808,0.016690792685213895,0.05884939588259669,0.5780807844926131,0.15847028733385143,3.2596321919756077,0.07365636944108503,0.10628423477982794,1.3964475641420508
5745,0.7313502851232145,0.5072517077490944,0.45716692384489305,1.1560535031391403,0.46851890457009576,2.773668334706633,0.13219131057586947,0.11422727706866355,0.8181686678345322
5746,1.0403506867532648,0.06295241630635068,0.02516906569039834,0.40516978706125195,0.4040045494816136,1.6732257370689325,0.21556830312344039,0.12364522448326276,0.035235402136955196
5747,1.2773502521192253,0.8480974587500665,0.20823906410640644,1.1380778325127694,0.2500644606082792,3.8165677591916776,0.09115951003593484,0.12137896892328057,0.0014433141540742822
5748,0.3504023941321523,0.488703903958976,0.3047371739496551,0.9348787638614668,0.5117019675269748,1.2132216992672165,0.1662178247165233,0.0768273110647663,0.7228327285998755
5749,0.8757120617048904,0.3232503913768011,0.2928379577434774,0.5149881602274328,0.5105469934622239,1.9849794796583349,0.1453925129400036,0.16319619949345907,1.2981953170909135
5750,0.5295404245155975,0.29782340711531924,0.5686828895095329,1.2602743786335107,0.9102864604277277,2.3832737018959467,0.09442173058314311,0.10064015510283578,0.44067882528294827
5751,0.7613733558269065,0.30884509151249273,0.4628989119732081,0.7036475319088487,0.6311373985371098,0.5086982113996925,0.04790395101191598,0.09485782145591504,1.9709850012376364
5752,0.934956578053036,0.04490796034314504,0.6067703360570013,1.7143960286723483,0.8070932141877253,1.4103732500635524,0.08045778246637143,0.08734343698895694,0.9059976375112182
5753,1.0946266183302467,0.4636207504998304,0.982475008769026,1.8477274573357165,0.7184034831601396,2.4425908492191124,0.236907769728412,0.1968042622689008,1.2316837745572542
5754,0.24559769359706018,1.5693926232831177,0.7619339289855194,2.4908544341436865,0.5296184983873685,3.4239936551860723,0.1843950541880412,0.06411374878644224,0.8197123432375932
5755,0.4604554534219078,0.22104644813430452,0.755660623581647,0.5499617218686883,0.6088033090461046,1.5428321263304543,0.047958825194479214,0.08266811813862464,1.0667458267394434
5756,0.06746053269449406,0.555779125033112,0.01985446078595443,1.5555363144493888,0.4419509177564636,0.981772539398866,0.019371989582790156,0.10291657191264911,1.8975047323198257
5757,0.02445115355462768,0.04281841354712107,0.22225779673175478,1.3787060481996614,0.6962470302392052,2.063052400461846,0.08956361133131455,0.1357837993317408,0.9197615503927503
5758,0.30607291269443465,0.3824640256915706,0.35520874327949425,0.20612910463686984,0.15826935489225086,2.1238428024517426,0.028463132544854622,0.10222239530714533,0.9552341927620611
5759,0.545320847470588,0.28199962893305897,0.7265820229578898,0.8053159475391712,0.2927174206094069,2.077535565556139,0.26206042449115285,0.1430128563613142,1.1992601146962316
5760,0.06573875307191515,0.2268077917181492,0.6091506514499714,0.5592866992626554,0.39224985017224034,1.1916401493675837,0.11674194752629842,0.03981795627458319,1.1890336735801024
5761,0.14477923010106938,1.0853389997117209,0.462177498613926,2.0111056769463977,1.000148813497287,1.1274307371807546,0.0832794739253807,0.07008438008798162,1.9243231355053603
5762,0.31837175307839405,0.31033575577569494,0.4429675947965295,1.4679616666937476,0.3502564493081719,1.3611674907624396,0.053285284141805264,0.09970615962796013,0.18178679865687297
5763,0.5489698156199484,0.48357782208317346,0.23003217423267996,1.1235404866242376,0.34474950599476484,3.209381516479721,0.07270352113258408,0.058700900109457006,1.5662928385330055
5764,0.2256925692847615,0.5407567126866859,0.6459194739105987,1.2329224554817837,0.3671416597625273,3.2047463560192377,0.040233540234586876,0.07861903847673962,1.0512004161085478
5765,0.10410481902948407,0.5647804497879431,0.5024077539359496,1.309872467282534,0.3491049570950937,1.9522839834113,0.04941876267665348,0.12109805769094298,1.2783207022163363
5766,0.03675618871157191,0.646678675640737,0.25784739547998126,1.1661210399666042,0.4910379187853826,0.41059645488328944,0.1358128949152985,0.09347303304481945,0.15393776962722738
5767,1.452270036877815,0.9191082272250415,0.22629582003687776,1.46509920727027,0.3976193397558907,3.326066586293189,0.2180063134541748,0.07192709368083397,0.009251228788080934
5768,0.6192749938988644,0.028269144210010477,0.31865258242735445,0.7402084282091335,0.49864937532704573,2.5730510597296363,0.06426441137477956,0.12805437344386172,0.8345635447610981
5769,1.077495878998535,0.3378589840819582,0.45883907084373476,1.850844928976087,0.2757247065530045,1.5631530169355974,0.19374241944751314,0.06623514543663835,1.1021049386145698
5770,0.1730399693106716,0.5145176088697793,0.0277102148527108,1.2522124496603426,0.6393771943839379,2.3430553545441706,0.008546825232970456,0.09227173984293549,1.5456411981290317
5771,0.4316960244564933,0.2165304899194035,0.30112225015772587,0.0499539980933299,0.564255386147793,1.980258193180299,0.20270212582844455,0.043448389055125526,0.08136198290920094
5772,0.07780824312843801,0.2366605572247263,0.3760438764909104,1.0051828816072474,0.44497542844324234,2.094182414791934,0.1527312688657489,0.13158485784937007,2.424265048144407
5773,0.1275352477171829,0.08011742596129612,0.3909150492628029,0.5156670357572593,0.500872208617626,3.021640249569987,0.07268001465232517,0.1256659809957624,1.9930074107109468
5774,0.18094879610115233,0.09205914341323268,0.04902317103245546,2.1519079608972924,0.5657296685454366,2.0087302490960024,0.05883550066696915,0.11926441312040303,1.2142460102585793
5775,0.6705739299235081,0.38263561647945415,0.6889713088451257,0.7845275141368447,0.5120061407802987,1.863660127692274,0.07187598453133656,0.1170104768971913,1.4192469859352657
5776,0.4587088192711382,0.2916934237367506,0.047757704170044435,2.1190831020665684,0.21326893566369598,0.8015523981638822,0.0858696090205763,0.13746281850794612,0.8823846969191549
5777,0.48441013293251034,0.5440752636713019,0.44982641019380554,2.2055412557246212,0.48722267895577126,0.9934165154169022,0.1574674676840311,0.10711573311073092,0.05074314157530124
5778,0.0845580161900869,0.04904525686801364,0.476029453915221,1.3564505139510046,0.3426212257015736,1.7617665515029937,0.266076777173105,0.13421813773358704,0.3263515548190684
5779,0.14442154800159973,1.0904120104368535,0.5004531125591772,1.748843295473864,0.5473598153226129,1.7352699621900014,0.21361656836532905,0.12721995532148492,0.5195018970715057
5780,1.937827137462697,1.4966527433246735,0.602785979414864,1.5077090679168346,0.5610980729892416,0.7687035782337982,0.12579914299410241,0.08762880688515988,1.3252866098868725
5781,0.3851336487779705,0.0938378204774471,0.35558867342157907,0.3243291135238501,0.38029888568362624,1.2534714046462545,0.08942141019395054,0.128288276601491,0.7119825814160802
5782,0.7532566359342612,1.9561022046839152,0.2899848177258189,0.9983229535833081,0.3559158520104678,1.3701116142873575,0.026069964973463783,0.06305834654801153,1.809252324823615
5783,0.27426049115275924,0.9074414916983253,0.27471256612051964,2.6162089460407794,0.33779991016010064,0.696717688044805,0.03199544340405315,0.0702309271631325,2.293675937462065
5784,0.14946605083738226,0.23972685275447736,0.159865575273849,0.36447414626100505,0.8656354111370175,1.6071467948303761,0.06082142773557074,0.12933961395871157,1.2855186763104123
5785,0.5048339131914594,0.9522573167059634,0.23831725466988102,1.9621910827941424,0.8593004881412866,1.4345731967959598,0.20409273268679728,0.03401923882353617,1.0120712539356755
5786,0.19544493217833617,0.274196044374373,0.42424449151475463,0.7326419981331912,0.18962269954123512,2.1222144081286816,0.09834716784095783,0.10457032949971391,2.0481241123381655
5787,0.07168645834685963,0.606359251456522,0.44160684914390824,1.0204463482618504,0.27672661615795985,1.9915799396352831,0.09083465413049366,0.08397457818023664,1.6935608169870855
5788,0.025055254257250248,0.523494191410429,0.6658256871361482,0.8968958308991037,0.746611897368135,2.27886344965689,0.042170289308135545,0.02143887649789368,1.1596780281605137
5789,0.7680001776277621,0.8250250639179003,0.693999085172851,1.2640416855009453,0.870770050150893,2.931854535295517,0.06511653163949191,0.13412407249963237,0.9449633451406407
5790,1.8836128373900716,0.3991090808046235,1.031037016748765,1.0982336045000078,0.8867988350569722,2.0081281845828736,0.18123332178078613,0.09063236305226596,1.7136589162053406
5791,0.2826324135352682,0.9405661157766181,0.3315572054539435,0.30384870043170664,0.36711527729503984,3.756596234476808,0.06319399453106703,0.15231908793814772,1.7816836020825595
5792,0.9157305918760186,0.5604003541607292,0.2835805491978576,0.32588633425945823,0.6924278034985978,1.4168288020867406,0.154472553829578,0.1363662141264545,0.8567413793411709
5793,0.06936343389470245,0.1681956149345085,0.52089169053637,0.9246722233793531,0.5319012958487108,4.08908738896336,0.14150231500161786,0.07142113734284346,1.3812500085432233
5794,0.5813785228616632,0.5765814850057434,0.24360752215068804,0.7604069163558583,0.47111172036838866,3.2370094808681653,0.15760373149394524,0.1320546276140028,0.7046763351781837
5795,0.36923249811002484,0.545062845971695,0.744358175955079,0.746872623128494,0.4320287163778059,3.134141852462984,0.2347000185233633,0.11712497610493691,0.5157378728537845
5796,1.8915278794173778,0.11236855657371067,0.1787424204729409,0.01754573933236614,0.3953596284474453,0.7967415760875133,0.15263291695395625,0.03284750625904347,1.660762544618085
5797,0.3539189815273066,0.24271681546522395,0.483817005203111,1.7503976336547236,0.39977552765702157,0.9753952211677184,0.06402245986755542,0.05655825086068008,0.5140406084522418
5798,1.0841129552989779,0.28932090236290764,0.023677251373126984,0.001261717849388444,0.7232123175747042,0.6207096006228059,0.07794395753308464,0.14549169654197824,0.6969929422793483
5799,0.042074053598486094,0.1652130324395037,0.1682356774357507,0.6863121727536231,0.46731317128030525,0.5246072230631382,0.11378595867745367,0.13239137142347912,1.3425101744366887
5800,0.7655602275596263,0.2482063077145454,0.16217174940905732,0.9296894991048262,0.7617606413674789,1.3301979639672414,0.09159146272602425,0.15782562085286161,0.5944946994191165
5801,1.9938107955342341,0.24739986370528327,0.19576517857452422,1.3565174984744697,0.7666576254675785,1.3162161998411324,0.15356801431563383,0.08334504946891017,0.41328205787125855
5802,1.0663646561089768,0.021675765543589243,0.30532034321751833,0.1603232974750327,0.704981244096932,0.08909613792466531,0.14804836226392323,0.03617947094442927,1.653200884031822
5803,0.7029752253439462,0.3068653484623313,0.14717360208631625,0.14998660188829083,0.8166450824087205,1.3501206115146387,0.10585261281429106,0.10211357946934162,0.4417391698079793
5804,0.2966708797658716,0.5576644229762461,0.16926223687066744,1.1598803285736556,0.6621194406078067,1.4259717014069577,0.11575301796403303,0.12450426773750406,1.4004326543481742
5805,0.21777717830806761,1.0182824271432602,0.19260017859765488,1.4321417923467599,0.7610287483742715,2.9881555031832723,0.16826344815294653,0.04917366104243825,1.449289911856372
5806,1.6598694887840266,0.46689428493613955,0.06653107448794665,1.6024780323987895,0.5562425912829748,0.12121674232956403,0.20421143991114402,0.015580737339353362,1.4665188220565035
5807,0.3500899925632645,0.23207442106954237,0.6659847174665339,2.2537715534556426,0.8146804204299682,0.7006202826736704,0.14818156849067327,0.07607625106150191,0.22743728451702105
5808,0.8419451111023584,0.4119785128824152,0.5679689149884845,1.7906460964065132,0.2988846145769998,2.3251117037671554,0.06459874785795722,0.11553013110013777,0.14986134899996417
5809,0.6449434528988967,1.095922960476793,0.5163672753499513,0.4983494245910639,0.5718556113205455,2.356215461132099,0.17040096822819656,0.11001944049238474,1.1104963084697839
5810,0.8746773320231196,0.44423808376978247,0.41504712937642363,1.5225022582306986,0.37068830090070365,1.7108178548652186,0.21353905930765793,0.07440372971376952,1.1369562411520693
5811,0.11798969213567045,0.6016675761097343,0.38910094331932227,1.7545850605112163,0.7444156233717885,0.9629543632650193,0.044767963876857,0.14159593104889365,0.43699175694008946
5812,0.36194925252328813,0.4470365932394191,0.2408553836160636,0.5725901947692902,0.6724531718593247,2.7927119991562446,0.08415033978120026,0.06426965676754212,0.7961349122976071
5813,0.07719487322232915,0.37966584894708044,0.2517808765916317,1.3911110940953213,0.5228754388517883,3.7788173083302894,0.13202946008841693,0.08285263948940193,1.7819998242695863
5814,1.0111124681113317,0.31450423044495823,0.04546413450179576,0.632917205373865,0.6384480220877999,1.7251221249894517,0.059421637392751074,0.10666084650607606,0.7361149697126121
5815,1.2082846497474375,0.06413240938543074,0.24739068989869273,0.9639754865444831,0.22364773490568413,1.735014975209266,0.02468651929852622,0.13828240745139575,2.1324773506284513
5816,0.5798240647205325,0.9995179619238448,0.47237992649887356,1.7839315988756677,0.9157341096579774,0.8372423344216989,0.11814505332638807,0.09857288498662478,1.9792536603739772
5817,0.10980495475926214,0.8522729550635102,0.21188987069886855,1.3995038258531283,0.25564338720983054,3.206476477528072,0.0917641699384806,0.06735634215381589,1.2872050470523861
5818,0.9521819086407275,0.4167950380511408,0.025495393806406585,1.2557055964169872,0.5715228104705916,2.50777422882869,0.057684092169773896,0.060731206996838295,0.5742606135661104
5819,0.5189863991683586,0.5276212022245574,0.6658337035484256,1.8782989794380993,0.40935787633751475,1.6319667181213822,0.10716651597866504,0.13732054136386918,1.0865703315824438
5820,0.046371155970323874,0.4764965766823586,0.40950214662186823,0.3150859898040852,0.6212905290036027,1.0981182748143468,0.0005601574265650527,0.12923678337085207,0.5244266807230886
5821,0.1294308610190999,0.4562203116930814,0.005189566151100167,2.1554146096773685,0.9125543286298157,2.238158235496217,0.12907784001933534,0.11244677793470434,0.8224778554239632
5822,1.0408079445402452,0.6813509259534813,0.6543235144655366,1.4543877384395938,0.11893383866674956,1.2453041728637064,0.0421119552062825,0.089627850912207,0.0493159237052232
5823,0.3803522918994888,0.7348014899734423,0.17580775378685926,1.4826883911609077,0.49903034923688366,1.4917979092363778,0.05384626300198954,0.0937840020321177,0.4437330756157952
5824,0.5403978764443305,0.7839573561684514,0.03410212862786621,0.5740057203589009,0.39500003180545373,2.04835089827089,0.2673147399448247,0.13984989397223158,0.2383883510146586
5825,0.16387575719214545,0.6621462443429642,0.1542923103689323,0.388680932508507,0.7157565278151167,1.49624184384061,0.012921568244356849,0.06562006481725166,1.5410071580074294
5826,1.6958054224534598,0.4361449474760665,0.13268252256717955,1.1371172037735076,0.48793859901574843,0.7797765807315075,0.1042990037545816,0.09023675188844621,1.3633983537844112
5827,0.6059446689225869,0.3769828368684027,0.38559338009405214,1.1489682318119907,0.3972835430727976,0.8610612181857042,0.09692767148864952,0.0616623414154556,0.581554879936051
5828,0.08723440413250227,0.799610510817887,0.3569614233751455,1.2197488493218498,0.4842265242943295,1.8085847304297544,0.08126365620674512,0.063517621556101,0.004559508369172627
5829,0.37196852944887143,0.5241648473017216,0.8416536685645689,1.4029543383880407,0.2550115059251813,4.082440972036974,0.19671085232845098,0.03562854382315905,0.30016711796926576
5830,0.45282093145080615,0.2519205938214633,0.3575950619019535,0.5615384279531754,0.22269275745589723,1.9557857078811627,0.1023149479765716,0.10003982920925326,0.6376744416741825
5831,1.066172349591255,0.5502264678168849,0.3247371192016224,2.2870490123244265,0.2992665562580428,2.258104474529063,0.1370978542411116,0.07650336678806048,0.7064773088402194
5832,0.6606931594265469,0.13462234721735036,0.5985696582065795,1.9751439010837388,0.5633782865035588,1.7509693400174635,0.28997171244800196,0.005896621740033484,1.5389093075891473
5833,0.6425272620470774,0.9282012674623372,0.20355936704689162,1.1889823524999943,0.21176128659578752,1.6286493593047089,0.19158328024670435,0.09977894585467435,0.9608565855275599
5834,1.5102914049764993,0.10218327811850972,0.23813635555052037,1.0415921235195311,0.40127695599107643,1.362558268716249,0.015005463431587429,0.09782544427236362,0.6829172149120412
5835,0.6684407329679853,0.1488320804145972,0.4371714089627495,0.1442289008422164,0.49230315669470215,3.5475096686972036,0.09236720402823825,0.09428484610657052,0.9352940662794116
5836,0.4971224913903297,0.4983231293015793,0.40713295595755683,0.685531600977684,0.38835715333999477,0.5095940852549583,0.2238809299544381,0.1365795102506202,1.904052819850201
5837,0.4616912514008231,0.07568650244615083,0.00870489934100177,0.12623796003263665,0.7882055076198926,2.302326651736509,0.02572456096097145,0.06915311619165479,1.5167581201321552
5838,0.5403389592251371,0.2310863076975484,0.3418615339779493,0.8151749078000444,0.5537366420550194,3.018910243210117,0.11050434113408014,0.0993703856486,0.2934426530204538
5839,0.7540700359780492,0.6539820687008245,0.3358421365248461,1.6749669632813151,0.7352314338193231,3.1172693964270444,0.10929397503845625,0.0562756185379818,1.2186310747495595
5840,1.38647276126382,0.07812946747949856,0.30555121397199847,1.719239235550737,0.6558038690737582,3.244192154794967,0.08244337351715073,0.09928064338893407,1.2383114491872969
5841,0.1565700012993282,0.5296224866021176,0.5552898606337836,2.3482990141969884,0.5355651835268825,0.6775728073309917,0.10846709108840766,0.09405251710105449,0.08991057295435922
5842,1.0944420853344168,0.3727720272046396,0.5044163425370815,1.632188906066161,0.7548595569789562,1.1961460385900602,0.04484172004858489,0.08087683274409255,2.6270479197785486
5843,1.3256153434820128,0.7947970360920211,0.7646187347001869,0.30394596920023476,0.5494752847830144,1.6775174306944298,0.0631070766211562,0.07696442954442537,2.918520751701337
5844,0.5595747181610271,0.12756773673090496,0.25090665284608615,1.734394618022868,0.41734025790519613,2.361759300185449,0.2703364543698404,0.0710389535967885,0.407978694740233
5845,1.7185370079034996,0.329178722083434,0.6417054285662638,1.7054558441550443,0.7031437913408878,3.5402153342231375,0.2367025060076121,0.06240167931001704,0.6437765154349696
5846,1.2400435694928829,0.3785971717003707,0.29072607575081266,1.516971646379588,0.6034744049849112,1.4426053199647302,0.22810004102857478,0.11085400845710225,0.11739314015616886
5847,0.36981474674767534,0.2872213533621799,0.13758059092881275,0.6906958016737339,0.4759018367074059,3.8974148973424088,0.17300161738028827,0.02347008699227493,0.47985955989292095
5848,0.44005578010377955,0.015602865364977125,0.2693746057054068,1.2514186157592992,0.4143531305659882,2.534250125127807,0.18883902479602693,0.0676277104219623,1.0890154135194638
5849,0.1459136687536898,0.7681971427089247,0.4973044274415106,1.0768552085974619,0.8908106591292673,0.30046220166889803,0.19674548360262017,0.12569277013004373,1.0217190819279447
5850,0.23979735020186896,0.541025582141637,0.4159882799761675,0.10195218840981657,0.7001212821209786,0.8407859299641901,0.16171871076931382,0.09513425772528811,1.284066299089981
5851,0.21823163045250185,0.004483792367218076,0.20945020401451048,1.303346679614918,0.7964359542118032,1.0836836798265885,0.17286991441215746,0.08022352293571457,0.5710520410884021
5852,1.9730030207284264,0.9079214479473194,0.42089591304511975,0.6247737145246686,0.624030218022975,1.514044390939316,0.049541066205854786,0.04920545464363141,3.0678478990170053
5853,0.8546157918904844,0.7854465315481483,0.7813249062271219,0.9340261742530578,0.4241466322558455,1.9163658445459308,0.16200476349682552,0.11993103392156819,0.3676174695461004
5854,0.8169763991917958,0.052958997415728515,0.5992952503325472,0.7796720901002925,0.5087079748645734,2.5764773694630296,0.18620729352130116,0.1371659644529398,1.6468045570786778
5855,0.8482291729031395,0.545747225039273,0.018849908915330338,0.8554066499640345,0.4348618003355363,1.150256630744475,0.04972262506366151,0.10634460793591763,1.6726849460439857
5856,0.6276016196182019,0.04194132925488936,0.42016185312583354,1.36858047992676,0.020726807587226947,0.5145021541578314,0.14946540483521925,0.07441266370976075,0.6293430566930986
5857,0.09704468129126836,1.0103186605339562,0.31006033000678085,1.7429589219034787,0.3668915875967009,1.1506506164223085,0.21293906338802704,0.13261481653731416,1.2543036132476475
5858,0.9691652616172874,0.03281022249653415,0.17201742278790721,0.4233233494516764,0.6781798445058775,2.1773411993157614,0.023151677388454778,0.07716413336096106,0.7956886934230778
5859,0.10109318228324965,0.16396310414564066,0.28799068850416254,0.4878971343964276,0.22770668193441435,2.4352238389229353,0.24051680114888702,0.0980852969437808,1.2574491799116667
5860,0.7985208200371188,0.3313619313846468,0.5520323174808095,1.176311114676515,0.583585911319213,1.7514948209130314,0.14988115392465082,0.12064913959342904,0.8924532548479938
5861,0.5487855714053997,0.14097699882054035,0.051476304495703396,0.5793738073303465,0.5680142812700909,1.7065039108253905,0.1311310917890774,0.036949852286926856,1.2800712321353975
5862,0.4548173918518542,0.6467648428377526,0.6919498689590717,0.8513983135908856,0.38834778962417016,3.8403991012805623,0.26260050908005816,0.08862502593894933,0.04929661064570767
5863,1.3962227791880673,0.20357023564623247,0.40082619518674295,1.6294985419561865,0.7671517357564737,3.0666807206461346,0.10903808350185643,0.05299624925467898,1.3229839267601398
5864,0.7554210379368282,0.7726443562854399,0.6569356591820804,1.3249030537252153,0.5586748781794096,2.3098357566850662,0.16733725630969265,0.07231033636664273,0.9400519434948297
5865,0.558866209896847,0.5547463388265516,1.032203925887642,2.53803386048781,0.8703552162094412,3.092802602129611,0.18731952343856229,0.032792176464758946,0.8319507815607406
5866,0.5568117958494017,0.633460614543502,0.34993711486784324,1.3830593156937285,0.0965904451644144,1.9381514750790805,0.009760093507237638,0.021099397490331656,1.5285768381245988
5867,1.4346391103271379,0.34767408054049953,0.49058498966281194,1.8813771548004374,0.8982540371680852,1.980454090773637,0.12287603922079406,0.09867140994882825,1.4319942994825814
5868,0.4744023061762678,0.24525292345452326,0.06823495097344745,1.6300010866162244,0.5336383175346143,2.0520507987560883,0.1128427695395114,0.12623742319702877,1.3225304040418748
5869,0.5738436776646163,0.018453293411293703,0.023355560438258927,1.5038262103862028,0.3431052174850083,3.7323676240773134,0.1740571136355817,0.15927580570619576,0.47929727992728965
5870,0.29219749630282704,0.14418131361387138,0.062363737511586914,1.3485689015304958,0.5598459997041267,2.163215055712672,0.11705597043358235,0.08432847284370174,1.2052076484758425
5871,0.18483277271775067,0.529450298174894,0.2456667856449207,0.08349358917982519,0.3031643947179613,2.008903087514415,0.10657385360049491,0.031989402850087736,0.6150237470043827
5872,0.4396803637076574,0.19617824957272118,0.0947176259491194,0.9469536703356783,0.6687213801941726,1.9698185917130362,0.19959411034815205,0.1102129207242323,0.47350005685059277
5873,1.2059850181412357,0.3439270617867808,0.3480168520230766,1.2387403063724234,0.5196226384906854,3.4626511198597782,0.06730186227100839,0.10817915081568355,1.5177063871188117
5874,1.332056498775592,0.27602676377486085,0.3013380938957536,0.8090667552276842,0.7808582814690139,4.85950749556587,0.036475509276097065,0.12529623915230806,0.05575922340804229
5875,0.694150562982426,0.28376569074132396,0.8395904471136066,1.1251928867908123,0.6389489226735129,2.492449160398448,0.12279247766541904,0.15160372652514942,0.4828506551031
5876,0.07983160058332817,0.48827700523309286,0.15202984215519053,0.9378688725960967,0.37235020469172087,0.7939858364899336,0.055566367724323884,0.06397295393479724,1.169128529056156
5877,1.3882819366097756,0.8459340357987792,0.2337523972958295,0.4675247110891374,0.37103084344979786,1.0714041179268583,0.04017568348445326,0.12570697483908833,0.9031151778887099
5878,0.17678179813773942,0.23679723105340367,1.1095364610863685,0.8024353027140853,0.2797035556139096,2.420241525607677,0.15946299837335737,0.07888192513295421,1.5584139178277299
5879,0.06374988958206726,0.7711907611644455,0.004144050406349742,0.9774633246636917,0.5653630029268697,0.6642598072823738,0.1306205701612156,0.08881022929078113,0.844334532426418
5880,0.5780357399726652,0.6958549037487806,0.16042440289931037,1.3396741477467966,0.3778248910578499,1.9106369396284062,0.09635746872142952,0.08279508493574125,0.45408990638886254
5881,0.6285651150544811,0.37609399329706206,0.21315315216564928,0.7358084356365585,0.5179890185702475,1.6411196974788893,0.16617609141479595,0.10159169468152313,0.9660122388447034
5882,0.38708836345047537,0.5345540591292536,0.11491984545491485,1.1881968135154708,0.5145207339707376,1.4519816350894095,0.002625948984299048,0.1375397933433914,1.242581189447852
5883,0.13668061153848157,0.22089452807139984,0.7740407273061972,1.156746452424559,0.40110260341662685,2.9732321680146487,0.16940415975894796,0.058025401512185305,0.38261033601931393
5884,0.24990713995271777,0.621058504409637,0.061845558222246966,0.6005340744639205,0.4591830207774221,2.8042639048785536,0.07122791135012677,0.12040059762068009,1.7642789526817735
5885,0.3548106292173872,0.11471499809950803,0.24885704401723727,1.9070302684397398,0.6890420674314611,1.3951420559088688,0.056446073333772405,0.0681628705050098,1.3393927654936773
5886,0.9901413266359955,0.3293893706808338,0.07719450828062063,2.2633216140747194,0.4215455457482886,2.102617547673708,0.10744894095657859,0.012807512365933138,1.1603531640782534
5887,1.8806246251193623,1.4276441380033744,0.5836815441168914,1.3916779401341997,0.32370032502769674,1.9408919319135811,0.005843987698012837,0.0658794352695028,0.11536056886182944
5888,1.649545489150554,0.5671223966180946,0.30406644332883953,1.0493045702426473,0.4184190649999757,2.031780177429955,0.09993345125962924,0.10297775600291563,1.3743180952372933
5889,0.46016582142951923,0.5247784673482803,0.5087273048605446,1.3631338740384509,0.4132161931428036,2.2813681281556906,0.190604868415543,0.09126415515301682,0.44819075776712697
5890,0.5934442587685579,0.4645838448100519,0.5313287833328842,0.9196847015317278,0.2625842824990727,2.617026037420101,0.09593814899432662,0.09868093178183905,0.9229336716286209
5891,0.7376489735748801,1.0504819567932702,0.30597399613131393,1.688097298509522,0.6421939616980542,0.13138655548145728,0.14526145080603675,0.027889619781325106,1.2848115488198952
5892,1.3156471258751368,0.5474481859317658,0.6711626034180989,0.8617468902267802,0.7082139588236993,1.3521002965214053,0.1340410359751102,0.09838105830677156,1.0051623616124774
5893,0.6272238207074486,0.926547851831695,0.09259217382462478,0.516613476031509,0.6666135827220807,0.9552952644567857,0.11767802641752463,0.15787129848590215,1.9144277026652516
5894,0.43679181891047025,0.3531031657252897,0.025792859531656553,0.5710100591484708,0.6787873280032367,1.4576951119757424,0.17791189546419267,0.06606876767202219,0.8119077681233176
5895,1.233097992886334,0.3852363730994536,0.4218023307682923,0.40004457455721854,0.43612722639819507,3.2071068824155766,0.03436975651082509,0.09893772524834393,3.255713085286864
5896,1.0170434289490013,0.10643527415604917,0.14168627631439865,1.6625798758598656,0.6399031045942851,1.1056820151674074,0.06892526316452811,0.11219315629881545,0.27571051045413664
5897,1.3088344745924314,0.35911772124629326,0.09081816513363275,2.0989997427717926,0.557480543365168,2.251350916417495,0.13023010616456301,0.0786192743679767,0.5795612751911848
5898,0.45091877211640674,0.19822656986905504,0.4574662489216369,0.7094567231283144,0.3169059571000798,0.8941702086367492,0.14920057544088783,0.09445423385063856,2.4317161951066697
5899,0.2991546623959214,0.1790965583556229,0.22966454025887234,1.6857970264635544,0.584673892467203,2.2888783912408246,0.287156899075189,0.1376176817576682,0.6383469262337593
5900,1.0377297345334517,0.8511183371262323,0.21726470351334037,1.0000603269382806,0.331146406685217,3.9096990482790854,0.14506846637085424,0.06289417836288391,0.40167875255904345
5901,1.2015903516076183,0.39478003614640167,0.06486950301665234,1.009152823763027,0.6433309451219336,1.252544383390003,0.03211988106495857,0.09813276498838766,0.04804079158909402
5902,0.3895144815764553,0.1983987899476496,0.07523968778822349,2.1417689718177795,0.6783679691819418,0.4571856668859906,0.20998836272856441,0.10308081221148835,0.44630551639277005
5903,1.5310849112486768,0.8499930988645004,0.12863526910548914,0.020448131633639566,0.2373081032647682,0.27407988061983524,0.10310345906131042,0.06809767791276458,1.1948623901394797
5904,0.8554594340129582,0.1665179126323385,0.7148298037257099,1.2806410929920564,0.42472080580536975,1.113803671971369,0.15258960237753721,0.10264704231894764,0.9215930879277058
5905,0.5705862318151194,0.5770814218877208,0.5213506656971534,0.8123749040998178,0.5861599995004008,1.0284000784430734,0.15855967286518924,0.08402198307522049,0.1307922799754614
5906,1.2874822625252191,0.08113365429135844,0.5554095289970812,0.5243806570244663,0.24266961124518854,2.6464753498689153,0.16570308795502953,0.1417390416056765,0.0032830251816420297
5907,0.5753949766158222,0.5345361642286677,0.3265023103917128,0.5273099572955167,0.36762897965968383,0.8738962869510816,0.15631972780949077,0.11469925646436216,0.3400407636808269
5908,1.0226853760530692,0.7714552757501374,0.1907089294873771,1.1162926113832137,0.4695066476425436,1.0072121818767,0.08573734672986043,0.08137704443125629,2.9040934040675377
5909,1.1103287448601795,0.6227484830131464,0.6833388101580643,0.3273778279188655,0.6400448672731643,2.0931383445286853,0.3334018339013921,0.1363441814303845,0.9901066439567092
5910,0.9888743964641336,0.18059406974024872,0.16165299780285608,0.14216547478843755,0.29893630620890255,2.54921513617951,0.06853680901837594,0.13326464337035113,2.140317239283023
5911,0.9642419595890173,1.844967931748688,0.3044404424817105,0.527506784933013,0.6459367551755337,1.1572939489212941,0.1603295518958333,0.056340533346280045,1.7015607906866737
5912,0.4813858491500951,0.1462274141791712,0.1808474743865042,0.9618479226384639,0.43680327373028904,0.23357005432436617,0.11034883113374688,0.01665271846433508,0.39885102918047355
5913,0.6119421148799978,0.09532489289068796,0.01007440352464245,2.2204985810533056,0.7941282430055299,1.2444848369880446,0.19561458186452693,0.14309343057413246,1.0281084702310495
5914,1.3112688879301237,0.14137165351036257,0.09046549511884655,1.3030397694987859,0.7350788491600748,2.1806199776794237,0.08470986078752046,0.0864086959544066,0.8400916400175579
5915,1.3442454927814367,0.867428487491714,0.7414943865797946,2.008903424357473,0.7519319903906359,0.8172761242201572,0.09159178232142137,0.10846629329260106,1.0273140158122631
5916,0.7525063454564053,0.10644964898650294,0.7101871197411924,0.7440624740293171,0.722414675002856,3.469666576936943,0.06560878567656198,0.0881124604813944,1.2276512046542056
5917,0.28729252595290045,1.2666438303898948,0.17117313986370788,0.6581063328294541,0.2393578376699394,3.3852694260614786,0.14732660640034967,0.14161764507360905,0.6340821218476642
5918,0.25685645277909763,0.7438083432085234,0.465026048556458,0.8719925859979758,0.554783018410725,0.9475268697289655,0.07650675865215521,0.07597016870947061,1.5786969199652656
5919,0.43163786986403385,0.8970104114445365,0.759084101864262,1.6070371293693215,0.5740465822994477,3.4188618808042746,0.12388455363878573,0.052479102561565405,1.8018960395708086
5920,0.3289788762882412,0.17069248633517417,0.4753726434112523,1.6684413267225504,0.7686054961962581,3.1432105903733323,0.05505960311710595,0.09284692545244154,0.7569042178960032
5921,0.7866312796354069,0.1597191232541279,0.032374974792957645,1.1169455369070271,0.449194724857826,0.5118280996688285,0.06894653281831808,0.09640376041351456,0.6645391680761676
5922,1.6450370689460951,0.32775122118626077,0.5621029596090229,0.392003281248011,0.5932458887364325,0.8611226594109661,0.1311533429806187,0.05740220732764112,0.4032501172120601
5923,0.3039665724410345,0.975903611934644,0.02461146696498362,1.0329017744731448,0.04749517477426063,4.3495314442736985,0.08028667641181718,0.08379764903004885,1.013892777236534
5924,0.8900839433373045,0.5771425326693299,0.5011222533581704,1.6190246284679966,0.3063167954550168,2.311813499173124,0.06785210403460448,0.06578193702880462,0.7707331224880125
5925,1.0140545864175534,1.3260424805756659,0.784807870562074,0.9093838366796875,0.3243374262409152,2.354568255149848,0.16637023702864287,0.045459772620563214,1.697904599382646
5926,1.078820715249182,0.9327950383942127,0.250572942407569,1.3465294471420703,0.30390991387785005,1.6638653378971355,0.13422437667981424,0.02213066871877925,1.065307367666415
5927,0.16682878393753048,0.5289086412200754,0.37722144638886873,1.2800726324956204,0.5449521910513349,0.7922613280685922,0.0860676387700503,0.12920425440378194,0.4318513782271651
5928,0.3689882243986913,0.6239287833801072,0.1252413823473777,0.6117974685342116,0.5624957179710754,2.305632292178201,0.05411195640067053,0.10067033630233527,1.5425550973269586
5929,0.5083081144598137,0.5552244691814451,0.5295739940669612,0.0855855789958675,0.8784700400821235,1.9036969584704628,0.0050890018714398605,0.07126379516489524,0.7114280659418972
5930,0.9121882516159265,0.8995102539579798,1.275606112008274,0.901480655316381,0.5087996981759378,1.0826492371014278,0.07772910500211408,0.08972029374446845,0.70990945592129
5931,0.8018029810054836,0.13722454928731215,0.13072275467561553,0.6259646571351816,0.488626436834842,0.9279974846798174,0.04970586998238923,0.055420699319654376,1.7744653184426555
5932,0.4379746090496224,0.20603422311268946,0.3152896905515652,0.6491967328701067,0.8128743578465389,3.0270058454844633,0.1668110093319461,0.08978009164671602,2.792947487211765
5933,0.20875602922837727,0.6539465130988701,0.46630032734192506,1.5464019036900418,0.7573562746829734,3.105721981067807,0.005113610214714279,0.08356606127401592,1.011198048115019
5934,0.48728518310782387,1.3289989778645002,0.36317772486941996,1.6788583100444794,0.2992808538980054,2.400076531996544,0.0833050377303779,0.10923161257724331,0.3200554397384314
5935,0.4677567710214237,0.05758708257815215,0.6834086303188502,0.5272930843364685,0.2199079823012144,1.1995175682520998,0.09549137653388988,0.012480489442740383,0.6981098373609919
5936,0.1426124773427879,0.4490217062825974,0.036798021873992504,1.4175945469373032,0.5063818510513417,1.1259796252513714,0.15879529421720606,0.09219700854841184,0.2312498735869849
5937,0.31775258031377657,1.072297135483225,0.09524997859154338,0.15489583823548725,0.0918320346885616,1.6235673229788052,0.015432512819125652,0.06598559211222535,2.116959367096869
5938,0.43070648399919265,0.14047425389108156,0.5451936136566915,0.1516517463569067,0.3919036268886266,0.6957744944806886,0.02620261982113431,0.11192421873536909,0.5879856959113422
5939,1.0801153202165683,0.05281145625401662,0.24814646163670262,0.9827577908801705,0.3801972901815014,1.3296414157504974,0.15115451890830178,0.052549846488225416,0.8905798115336726
5940,0.1317761964205743,0.1968485365011078,0.5697444249836888,0.7730300628694204,0.42003407080177146,1.3505136327784961,0.11528333102608225,0.04157294561832785,0.6471791367988647
5941,0.8274987087786132,0.007160208144546376,0.8404106460901822,0.3146250172093047,0.5014849196210494,2.368053135344213,0.19586620248838948,0.11026657224912764,1.026732572143712
5942,0.8724450780823132,0.5966947363200619,0.9379847118603056,1.822333759600839,0.5353774428145186,2.4228390034284852,0.1613285463861555,0.10603175804594814,1.2048188240197701
5943,0.8135115859645934,0.511619004013542,0.35623880406060154,0.5751875683693178,0.004732866418669546,2.40877364535281,0.18208485642267813,0.09349870691308922,1.0094230351578402
5944,0.6181331806577108,0.059778062366330986,0.2328245476179981,1.2081031881321,0.4386019155265005,1.9981052110768946,0.25558223475090963,0.06435559693079862,1.6050034089912786
5945,0.752778176080078,0.5185600124600249,0.22147472628195786,0.18729084077967673,0.8661472660552401,2.21521367764514,0.11075212569114132,0.1425969806441761,0.6549566599255523
5946,0.4849599201687933,0.5753794031181243,0.0871597470579997,1.6967945700482445,0.5174195586658252,1.4402413610358706,0.10726899640136868,0.12290804425285884,0.6759767017082758
5947,0.8061570885466292,1.1198486899040025,0.14721598930118962,1.8915502676962792,0.2657477526911458,1.505808319144366,0.13216456890811543,0.1282513579311107,0.3292517110578944
5948,0.5848544370464522,0.4224049974959534,0.32247472772104235,2.2861080141752996,0.913662432671554,1.9963545759599097,0.16528075838632061,0.05195773057315038,1.651640397200321
5949,0.5113426478096534,0.9610051016602381,0.13184629687937102,0.05327101013310309,0.4403664787035789,1.5651256355676217,0.07502232778860221,0.09364205148990798,1.2525397369048235
5950,0.21544440237432833,1.321672137395703,0.4617201146436215,0.9868502261890008,0.5698546786852909,1.3544896714225612,0.2875186985460136,0.07983957134722991,2.568345695013293
5951,1.2782945414874656,0.7993455482742609,0.639753778581023,1.7480133301628333,0.5037990794715566,0.2762498296880338,0.0741645425206003,0.11348671514879298,1.7425874372642522
5952,0.3471019836690729,0.9547959620624931,0.22520889838959113,1.3714663553720412,0.5198865769623136,1.0876513141595374,0.12323533499118242,0.05234880890934087,1.8195396692759416
5953,0.77143495387524,0.5672352317116132,0.08039871592743364,0.7446473841830027,0.7110636613929925,1.3517598269461135,0.12711628151800208,0.12292456042325976,1.0966293417374082
5954,0.5336858946312566,0.0161544693628482,0.26649711979212987,0.9832531844873836,0.909905736817568,3.1156574799476466,0.2073445355235432,0.040907427075988156,1.008614995559381
5955,0.4934494278061431,0.5761186308544339,0.7655848751300711,0.1711011915480466,0.7265274641513586,2.827824005211938,0.22668662308231952,0.07021694466721193,0.3850094026332367
5956,0.6247940455177882,0.44374815191605527,0.10257188833497499,0.875674329853756,0.5598721102870908,1.8014408934202708,0.18784837603329868,0.049624541571183754,1.2454490794973543
5957,0.09872854087990374,0.2930834603016363,0.06744371584742959,0.6912382858742891,0.7484140104497403,1.1418016436368013,0.18707158727664228,0.10098660839164285,0.7037885506953109
5958,0.4420987095240938,0.5805846129036318,0.5213099408855638,1.6186825802896223,0.9210576496926718,3.1449397899994826,0.11394290524949324,0.08620345231129299,1.8744824807151506
5959,0.33430764925357637,0.3042068527228602,0.6257210375401381,0.4490744506739184,0.9429343502093277,2.5608673632561714,0.10618105217409503,0.10479307969660608,1.316773567985752
5960,1.6365444229045905,0.2711671381167027,0.4031553078317698,1.2156578219134673,0.6273709240828639,1.820633502194902,0.0823426545658763,0.08264616264141914,1.926836339681402
5961,1.7199542353508572,0.3448514239931118,0.7802180439921362,0.23787917674566061,0.2816424363388706,0.8562000044671331,0.1526986848743638,0.12809178053725262,1.2887964252986428
5962,0.010245491530928408,0.038550031877672475,0.42611379825607554,0.9652303446494374,0.32287677505434254,2.0918391847668563,0.032915227693548904,0.10592837452479491,1.200743663817119
5963,0.5228272157076891,0.37418907948819313,0.8072216795773692,1.0516821611790848,0.5263936725923286,3.794807294686912,0.07731401841419623,0.08581092363132034,1.8147526545867365
5964,0.10164701589126063,0.5584224824076875,0.522015206330637,1.4523101951827728,0.6729796596145453,0.06079939470810514,0.03092572763098568,0.08280433104626436,1.006871742425243
5965,0.6491504566193724,0.17573609784236488,0.28503946270499625,0.9240736120881473,0.5173793343900975,2.086538182006339,0.08282818046282052,0.1072630293871515,1.0270771866889274
5966,0.9371027797800076,0.9269321607409227,0.4766254689937883,0.64750711667714,0.6731028014515765,0.08967162240596593,0.10639128890352406,0.12389211219242197,1.5797409863044638
5967,0.22558152522497302,0.25844889930130716,0.06199078244670686,0.24823068804250692,0.9290908190331125,1.7658531587233333,0.10721782340966188,0.13307216634516758,2.1692921664508016
5968,0.13148059664527995,0.10398534150504532,0.01215032118620707,0.4194808953116944,0.7641276887085434,1.0674463302199855,0.1463632609099118,0.002005166896088831,0.689743895462481
5969,0.9503348270640597,0.6844369212011907,0.4774997379133117,1.4298400496444033,0.6354069423876425,0.7446081188153054,0.10512279985533828,0.05289463439139174,0.036146416177905594
5970,0.20951433892003846,0.3010423511147948,0.25322434358782653,1.1683130323104616,0.5493286097306098,2.042157128953584,0.14009504843388587,0.06583936074960667,2.902733040534103
5971,0.5821931650411416,0.14005662139414116,0.565993047309975,1.3965544673702748,0.5374121562150551,1.3750833359771562,0.26118941035438814,0.029571443421025953,0.6364176981536288
5972,0.5969521756856395,1.1540253052021754,0.25346693656103925,0.34940146425284646,0.7615025463212631,4.3134472043489716,0.11159648489431447,0.15036264583313225,0.6723748443170878
5973,1.2839424815954534,0.7078538590752672,0.5197076784045338,1.7358415075823017,0.649130214652474,2.801301250526257,0.20474043173996676,0.12684536759598114,0.8221162914422178
5974,0.012674614733115763,0.2735629739932808,0.5368740158086298,0.09949133071807903,0.5536103146755799,1.0232495006161897,0.15416532276786246,0.14087371790282616,0.993715052483755
5975,0.5322472814078546,1.1582193623884345,0.20280776514501886,0.18000829978407396,0.8519825301897694,2.876710605934263,0.0954846834963164,0.04371938563192946,0.8650157130576765
5976,0.5176914448661126,0.04397110111563851,0.5077344359732188,0.2620049070831816,0.40518758986504183,1.7853179323543622,0.1536695334768085,0.09812831705620167,0.9449101473242528
5977,1.0926535548561853,0.4807649409050953,0.37360410359312857,1.8133694712899011,0.46158884222492724,0.18308523995153725,0.08865350039320913,0.1541101740265676,0.8050441481607762
5978,0.8510415173105963,0.5419677149599756,0.4900683124188021,0.9493020923110552,0.6979398499958365,2.2553815898250305,0.22529598909517318,0.10726816470622444,1.7805875212305788
5979,0.493586006147366,0.44871151019303185,0.2167452639314082,1.307797353439077,0.6103576719682137,2.099697484287471,0.09259829740004011,0.11591723537096904,0.45744327043863764
5980,1.4566574062905344,0.8899538665594355,0.1128665266577851,0.6041207378599445,0.4801843806096539,2.4884206664064807,0.17010686099521752,0.08104276689771633,1.7005709955107795
5981,0.16283173574734422,0.7950946766948898,0.08303135926558977,2.071875214303183,0.4457759915747075,0.8759311621172285,0.18011373393113378,0.09613790862641433,0.9224891126349749
5982,0.5407534249000805,0.3863771439826389,0.010937052802174718,1.303999614600618,0.6054441552748493,1.8208316710937718,0.09378130483334109,0.06940867201021006,1.986620583643155
5983,0.0007784668304265385,1.3323903433913866,0.3728825766304115,0.9997481907160911,0.5969852743790831,1.141947164868557,0.04823433254331885,0.04791272266144053,1.7407961814636557
5984,1.0455942706286838,0.25170147191888226,0.19716419091892623,0.5549011605738823,0.48166590802219356,3.932445080207695,0.16073798541201612,0.09015285011693369,3.0121316701822622
5985,0.24941755916218214,0.22468002386465274,0.13646337372024347,0.38465730873907533,0.6267674015010456,0.9228191932718365,0.150440010504969,0.1551547585076163,0.6769951874206761
5986,1.2472341423171032,0.0517256715898633,0.8574544562943576,1.7634528021365972,0.5907521944806766,0.4450627606725084,0.10153269551106074,0.07073059032002067,0.09881046065203702
5987,0.8987082836837459,0.7339976813828284,0.5300948130763798,1.0853105602929265,0.4697380595702922,1.4964728714341466,0.09876317482220767,0.06039850039041236,0.8531142922518201
5988,0.4466739073764233,0.2941757239316901,0.12364550656613307,1.1141522894410754,0.7876624794525715,2.402576672884667,0.03970039536919559,0.0691929497331873,1.0347299304180493
5989,1.1831127512973938,0.6426741345195475,0.4881485808858472,0.37560677867273917,0.3963071434094295,0.9779553963967708,0.08802745800083489,0.10233802785320349,0.6997476465199255
5990,0.941425501567317,0.03539235946839686,0.08317083097909359,1.5073430784921416,0.48466165999707284,1.4031893921491134,0.13751130135399559,0.08118718365702554,1.6320984426704217
5991,0.6744873901400119,0.759824311350426,0.5303810981005914,0.9493699416091383,0.5558317267016123,1.6783398162947785,0.02534510400231009,0.028055366606622098,0.7288631789204721
5992,0.3154245151667718,0.21113238974149326,0.6808257907978705,1.699322953077956,0.21513220364926805,1.6599620384257174,0.11199535851721229,0.07597668995529587,1.166070470591055
5993,0.7428526740918959,1.2181532576662208,0.4554735230392153,1.9215596862389561,0.7571440527841161,1.9385467540446468,0.1644369012211398,0.028430658523725894,0.22104233988711952
5994,0.45787639813325687,1.3869330443984027,0.5347830119579796,1.6596667141073436,0.275015695703834,1.634944564936474,0.15834983813753356,0.06069443871368809,0.1838597616187425
5995,0.781232729119091,0.08076243909330344,0.7104294798511184,0.8853818647030915,0.47121773422584584,1.8706011025720335,0.04737868544760382,0.06664951916209949,0.9949904522321446
5996,1.290268511816361,0.27888925330686637,0.2723501822825028,1.4231122122196793,0.30933059167424826,2.9032739378666257,0.18736419352309433,0.10399788745984545,2.301590397491646
5997,0.6848217663197065,0.4885723584805335,0.15830738231927122,0.7985608651224518,0.5272198286205849,1.3828586774491516,0.13832739716720202,0.14694617728615453,1.1560822357717302
5998,0.6552680556610306,0.32836998766501746,0.1878071994735759,1.5289671517706813,0.8277949425809332,1.7601225435448873,0.21908707606662692,0.04136995656682251,2.77946006592824
5999,0.15887262303376312,0.08025002885434557,0.7293203276592652,1.6738118911841733,0.5961554261048982,3.51925984076861,0.07799707476733266,0.04509295525906879,1.5429588145487703
6000,0.03478001748675488,0.3534658628279546,0.24053596127901794,2.5528775257394143,0.4103330076993208,0.41449095701979877,0.16094621605609785,0.07988860371392653,0.9208538593235607
6001,0.04173412751973629,1.130470262421106,0.20025201611995358,0.25203077200516055,0.613775636631314,3.6811235538143454,0.15285194538147664,0.07180725315227889,1.3315567274049154
6002,0.12709022063760306,0.6451609268686609,0.40693461260402425,1.2092045049181905,0.634682467382412,2.91780493479203,0.12406543354179683,0.12332483362497655,1.5019467934922623
6003,0.674964284267508,0.8214166122185536,0.20568637769747278,0.7863048970259628,0.27304445860948,1.199169607260747,0.02976303810881417,0.07414739410252766,1.0812760958538206
6004,1.2134438004286823,0.7280867867172456,0.18003214394976014,1.404746206104769,0.9239436052938548,2.4672849735965,0.14149060646372497,0.09214409502642348,0.9780933586579242
6005,0.5745666676676209,0.330347256274737,0.6219680609529034,1.2492152549962796,0.7520300273090631,0.4358084715518524,0.1589578079862026,0.09796631606985493,1.557007980137015
6006,0.014931816639813467,0.5545576391303572,0.41587968890619315,0.2882776178930835,0.6847108477017432,2.660487101853378,0.0919287636676653,0.05954188209052097,0.17034205148796333
6007,0.469010581683891,0.6993160650834052,0.5465602743891196,1.631690870186159,0.7208371463288592,2.0810582220393434,0.002324428974542367,0.15833466624899153,0.18743211020386785
6008,1.1920188598349337,0.14308914803542233,0.2860463768126669,1.9309812971520963,0.29847155022629035,0.5521763443164431,0.190747648715652,0.11739534947112383,1.2084863105144183
6009,0.6092524055839547,0.08262937379130197,0.23364930719899785,1.2239130337447963,0.5191650673311426,1.977863642192474,0.12906824070930248,0.16208187830725862,1.0071145590347506
6010,0.8012836372152334,0.5376848276458035,0.06032729856989005,1.580498756230609,0.766761838593026,2.0183842649744785,0.06295331173619734,0.052080190625196796,0.18067364394813912
6011,0.3191525018841795,0.16116917345025072,0.5617108588272344,2.571981959311128,0.5795886352281575,1.2823485256902094,0.1895353492497382,0.05752880277538741,1.282653309197874
6012,1.234275204778804,0.2878407891415238,0.33929747980006986,0.8239069468521444,0.274858384963917,2.377101101831862,0.15760775360414692,0.10583792866240771,0.6259684342244192
6013,0.11858959322330281,0.13750032548276245,0.5032675170131187,1.7055454772979028,0.451664444140466,1.8904761974660353,0.07572237560725634,0.10821540201636841,1.534395673843382
6014,0.9219591622879746,0.05814458225981051,0.23837553812666468,1.3831874201753303,0.3905322462551465,0.823405731069004,0.0033341901185952316,0.12583563048998403,1.006402817878214
6015,0.7945229718780584,0.1700446559380099,0.04585821634534781,1.7992284442637554,0.35706928976509633,2.039488629253159,0.19240839367505036,0.060040115834984364,1.527638194760836
6016,0.5063047339564192,0.17370750377385052,1.2121121605301197,1.8780572542972909,0.4692098155900132,2.699942364517307,0.17654394772903234,0.10180815906352673,1.9405976664807483
6017,0.8757354869439584,0.8558255570338169,0.6067641036447922,1.856344148312084,0.4557322810444308,2.5253023503442726,0.11192230136494048,0.12099219518806434,2.0776544718664955
6018,0.6086720877042273,0.48992024078676233,1.1026365205650392,1.0673052566063934,0.8460146540107516,2.256375735460458,0.18003307651676126,0.08516134380951329,0.6952124521299653
6019,0.0983251255065078,1.0516631819918412,0.2318580922776423,0.8610267793733309,0.34484298283421433,1.2432769513133584,0.016522103167967817,0.12853777230146227,0.34964056316138303
6020,0.13421252960001234,0.35270758353099885,0.28026149454946614,1.209344967254057,0.5579423932486823,2.057202692788903,0.02433809137618065,0.09145732638183454,0.8386472215832136
6021,0.34092594679082616,0.6317732438054242,0.3607829899865092,0.7614207777721513,0.6151260920458046,0.8916025136024722,0.08069192040969066,0.1083265116266269,1.1949261106090145
6022,0.20243914895616635,0.0965301863621803,0.23912920257113945,0.5579943990949596,0.28315160952330803,1.5566306042355234,0.14303827195616836,0.12382447100417775,0.5719805529550979
6023,0.8662483354809725,1.3729358015302988,0.4300531015611865,0.6236775000362043,0.5478385518618331,1.3134682899674903,0.09616520498127196,0.13429892227482687,1.2711428587260793
6024,0.9777165485031156,0.30598371908440875,0.5592475106982602,1.2300969978267684,0.5313598766004252,0.12270638131527889,0.052044155171353655,0.08199143443769702,0.4933269743287917
6025,1.1213835231837288,0.02162886725992913,0.13301493589407298,1.1120242809332486,0.28082623589776506,2.103455367744266,0.021333166167790546,0.08227036250265993,1.5158988967652438
6026,0.6468636475756827,0.8423066100756232,0.1731006827572308,0.7624066375325638,0.8081796872025724,1.3132430026686621,0.16389680035629633,0.09831739880747702,0.6484708702758277
6027,0.21136942634202643,0.4694713361175457,0.38192494529280846,0.4253280177440648,0.4868040359769731,2.3030763566734764,0.0051326156476730195,0.15029408948995385,1.3117771078021088
6028,0.15488826371641812,0.8247161285275548,0.36662242843422105,1.6774120289354144,0.224301553442263,2.3411972847964035,0.01654181185736893,0.05317664918917627,0.7814722323187622
6029,0.7488529129744415,0.0689438329043629,0.10436437957690972,1.2064827943393905,0.47476661206686127,2.5360492251798052,0.07176491278818159,0.15891838041817366,1.5002084233206017
6030,0.6750560358214129,0.7130460494399586,0.2624136411262834,0.6488555240305603,0.7709761604737375,1.5385858554734986,0.07649759483737387,0.08134082939443427,1.8940027143561955
6031,0.8161272726186268,0.8030531918659394,0.5625696080490104,0.16789988499763653,0.7091037046477665,0.972583679594415,0.1578589230514897,0.11292728688053874,0.6876095888472628
6032,1.098072420387385,0.660903690491785,0.16574400145740645,1.5242802174328984,0.5710921723667683,1.5140657118198935,0.17857881958808952,0.036371585463211085,1.2565052918047712
6033,1.2558921098558233,0.4794517106384724,0.6792636709872172,0.32493103455077654,1.055414994931433,1.7653828155880464,0.10963778431731176,0.01713676805546492,0.6773761837934517
6034,0.9554122249977566,0.5108015879235681,0.43224604637062575,2.185852434608051,0.4134207875973157,1.4222097981846147,0.05256576475393264,0.1289832593137201,1.6049897493285856
6035,1.0474533187811437,0.1542637048910881,0.22662932211445946,1.904307638270566,0.20256247606367533,1.7191520930923196,0.022348776374148144,0.1557190292705267,2.5909500096977993
6036,0.2564496169196999,0.673878590605005,0.3145751499833028,0.3482941753094795,0.6303296114481091,1.6563441369479617,0.17114782294080727,0.05844554559710971,1.2355421936707116
6037,0.6429122168106868,0.4087991525413932,0.24102336605421992,1.8285846487559074,0.2610761768929047,2.8752287255403175,0.1240073273816985,0.07732891584683992,1.2483506452227346
6038,1.2189229287405097,0.09767261834342902,0.4681050867727953,0.6394273178902783,0.48886664945558,3.3015314462677976,0.1648222617046543,0.11377778906708258,0.8888545332735707
6039,0.1070728129352864,0.5447456074014766,0.461387856431983,1.1409926423182881,0.5037138962064822,1.792434492171747,0.10751081053085461,0.07668021430948492,1.494370351824139
6040,1.1947431070795795,0.37926221828137235,0.538216892766761,1.497157736570719,0.6382771231715185,2.005506742734272,0.2335271370740647,0.056930509754845364,1.7476884257171528
6041,0.3097086414260865,1.0407918282671023,0.038751302486666306,0.8852721007956512,0.1967831625240693,1.5869996051505881,0.2503890012757311,0.11494243187517299,0.9900591852475426
6042,0.02882954591195097,0.5296511461560396,0.9653384983131261,0.4003962692541355,0.3453992891097725,1.730531840135052,0.0644863505939947,0.07266008055392682,1.8385655384565927
6043,1.0878851069446953,0.44565533204842256,0.677269694553921,0.8837300669605189,0.5574552885836607,3.092028051604017,0.2839756881685874,0.08387454874537849,0.36605016257483275
6044,1.0522013956807053,1.0244829415258871,0.22863701357392174,2.343871396030818,0.5032177542826984,0.4240380728067594,0.07078178027347592,0.05090851384875719,1.6299219324555811
6045,0.08976592752950177,0.5242024771570561,0.4379764811135086,0.9973858500349566,0.5712315829139383,1.7886378734764203,0.11502151337155482,0.10292142720062633,0.5587248593094253
6046,0.6851123852824245,0.8296417629916224,0.026649688303249652,0.983319940794457,0.40371440713888196,1.8552051802675367,0.07458573153547253,0.11894544637889988,2.655663506931103
6047,1.1299687170963661,0.4712929446612151,0.8200340185600963,1.3565917442391817,0.7944190785380857,2.077911969777923,0.10311617035029974,0.0636788509898663,0.7874592752935808
6048,0.20079788443515373,0.30856227939305797,0.09127191292791412,1.2002395671984831,0.27848348466207906,1.2136761024400053,0.18731475131056594,0.1156011291408543,1.7363101614728547
6049,0.601834208944179,0.9529829919535213,0.5828538207672216,1.1920536464736986,0.3806887693374359,0.7521283285182695,0.14876843177290416,0.10927553364113726,0.7634817851760156
6050,1.2601446248165342,0.7915976079504283,0.3735709476894902,0.4814479297143675,0.5151948917863981,1.3104938914437114,0.08501376386923043,0.06166615950370019,0.5375169691245079
6051,0.6693101235738901,0.2803667606979093,0.41776946400451936,0.10794216196660256,0.3678594401415243,1.2097032156749108,0.20414966351981567,0.1715767021874654,0.7347935500430389
6052,0.885825721658628,0.6606283319633722,0.9448882742898,1.2145030176895961,0.5185064914507622,1.6206054952174231,0.08111024311029569,0.11955301206627594,1.1529669338196458
6053,0.461396111211268,0.5798671213552704,0.45235337437399575,0.7592805180967667,0.5692964981732498,1.8266963856226148,0.22389178428045847,0.10226686445333272,2.0303662800731983
6054,0.16359093973269404,0.5240276848706396,0.25620299123783075,0.5670913253648622,0.8936745565180073,2.4896540606083573,0.052207108324844306,0.09667464017089149,1.1744667490029552
6055,0.636514669957143,0.616211657009651,0.38037946659637517,0.8195658006405824,0.30922165324669926,0.4244098701828807,0.14676186915147735,0.06383036417088936,0.12226083651670161
6056,0.3852788027571757,0.3265594889039115,0.5524386119322519,2.288465314297125,0.5382414418211775,1.0883241516815392,0.1286733656524844,0.1039179354451674,1.6054169291021565
6057,0.3832936350833416,0.6256994848983339,0.7550862635099649,1.735965511900884,0.6897022613086148,3.917718622307773,0.128685157662596,0.11316199483462915,1.5687604230601266
6058,1.5435719537972354,0.9613009087068223,0.40102587723774186,0.2423884660094583,0.13181969827795192,1.97493268570791,0.2057573477977755,0.1099225166414125,0.5022714015120604
6059,0.09991386435452895,0.5034696606512259,0.5077908283529107,1.1634134207608895,0.615843984796274,1.3904370063016236,0.04728929049577867,0.12156557178993763,2.139048091530045
6060,1.1878088616232882,0.0669383704800029,0.6151489036893207,1.3644555972427415,0.5169870493447113,3.8519041051487273,0.07570957993640548,0.07112909887932249,0.9196429786710729
6061,0.6516598533633866,0.2953201291643635,0.5547143951918334,1.3520634945430932,0.48701721629535644,2.964675406985309,0.08968128545384499,0.10633095129984647,0.16049578554302635
6062,0.5654265309468067,0.18468025608705635,1.0071790228806745,0.9558320414272456,0.37684589136445346,0.6882133096874463,0.18122921355398713,0.06935540438450814,1.4346270024593193
6063,0.5411205609737622,0.045845588851503416,0.6225202903608764,1.7765039098219493,0.5155744425750844,0.8954208713818,0.0654012907706501,0.03322989851429185,0.04831053542466712
6064,0.9079939641288712,0.5925975073185878,0.36940086184689946,0.46639359339160735,0.4450348850671585,3.2041223344597274,0.14939842883942728,0.04726260266799926,0.782932268830643
6065,1.500464473128645,1.080467968096578,0.08063584007483482,1.6490540501819255,0.5319708846822145,2.186405307722677,0.16153711509229876,0.1116028014671873,2.389186968492367
6066,1.2532133135096992,0.7235675227015751,0.19675000809002754,1.7463374307821748,0.4049215476727378,1.071642158883813,0.07929902254552587,0.1223415999270501,0.4684712512768178
6067,0.28302320936718334,0.1658323927569748,0.6317517056730045,2.1513320732282466,0.47870111315823627,2.6989455450698165,0.017138837797103457,0.0806060490079771,1.9408989330371074
6068,0.4491309891512752,0.6066277696986535,0.18123281677608724,0.3612850639724303,0.48244028102101305,1.524395286229755,0.05854053719129341,0.12602702471551386,1.3879124045199158
6069,0.5209028529240765,1.068468598924101,0.13981303297950726,0.9419298375285438,0.46750852194422027,0.1393124404754178,0.1691133239932874,0.14434845507088567,1.6040138405888584
6070,0.37777730331581993,0.24759589011467276,0.022039286977979744,0.656531333643446,0.3643000905391655,0.12514810725368908,0.2110924162404118,0.019964901016337994,2.4879634916823608
6071,0.5140488415813651,0.011517531734014985,0.20799110348415445,2.0160750019044364,0.5677352482260495,1.4911889116465702,0.1811858050185068,0.0623508420841916,2.5597347821479817
6072,1.5075314858964106,0.155233930747224,0.26013540378387134,1.274964925099606,0.32785646399672463,0.522725137781404,0.09774907369456688,0.0709866915414826,1.966631826888028
6073,0.41664614842579895,0.3067181027288082,0.04724597756671989,1.7637163565624894,0.20901418178423709,1.9697213327552574,0.08402203814765347,0.06848466656707801,0.36505351582682644
6074,0.13998992665527135,0.38963375428932284,0.5964156558658713,1.6129396002210716,0.44222207924193085,2.197354058803837,0.11526030830670177,0.05185110536782901,0.5359912268059152
6075,0.7529511587985562,1.167385322379136,0.002580012676107135,1.795830305941955,0.5509504318359916,2.0807331163159635,0.03536322585913432,0.052658911301882216,2.107483376024172
6076,0.5749724520963446,1.3021558712344863,0.8297606849148658,1.8797153630368677,0.4077950931072933,2.0200689034985517,0.16339537262986045,0.048230613807617936,1.7788159286380283
6077,0.06437208425607399,0.3807836003686439,0.23712837502436657,1.3133671409195453,0.2191356386252687,1.0059432674643474,0.13203606711971022,0.09884980835549677,1.2830580121607018
6078,0.6701999629266224,0.4647759453125624,0.24448593283025105,0.28409274636296955,0.5944208297732293,0.7392060050979853,0.04891091528208253,0.14538030966602888,0.7819898160652301
6079,0.28077885276700865,0.11576941827143697,0.030098395951741908,0.845033377251753,0.6487085870414562,1.3594175204883956,0.32720818532548107,0.07526022982236749,1.24774948888719
6080,1.3241981439004942,0.25854825095248957,0.36773335306520416,0.15582591096952558,0.6053548742429329,3.144420678806359,0.29948989224437966,0.15240784968017515,0.8822163583144321
6081,1.1977761546697765,0.45459333679692016,0.5477266110243375,1.9057453683897956,0.46601210717198144,1.624528279012547,0.14856846233299215,0.14062277037894094,0.5355024317843207
6082,0.8608477244341028,0.04795729678030247,0.4003690597232911,1.423779937771913,0.23784811918514615,2.4889240539898148,0.07513667805497413,0.1582078171476149,1.5556225901139562
6083,0.5351817742215812,0.8333889913175982,0.47317325631713414,2.2473312799239187,0.577700447588437,2.0121594827845035,0.06982084756637166,0.08861724092069914,0.010814311920748776
6084,0.6775468426290103,0.06969868241579108,0.46961187473268673,1.270557327230922,0.660883436889934,1.7628208780724561,0.0162954984828918,0.04511504973071742,2.463211543602315
6085,0.2619887813214656,0.03328238146277179,0.8790220028640614,2.098100948392274,0.5395434333226511,0.8418913899382175,0.20799823810366935,0.04215841483183665,1.289784731964959
6086,0.8793840841861922,1.0089459138254577,0.7585899454274403,0.6363482647967357,0.510076371708015,0.6571431107583678,0.10772071216980479,0.12946252891971238,1.046819789448677
6087,0.5752018042352574,1.0596999693448002,0.39177952240814007,0.3018646724484164,1.0379061092961028,2.1423920997503503,0.12263120282734713,0.08939013003097808,1.0196991542221794
6088,0.37425738498277283,0.36601254453093274,0.39797987329359363,0.9803882820321458,0.01767642128882696,0.42465823900266897,0.07517527199596037,0.02929002082125881,1.8973985732433707
6089,0.35065719310906296,0.4710443160688512,0.34764601964902,0.5301755632406759,0.08263690022794185,3.832842406408612,0.08844215296452346,0.09500643166848195,0.09236429039611149
6090,1.0374740401006082,0.6012663365936031,0.35751521729034325,1.4577377252473909,0.4868921741338659,0.1023421494940282,0.1423710121277036,0.08161593475788978,0.310878237004124
6091,0.8401908960894413,0.7554576984089949,0.38438031237217374,0.3536752961606793,0.5212452908281278,2.8472155001168167,0.1816771499515275,0.10572430580576107,1.0264505575847367
6092,1.2211333926549266,0.3145149099875524,0.04097837281725614,0.9712092159645709,0.715740417523355,1.4685113566533992,0.22847735574533073,0.08125045632551267,0.12016311617896525
6093,0.651666189113322,0.32492338826395656,0.03378413131418234,0.4907258406552587,0.8218015064461524,1.2169164839269893,0.08028656316797296,0.12188533093813728,2.065202396782558
6094,1.1604285347224266,0.478692926427611,0.4562227059095867,0.4681127686259679,0.5473860054680526,1.6688328809365973,0.22352735000006613,0.12207072566390974,1.0319101294354776
6095,0.2692047271919141,0.49955657483127314,0.4904114634275979,0.5460627448881168,0.25400791266273304,2.6654043228893203,0.019874975773249287,0.03962842315714737,0.8002145848834569
6096,0.784833990584211,0.3095855807122829,0.6173758324188429,2.1188329736796634,0.4475094725579322,1.7460151273046667,0.26856626340539974,0.09892389574215432,1.2917756802267757
6097,0.4302001861983025,0.5686850333506628,0.1672324095272791,1.5566567040966368,0.5115048718550307,1.0126027252740033,0.08724785760957915,0.152367323038927,1.399421372312569
6098,1.4704090352561767,0.5225553181267442,0.7293447668480764,1.5176354316393728,0.5050899885082039,0.6299801887420029,0.2068561395303886,0.07792185397388357,1.5434296742726688
6099,0.4429803403368793,0.13306331980869227,0.6598699987244252,0.5784030785930834,0.3379083784913387,1.8744807508418937,0.09604227554471739,0.07499614241782053,1.2321297248660221
6100,0.4239002159929418,0.45196215208111434,0.6120942409198129,0.908650887362005,0.4102760227925008,2.594980142233442,0.04768372809137444,0.0667320861837476,0.6482900611252905
6101,0.9338713678925563,0.6015669996168589,0.6026743021738857,2.041353563780934,0.32181641438973463,0.7298602323969545,0.10568750527742539,0.11823756588881644,0.7625806921806246
6102,0.43780429620278616,0.5144054707391228,0.01588741772804242,0.9671623203340747,0.3503576706552449,1.8783886988213427,0.02982543001258478,0.05210631202695066,1.2165651545791627
6103,0.6421987412250225,0.3117323816007786,0.18816110321844975,0.8591383928741896,0.7140559273748212,1.7555391703124907,0.11091086631168562,0.11402505912379196,1.0931234307642153
6104,1.60418162137085,0.018472273426773322,0.12400667753219294,1.5029800929335755,0.4231042576986018,1.5912090395073135,0.11586641319253842,0.05689742275770307,1.3863050986129046
6105,0.73966355800322,0.017879890228972073,0.2540940612478458,0.7649724998438998,0.39002570146780124,3.0956740151980875,0.007689889321408017,0.1595499600118504,0.4037867459081512
6106,0.23128712111820207,0.1294079421235721,0.2297849734562323,0.6114816054921672,0.20093968124676553,1.4722981873599628,0.30594720743405923,0.11301558981738699,1.480008185669432
6107,0.6596034043747933,0.13857365997839774,0.6298170826850054,1.433454764595537,0.5755953673040313,1.4423497166000017,0.1545132227425629,0.08818530320228592,1.46747204802553
6108,1.3160382034659213,1.0638706436013126,0.4723746864721208,0.5370236243892598,0.2881001097710089,2.9214064560103346,0.2306319880031784,0.13358369439451218,0.8647426732743307
6109,1.0561145482589387,0.49733859736887664,0.6932218360386622,1.7571626674907033,0.6780350604079538,2.6813450855185916,0.08901177257753332,0.11553925725915595,1.405647216371951
6110,0.1754903578930631,0.8717318598537291,0.19391803188210538,1.3208063958224197,0.4287432645199136,1.6459816257106323,0.051957191419956854,0.04674263046781635,1.2132710825931738
6111,0.0011647329455887756,0.4999965360123962,0.3316574887426658,0.3778626513933402,0.482256482752258,1.5377975301860116,0.1482491336445364,0.13275696423790856,1.129015671854693
6112,0.5249378922421055,0.13618310335497658,0.8951504951645785,1.4735934425032107,0.6577304957330815,1.6211578622491853,0.05112687781511207,0.13490076421461022,0.07277782732711569
6113,0.6518043520528363,0.1686345140105641,0.6608785554684271,1.178198769513603,0.6035484295825682,1.805741841306898,0.1510242659268222,0.08236150711870405,0.8505932954356715
6114,0.5742986925477749,0.5634860891442917,0.812213846308044,1.3378942348977347,0.5274067662297809,0.8304438690302869,0.05342019671796018,0.050613537784007075,0.8566077111270213
6115,0.5917043909321473,0.27317728432667776,0.6632977571400593,0.6509312781517637,0.8052777893230438,0.9662169861870583,0.1845252172617953,0.1132833684561804,0.8876732501268813
6116,0.7831542331629648,0.43228850656099105,0.18729137811160337,1.7521857591701688,0.8143027401494201,2.334743838000331,0.15753726965313947,0.10850424926080039,0.5369613501898035
6117,1.137202984512608,0.8771931328523186,0.3626186243437124,1.3969910026473573,0.49231405540919093,2.5047651890573497,0.11105605660483749,0.14440171447212888,0.6661117936693406
6118,0.18573023848060188,0.7070303597975278,0.7816260106820709,1.2568330964002024,0.14329443965787253,2.1569746728738344,0.10779406643833121,0.06612889932146157,1.015034311419864
6119,1.2695326227134398,0.7925424302577666,0.15091426736546715,1.1196551459148523,0.270320064584312,2.003053388759041,0.13975472157705407,0.06956914624342514,0.9231812659181403
6120,0.9337781763431046,0.8471186936999906,0.5807345099745529,0.6947123166539738,0.3825835834523322,2.238172091342845,0.0913542567180998,0.13013026904686317,1.296097673410543
6121,0.16643693656823672,0.40394024864508654,0.05869110712676445,1.919539297130739,0.8082155746345037,0.9414386305062195,0.17130715835777988,0.09389297796894729,1.3138548427987973
6122,0.6117940877773829,0.7270776702341131,0.5322355121908255,1.8056929712024767,0.5373316785776903,2.1616201809115183,0.1646960800995478,0.09515542663183656,2.7922724341917857
6123,1.265692346601637,0.4868941715796542,0.4221012603282476,0.825492587458497,0.2997285243352884,2.968428278930125,0.233952704615212,0.0726278712863155,0.386642464926545
6124,1.1342715379953279,0.5832892623381785,0.5638536237677249,1.205973117389331,0.3409607154539137,1.6175179375708397,0.29629396050777096,0.08706389497182371,0.1779482236686638
6125,0.7638729274190457,0.5534259105552886,0.21207397894332908,1.3962243675099995,0.013154486938950827,2.5354255702205317,0.05052264465872623,0.07776540984914075,1.0459511198050009
6126,0.09850738994888153,0.13288293272187895,0.551881928514779,1.8216801043869815,0.3358210574765177,0.6538407550656895,0.05234321415825432,0.13061593715614342,1.1780393423959656
6127,1.3835937300032868,0.5555128456975109,0.05225305848837963,0.3586338924665351,0.509853084853545,2.440976132160747,0.18515117705924264,0.08710965210967112,0.4782988782558783
6128,0.19437113546604373,0.40141828573407823,0.4048039546253255,0.26171239986448247,0.8199108240476027,2.2436265955075174,0.1902968333147903,0.07690394739763427,0.9874634649516738
6129,0.2102285433728916,0.025766515271500146,0.6630667435642645,2.036742026233217,0.34996710943303,1.0321725449554864,0.1739149258419253,0.04786832956037318,1.3344231280346874
6130,0.4609476202496793,0.9173373628892925,0.23259486073264513,0.9652249499616277,0.22808500980041224,0.9883819451139529,0.21746488606322756,0.07795765515088848,1.656506100156736
6131,0.5586883023571102,0.474451262376978,0.6900457836773362,2.180055013826179,0.39152527496129125,3.5456232912563026,0.07823847556925692,0.06730352280337268,0.39822504132787484
6132,0.6368255364751296,0.7766041578010793,0.37076148199354075,1.072135260043764,0.3401917431540886,2.7541567436692533,0.19154196871898962,0.10546981432171502,0.09612936064808542
6133,0.2743261775365686,0.676834776478471,0.5814469663467183,0.4276965462787632,0.4351981473940288,2.690104045520969,0.06424853085644516,0.05207190794353953,0.3629690250792993
6134,0.9718268779121739,0.13404554358366055,0.5585256627323189,1.2073858321268363,0.48060096301616767,2.0712219221595793,0.10495969517181522,0.0816587692953111,0.045733904460323216
6135,0.03715868893672353,1.3098542827374517,0.23403934843841234,1.0911563427166042,0.20477089557176825,2.654168312573036,0.1248596556296965,0.10779188933799731,1.3435041088120854
6136,0.45875852055486294,0.359691840279196,0.2515458045655198,1.0462908689237693,0.38700462258180546,1.3640020346919552,0.09650167650832962,0.07950370838159866,0.9109940746455352
6137,0.8658629188690075,0.49868963628168445,0.06227281172842991,0.7986127287108963,0.5771717578782376,1.644333488599866,0.004111401805487941,0.10024117340547334,0.8790269072230505
6138,0.6240308104473532,0.801906655239089,0.530844121778748,0.12558236193378502,0.5434063804282729,0.14722070730349612,0.2954637288185432,0.0786173642225468,0.7923606627182636
6139,0.2629311570591275,1.0231630589057137,0.7896628262793235,1.6601336888571963,0.6671098122827565,3.2077082559791226,0.1737087959272653,0.07264151417115809,0.10667436234869665
6140,0.807554016070759,0.9338127754041425,0.15182076376053508,1.0563031010810748,0.4607772447393006,1.8279076207729694,0.12078512254559136,0.09471769442412417,2.0691397870566743
6141,0.6532233704917301,0.6419211236168241,0.1395414396834468,1.7437868615546805,0.7962455888645101,0.5665751059243289,0.16887753080085197,0.13297438894623273,0.30024676102311765
6142,0.3452018724370868,0.021950952233581678,0.4494949845396198,0.3572697921163065,0.600937093390711,3.042916258309953,0.09707817621194577,0.08648988831340046,0.04031711059661913
6143,0.02209649575833139,1.2516403341190225,0.007897316683676658,1.813447615608887,0.5953152654124693,2.534883962692358,0.25866509427470175,0.04030074590474175,0.673115461800088
6144,0.5927897562798591,0.21437310147240565,0.4724426681029383,0.727033842048131,0.7595954622821628,1.3242997220787287,0.2121207410356632,0.07057905197474891,1.1824163658798035
6145,0.6160267230662484,0.5891138395320409,0.9551052523475294,0.6004778668929331,0.7617732504203872,3.5231099196706803,0.0015554339432718306,0.11460835389516222,1.5985889691312098
6146,0.5769422849386208,0.2603521719910753,0.11149304885243677,1.1386001238260581,0.34402852684574664,2.7695622256949326,0.05918507947057867,0.04493653748722091,1.3971327722936546
6147,0.9232167658080275,0.22780941948639943,0.32537460163439985,1.376458502250755,0.39235794809738744,2.9896719783785186,0.06712722810822341,0.08515215754655077,0.9591940784258719
6148,0.05128885406714734,1.4735305901872189,0.6212103276167077,1.0682576545938025,0.4323568117184219,1.7188323761796727,0.19711508541225942,0.042968931603973456,0.7990589908964839
6149,0.5393197895906011,0.5304959253680818,0.14104040162812972,1.1835989358402719,0.6172154104542411,2.0195362833951758,0.13520371501543826,0.10048728518949768,0.914307728686593
6150,0.5135611479003723,0.4765824361653266,0.24390894179481076,0.7338848411785868,0.6441028681249633,0.8209627552731167,0.009794181266634797,0.10898373022063418,0.6809652517320098
6151,0.4617390337055629,0.5554120473432115,0.43013861206995924,1.7882259665611064,0.4985198731789941,0.22067609389890497,0.14732650763228722,0.07598420622864971,0.7491684871982088
6152,0.6489414976596726,0.7614523728980132,0.6041383621623291,1.487643653847965,0.5545659710062519,1.3303112137610555,0.12091840452503873,0.055275874233056264,1.4543566256053015
6153,1.4354821285777328,1.3722537789150873,0.3207033476902792,1.670924340677408,0.21844977682960648,2.103800215446983,0.24023275844525632,0.10032552708088424,0.17412708575434988
6154,0.029130630461491558,0.625148051048475,0.5615776505467577,0.059591308224757,0.5821199139115357,4.110220639710522,0.1174329211462166,0.05734293960157843,1.663213399275788
6155,0.7819874066220185,0.3239253526800895,0.6073568782123135,0.6392061113111069,0.3216311998217967,0.4131494760994847,0.23340882839115334,0.09316378529288927,0.7964258827019228
6156,0.6528214609854325,0.97159731695318,0.6517384959818731,1.003725551953148,0.5559878132078669,0.948363762522865,0.18636484525354338,0.0894677352793585,1.5425976550893878
6157,0.8007375418259162,0.8680282157491788,0.09778422255611777,1.510307608556875,0.8756884528509403,2.5742439481148165,0.12533498347998012,0.10525127546091544,1.4402132856347345
6158,0.27337070958558557,1.0203439316976959,0.6537222241335331,1.6656384203285364,0.13099662531913853,1.131072733706982,0.001219547903858087,0.1057007785805076,0.5366425707442384
6159,0.15430002022470987,0.6249660477340526,0.5014990477505415,0.16080819305474892,0.19899732793165847,1.5549693988652884,0.14728577372330057,0.04707022119325784,1.3652229430104326
6160,1.4026147034923229,0.8219812101097413,0.33082042462168415,1.327884351411107,0.6989530372147078,1.1659219600011697,0.08975955651528866,0.06780637500716458,2.1055918757496714
6161,0.9054180585403313,0.32793046853541763,0.19228291706200004,2.1158067580726647,0.7262638025321906,1.2271459888079417,0.20742810354329339,0.11744461895413971,0.8627821976273278
6162,0.2517504820301725,0.9607597501535954,0.14714072547361387,1.1065084726176988,0.7369809335035689,2.348381201142444,0.14723334623920442,0.10012012938115554,1.2208700826854555
6163,1.475681768622034,0.9371536753328134,0.15304061340216768,0.5761742229045267,0.6261916268006507,3.027005883815109,0.09216869734851646,0.049113434620817444,1.068708342931143
6164,0.9045417485329617,0.09645968853403425,0.5614276766872094,0.20876512938167768,0.7441565360686601,1.7112244109179038,0.17325358542251856,0.12246337103484167,0.8283778099722102
6165,0.14884600543874385,0.7076700819654513,0.5236511814509932,1.8195439464806573,0.40796028556221897,1.7399169983651666,0.1781366097369198,0.12489518720364233,0.6763501886531474
6166,0.7510232215899711,0.5439040831266426,0.30858768590928665,2.1169747791410303,0.46721627223384726,1.5791845045790678,0.31212138820414637,0.09229828640091399,0.7606218257885595
6167,0.880590437131427,0.6853893469276586,0.7104864446979466,1.7109826147533873,0.6985707819017154,1.983239061485744,0.15645212124509125,0.07265516990526782,2.062614382920623
6168,0.29621416361844216,0.04817983145431687,0.27984919870320957,1.232127112709682,0.26255544312145485,0.29365148322870605,0.07838249340211767,0.056465057413216495,0.07639300953132389
6169,0.6809773455306429,0.274708708773877,0.2802230526320374,1.7612234642766538,0.540038757548801,2.639186463960106,0.1725057171082012,0.13782979663086087,1.159802458042971
6170,1.4814153868637698,0.2810157969153596,0.7851420123165791,2.4048365495093464,0.42082611858494046,3.7924869799997163,0.06223964913350169,0.1051044468213183,1.1264019248736177
6171,0.7745060249226128,0.0802629279810933,0.3562487543225267,0.5712542797277063,0.8879427057975466,0.7718313782654512,0.061652398101581296,0.10113859082275067,1.2643996269255893
6172,0.4205625800702698,1.171082746626075,0.7197543921369552,1.4605034963846812,0.16224490037598843,2.0010499861042574,0.032855300582204386,0.12889659672581827,1.192947129041399
6173,0.4447201850592831,0.1606423101004319,0.7311302312705357,0.7468134318442191,0.41007339565919365,1.8092362996900027,0.16679195450528012,0.07886229656798549,1.7474292414197374
6174,0.13280093019417702,0.41994266639033534,0.2512447508027008,1.3760993601637055,0.48808980404789787,4.0076509446194715,0.12895212944923135,0.11481330783600097,1.779974865347508
6175,0.09205520110454735,0.0748222062080563,0.5211523012309914,1.456272195060031,0.12287262039281499,2.1795088874912474,0.07332469403690431,0.07626445004700558,1.0840960710313592
6176,1.375602630962587,0.4126564246812406,0.5458276026009152,0.9058721636010241,0.7821664517747432,0.6327842908576002,0.13362270082948927,0.10209149180449092,1.0293397855278654
6177,0.06418043895353123,1.226839641914809,0.31243144380455545,2.160873561101329,0.5882525545774077,0.6734460564142319,0.08869185458614871,0.08142356102421522,1.403812781685629
6178,0.8213856258860146,0.2401709461218243,0.459675798928759,1.590055171121553,0.17597418012971994,2.2364660470215725,0.16630783362903817,0.11669030668530314,2.794325302201983
6179,0.7891285089855,0.31007221643358185,0.9777152060532202,1.7304402139498354,0.5091052833163345,1.8316122338339738,0.08171764503650361,0.13168259509363642,0.17053645017125085
6180,0.014161370085660097,0.05743253649501506,0.27474988265976347,1.5834699413176525,0.45056848812122197,2.161815432053669,0.21051635207257657,0.15643816581299347,0.8787148585377607
6181,0.03775553035721965,0.9163125300868593,0.24729354721593888,1.727107229816673,0.5482438790587979,2.3811196365209377,0.16753639771215062,0.03756146825601896,1.3702053204218747
6182,0.5901361268518932,0.3859103141583815,0.21100774647342024,0.47595417232952136,0.20891671013798735,0.9513096934585861,0.11359951846795627,0.05982011210434153,0.2240708260033346
6183,0.8631563470261496,0.9355487354203709,0.599309251608413,0.6364090349438976,0.8922956238297448,1.5045590732673408,0.04544616936780038,0.08949563168292982,2.1632289900480948
6184,0.5979273218371661,0.7934481979201655,0.1723765946007748,0.6993590480004706,1.103960540268013,2.0188772665971055,0.14694732071818084,0.10678704900078022,1.523438303364661
6185,0.08114959887098896,0.2475548837844501,0.7886057071162094,0.44556500580884406,0.48950154500827237,2.5422334116783727,0.15255738980966824,0.06448352455278529,0.9609368101709724
6186,1.3153016350468363,0.795802814224416,0.17241160595410707,0.9814089787841666,0.5033395784545986,1.5790276064438646,0.055758358197698865,0.09641846028803615,0.6752112440885957
6187,0.28278549552097826,0.07120701055475376,0.9433966402986828,0.6141939987834926,0.5381628527551654,1.2197479069156936,0.25456817575684,0.027799514147957893,2.07537460234154
6188,0.11117616326789098,0.4495087678872564,0.2917553372226029,0.7776160774812619,0.9366288129017869,1.749663990306867,0.1544258684652146,0.10573563317745627,0.5457729947130515
6189,0.34428729613791637,0.8121875282580711,0.2969513318220549,0.9275492870924475,0.8504875991823067,0.6248566470602004,0.35564495574768734,0.14467734623508077,0.7008815005453649
6190,0.8914665097252616,1.2860832096007329,0.38439624105086967,0.7452707079718248,0.5949210057426555,1.1851867057852215,0.11995228536214617,0.09902073592618998,1.4648063873565476
6191,0.5284903118938581,0.7319142273286685,0.4679302754187452,1.0938710192108474,0.321375177142502,1.3408531838704734,0.3188827520557212,0.1093757499125452,0.4663237158011965
6192,1.0792329489679804,0.0847450826495228,0.6613324523126208,1.644309077381184,0.4506655384753788,1.6833716613585816,0.11006386767392509,0.06620985498152238,0.1940902921871911
6193,0.5887544834836097,0.7478595340157542,0.0929175583673999,1.3398614191294165,0.6413942614484978,3.2641229223613686,0.14624732495339435,0.13534639658931585,0.6922832395001828
6194,0.38589841693004334,0.21682582711754866,0.62608558198287,0.6746273521376158,0.4235022601507305,2.3410573430843034,0.14504064292920787,0.07119463117610536,0.741628282780104
6195,0.13196637989837867,0.6847248052595702,0.38939099923198855,1.1769803574447708,0.40874631794867544,1.093216177591865,0.14036233493295638,0.12210780189980011,2.1339632142644094
6196,0.16404486393389917,0.9811484491979956,0.24866751462271186,1.6134538477061156,0.2531598508303336,1.3225250425508879,0.11252370956940969,0.0773594969105568,0.4853608122294673
6197,1.398234087071809,0.7387881712713047,0.4388249477523766,0.05239081181566385,0.4057095165241014,2.3300063371895683,0.1941182422920344,0.06931121687471603,1.3452531288468568
6198,1.3328499999573018,0.23550653841362434,0.238054098237666,1.1580388706205327,0.6169111848740345,1.0495155861070395,0.12593651953743085,0.0772715649532092,1.6344741028404524
6199,0.1945603875107049,0.011590622285530816,0.7292774736617829,1.4738201400936277,0.5352569238642244,2.0923442799497227,0.14244781504354304,0.1487679614179427,1.557538177841502
6200,0.7389900951492756,0.19820940239852555,0.3986604751550289,0.6581394324405772,0.5431104234885779,3.227400639994312,0.049528748005078733,0.1343988624528319,1.28783027430338
6201,2.0996135374557956,0.19962010153972612,0.6862875209059572,0.7987387007975979,0.055623172787053476,0.37226742604226293,0.16074615875063558,0.11049949371458004,2.1202892681352195
6202,0.9766381459899249,0.7748334065546719,0.21616183894029878,1.7460903367217646,0.634682524178567,0.6975209254063125,0.11727616359270991,0.07445844222534244,0.343479037441896
6203,0.8422358901217972,0.38543066472148085,0.23154336542397105,0.8483124729800245,0.08206610939014902,3.0295672760246477,0.09306077480042613,0.11717390830078295,2.3226155866959908
6204,1.5678699984998674,0.2015965196932534,1.0283426588943687,1.222697952393393,0.49028297322033443,2.9983768428001323,0.08113751507340428,0.06049356882576799,0.830778379311997
6205,0.29597550987123566,0.9858744002608053,0.27827512465452553,1.7114499297773538,0.6118218125801845,0.20702959450502045,0.23087893758929923,0.06312915161913654,1.2514235444113815
6206,0.6246429399763052,1.020613141237712,0.21701415609656372,0.04989432323389631,0.8083461506162366,2.2567556624838585,0.22054163669014085,0.10104855192453815,0.10018376640164828
6207,0.6606938494303681,0.6646885212013739,0.5651619273359068,1.375864082728934,0.7460964026823496,0.5383327834456619,0.055427714412539034,0.070120266533721,2.3477589972473414
6208,0.7195797280984602,0.4802200737303489,1.4178248921158203,0.9652416615257278,0.5463657522966462,1.1714599388949356,0.023065509788191357,0.14446983788339246,0.41921996424260694
6209,0.2417787232405148,0.304848556697098,0.293680206482065,0.2663160253301122,1.0020627856136295,0.9419570804758218,0.18705252512066048,0.056560525117864226,0.7915347189163258
6210,0.41782845566517607,0.7139226785737958,0.5602750974811834,0.6439171439640452,0.3941287983158031,1.0625968578683351,0.012013616843334712,0.02186565093953899,2.693289271337769
6211,0.8214910581755084,0.5173135705274944,0.12201435391202861,1.0418535159015556,0.4701014161268057,1.497812115892643,0.031131643532762918,0.08758342054445895,1.3732669387611058
6212,0.6412937844166742,0.26811906771213895,0.493763959047531,0.9284881754494305,0.549632148238582,3.547462475655271,0.02643372622876644,0.06659641662479879,0.3830024674219059
6213,0.8865301750856467,0.16522040135289712,0.10145089368781746,0.8272427803093432,0.46728182878584196,2.691107546298533,0.037835700205001585,0.0700578745276219,1.834531133769414
6214,1.076598368363333,0.7260880311837234,0.8391303068653503,0.8957987511708276,0.4418613563701834,1.8279687006580865,0.050616297515090336,0.07488044869067764,0.8365015052211022
6215,0.2476970790750412,0.06650025434683404,0.2353697429339599,0.6854331061821568,0.7713709386379477,1.005043855438246,0.1073006994619166,0.14215965466428693,1.0270959660950862
6216,1.2796490277688282,0.5333173129032345,0.38265151594059466,0.5352674723306039,0.7569398634260852,2.1495930052303667,0.21865399996120105,0.03973066947738648,0.05803515176420293
6217,0.3234244035601325,0.01681329727218106,0.10837375158378396,2.0458539564444425,0.7075305229877381,1.0712660518231636,0.01146820862038618,0.12653809696482046,1.575343341441679
6218,0.9390607637179753,0.234865248970969,0.49247092975832996,1.6862758349652536,0.5272820297647378,1.3983538200583725,0.09760505232231138,0.09892755276563714,0.6539524645895322
6219,0.39707349361678407,0.5964431400141873,0.49793568758367673,1.4882714117817932,0.3966135724715236,1.0244663113498382,0.18278005918421092,0.0647894514791251,0.9096339111121773
6220,0.3222885114602991,0.30591101388496633,0.6543555541813006,1.0076506526383406,0.4785395063348857,1.7870344054751968,0.29702098220134365,0.07596906423063415,1.4103293271638309
6221,0.834665996708114,0.07876684317476851,0.06917204276460887,0.6855361143947891,0.6663733758785839,0.5800657382453687,0.15076071744481628,0.06630953670433523,0.3541718450566059
6222,0.24845022338517003,0.4616650439706743,0.15909918586198096,2.057814178182254,0.2716272621278098,3.3258953940747094,0.0316051699190473,0.05987204547159581,0.5946079437308226
6223,0.6215498746967343,0.3817792389623137,0.3790931715276538,1.048094355584564,0.8811773997389167,3.935491905351804,0.19478259598415507,0.13655525484167813,1.0781071740071182
6224,0.6054366083603109,0.45962514187738407,0.664936921528239,2.232855648426914,0.5083270916403592,2.29817543912595,0.02253396558744264,0.09364894501460279,1.1513381998891994
6225,1.0316326941259755,0.35993457867554046,0.48525022480450997,1.086062822281159,0.6718469870717363,1.4875408176270073,0.18645224095155094,0.1339856279626096,1.5491042195256823
6226,0.6518027829111543,0.9005646420701081,0.41805940786967344,1.0423992493778578,0.7470808569880406,2.0188561550088755,0.13163391900078955,0.07511732702284935,0.572110539644564
6227,0.5784419475259444,0.6195435374346296,0.012637320990839918,0.5996008360231706,0.4250121937276346,0.6788958675719425,0.016031834708322423,0.14321001860819058,1.1908067465201775
6228,0.5132138003019432,0.24146713113449636,0.22875924900548927,0.44025578378428865,0.47172742476564467,0.48927454059183795,0.0764520096172949,0.08631789124542562,0.784459559557318
6229,0.145224108451487,0.23877797666660305,0.37507711806191135,1.2710211489476677,0.7776322509035986,1.14788425548543,0.215704113275613,0.11534840941304067,0.8720748543317932
6230,0.7098850421529006,0.4215189304918645,0.5749360294101362,0.2726395486076232,0.35392902617319166,2.624222703410622,0.15690716942978164,0.04349545973839048,0.5648924932075896
6231,0.16992311482491362,0.713141346540026,0.6322088828836268,0.9468096269075545,0.4121286475753635,1.4170402013529764,0.10136037864966856,0.13899932625743983,2.938322706032763
6232,0.3619743614555932,0.55073395317547,0.7026113615161168,1.1538384015961218,0.6968960209199385,1.8981986201140284,0.12996681722512354,0.05882598869146721,1.0333458795107087
6233,0.10792380733086576,0.43803014806749696,0.14050979593892665,0.42242340587532357,0.5515807967385452,0.5816388797885326,0.131661981222749,0.07970787045314176,0.26879173789353406
6234,0.8051541771264348,1.0151048298270926,0.44593212066536986,1.2583454238081702,0.5406039269948161,4.170974034772248,0.00964466189198572,0.029323967083914895,1.1130041605216545
6235,0.5680271646875182,0.07070107501518103,0.350092331670073,1.4224134717794774,0.12451903893382604,1.3481086720886213,0.1371750887814784,0.11570212091193463,1.0857926084717724
6236,0.09708199449020571,0.6149310725532061,0.5001976445811853,3.3398335120862375,0.7224783633613996,1.8082584242317123,0.07245800603227992,0.09157860892677487,1.5052055081201936
6237,1.4882969128290326,1.2771926936443971,0.18728702905873038,0.6184179204272207,0.34064406157938665,0.924933001314856,0.1598016653052743,0.11814110337560255,1.039206713840822
6238,0.6405487712434966,0.05261129215363802,0.24778022590681392,0.2585911508852662,0.395131514313225,2.1362675844932726,0.12050270404494513,0.11991247140423529,0.7861460730471166
6239,1.5593020693499815,0.0344739152664339,0.4599929248886677,0.4110762390542294,0.34012887893963806,0.8573377006334674,0.2756848776528367,0.10557920242071475,1.3020278690332172
6240,0.6672695595387387,0.8450100490024293,0.4223548953267399,0.5385872175246651,0.6207962100353466,0.8470997453578107,0.20332907080501222,0.11625679670360663,0.3196000666836484
6241,0.8839369033792717,0.4178668321825272,0.27409143682853393,2.179914901299571,0.5923145865011881,3.4345245718685864,0.04617788630553864,0.06801204782249927,1.414926078409253
6242,0.8646322037651231,0.31789920641433445,0.4210316064263422,0.7577296634525792,0.06563738357894316,4.27764302185018,0.16935018957736206,0.12889459088291955,1.8426547192567937
6243,0.9277317676811829,0.4010936178730497,0.5452153903161872,1.8827983505602393,0.6544358222432913,2.9207429350998124,0.008257955588066551,0.12993104502604058,1.5127532891570452
6244,0.6987008241061019,0.749713329573618,0.2082247697034789,0.5690859017924246,0.8246956548545383,0.15331675885938867,0.039502801639855284,0.08790672878378265,1.6136858058421946
6245,0.812424347453266,0.39307751726415063,0.39759195743701237,0.05280900094897789,0.4706028533041325,1.4239634186703836,0.05614816347326886,0.08981593061212817,0.6836633714948004
6246,1.3089097196127513,0.3919978851339089,0.9086886026481487,0.6132799749342942,0.193731598384216,1.3977990484418445,0.21851691695731384,0.10056878643441873,1.0520581280257748
6247,0.030698189916622542,0.6722598951594538,0.7064564641034529,1.392194699567595,0.4588779417133921,3.18952270262874,0.1227590719912778,0.0820344712710414,0.29994193686754955
6248,0.46784007342448497,0.5131287275280528,0.769896325830111,1.1942339516620495,0.23718448161827305,1.3438647869575715,0.17610523393288235,0.048461610215793795,0.7303535492687525
6249,1.2133767405094897,0.8968272264206314,0.4439474852128128,1.6289880026808925,0.45028190544748914,1.6730336361755154,0.15255128543895055,0.05105958624552318,0.6432166150966058
6250,0.46328165713767155,0.6723685030107585,0.36861293389309535,1.1309716125455698,0.5479927050256136,0.08904039491082383,0.07336866826034635,0.07740148997699392,1.6725120205235804
6251,1.7045461933092363,0.2069439042729294,0.25045351196099647,1.5632941285587318,0.3548272928189069,1.252023254596363,0.13224008968846993,0.09545185609482586,0.18594836767929002
6252,0.718205390375109,1.0079485718338583,0.03445735338653749,2.002009753429566,0.6031489931282079,1.428835100363913,0.3543586084039978,0.039661451188652594,1.8360390757628604
6253,0.6350036284198348,0.8859996721649941,0.30610263022762735,1.458563940753753,0.4918667295892372,2.046374487384863,0.15352879004215747,0.05804977507135105,1.3688086817529017
6254,1.617839338241822,0.3963992602258195,0.6860659897230024,0.7501895169273177,0.5575096036829795,1.858307994359793,0.01601587531427688,0.09566716784327678,1.082051096725425
6255,0.042855832243369085,1.2567115705115863,0.5067954994780974,0.037919078726112776,0.4027208152537827,2.3957723908209645,0.10908203568617868,0.0897582025487374,0.39503751968076944
6256,0.36193976840383013,0.6032081789520756,0.40753789130191864,0.9393868287523818,0.5749219828049841,2.130862407214105,0.19971397927243872,0.10851364590112174,0.6375091549415599
6257,0.2307271787387551,0.9347965367685673,0.17479987484184917,0.5722612015546035,0.4623014021879589,2.7202123350585277,0.006467714456956292,0.11778055927726853,0.6491435942138382
6258,1.3485032529735546,0.3685000160456137,0.30724962846772635,0.5507352299526203,0.08097769439278141,0.9355720427006989,0.1136889391473121,0.13847366180792456,1.2765695024010963
6259,0.5032569602400802,0.2659479834906094,0.40612596710312543,1.2779093412932578,0.060836739364989956,0.7615091330052349,0.09052853168658398,0.11842201982714833,1.5202491662683508
6260,0.7523418310543454,0.22896939341332018,0.6422237124713948,0.6571866248727889,0.4077076624909204,2.32742974027892,0.057664218766534936,0.08222642111425102,1.8068440876672396
6261,0.6328273912567932,1.0179881759176839,0.13604977894172016,0.3977741678291915,0.658627653382795,1.9441394228583042,0.17254581161261784,0.11811599740193486,1.5475155544005674
6262,1.0757663171936558,0.7303428834780823,0.17557253988415847,0.8938093918284187,0.7948174227355267,2.106583935557345,0.006702615185690555,0.07782134609094643,1.0658822189175445
6263,0.24151067118536054,0.6139763867039122,0.23901654281330362,0.2349050939685139,0.8316319332812756,2.289817138937795,0.11759546529609018,0.08016777794708459,0.044712091628995476
6264,0.2936835010147834,0.41277096486493475,0.1059845988919915,1.8006818848100763,0.7694931109512833,2.5592113886523866,0.20953254640948216,0.0385622124374235,0.5709910065914934
6265,0.969202616377103,0.6669963619827908,0.6012391453986127,1.204579264420118,0.17725416158035479,1.1558901664542223,0.07315465557283071,0.06844763300863735,1.8290113293174146
6266,0.43069767930550396,0.1864813327896658,1.1253403080564075,1.2364020120697148,0.5011678615771511,3.151913426696166,0.13453190458369213,0.11163945342814868,1.4890496025546267
6267,0.49009334810087873,0.26755979097165833,0.10418942589925523,1.8737874713521676,0.9444247894774446,0.6584154475269341,0.085100605734942,0.10347599451853352,1.3749083194582374
6268,1.3903280775601228,0.0844050655170655,0.5147244589273787,1.4775549452217844,0.7715329623321472,2.651938218995935,0.09280357229014999,0.109041456942122,1.0304342477190822
6269,0.8696879354365263,0.7882698518246865,0.826923593908867,1.2933589943023907,0.4689000277387945,3.3139410363741426,0.04495258051178577,0.09530121639206413,0.8984405285966015
6270,0.1345331579754133,0.8097644679774827,0.5976220811132347,0.9224759687678963,0.26849533766153044,2.163755732778651,0.15613529345550833,0.10813728779366749,0.3585605457261848
6271,0.3840963883959092,0.4475054808187496,0.20265611115346902,1.5687338728457347,0.752689067881206,1.8407453085437644,0.19003090078436252,0.10064633464107339,0.7029487860626272
6272,0.43228130808543214,0.014219286947994292,0.16117560186010443,2.190576102036409,0.2870796373328,3.146209780235742,0.13351972634633186,0.047444456685898626,0.41421589802195996
6273,0.9969402507635496,0.08284720653800531,0.09151962800029198,0.8978672192216466,0.6813369670806122,1.1538751607532243,0.07488397062652251,0.0801285270601966,1.3862436860472922
6274,0.04691829727382646,0.3336628003321125,0.6265862966593596,0.7923093054230802,0.8071452301369704,1.2142071056283323,0.09263698952061303,0.037923578545873776,0.834283861069271
6275,0.10819488865410729,0.6834309437492979,0.2353172392020727,0.6649744526550345,0.5658799721610207,1.393024388883204,0.015858594280496657,0.12197640290305702,0.4760828701843154
6276,0.08457718579608506,0.4474409593941424,0.4223991713616041,1.0686282520122847,0.46052047231294985,1.6584222304595955,0.025159004078220304,0.10271529327564824,1.7823887803934322
6277,1.1229788877494815,0.1411888921191123,0.5278249940110472,1.264821269119125,0.45700251369883166,0.7932017421207688,0.11930553766093419,0.08958569734793809,0.3644978403291689
6278,0.35319568601359597,0.31263994731016276,0.3637681343679318,1.2381465213544793,0.40396343506466337,1.0979129380394557,0.002822142486478621,0.0749619436791884,1.1460642027103276
6279,0.5829871867371648,0.2234386867411804,0.7468362729017773,0.30404003133291124,0.34924298862271796,1.1458029747358687,0.12087307988154117,0.06604457880809081,0.05553694105642193
6280,1.0411982693531558,0.7517504774680625,0.24945350722029902,0.8497120352284591,0.9183616008427715,1.7947476492304297,0.048149776489557254,0.09190750650860058,0.35810868931720663
6281,1.2804027891173797,0.27530262386604337,0.4845442377546012,0.6258797433174409,0.4869362578959222,0.967390276852297,0.14930017541255325,0.09292248827399749,1.5644610123332314
6282,0.17624334053161206,0.5933923186149226,0.549085983623994,1.878836339629989,0.3885166864477963,1.4929554199162725,0.14456344828900666,0.1332182805608044,1.3417280986178963
6283,0.7864764022748056,0.5329693097863575,0.4948282816093337,0.7039536750136738,1.0041976334363523,0.7562659896784145,0.14859217011791337,0.084824477996429,0.5155921878156515
6284,1.1664195026347797,0.13757474072619003,0.9205647676110941,0.5668272635395215,0.6573152563590239,2.7570959410848888,0.04444251225956787,0.1161642438219502,1.4114628131726614
6285,0.9650847760987409,0.5762009306945627,0.10367086903691936,2.1538364557724448,0.4035902676313208,3.7059360563624386,0.2427608551315179,0.1182956638848349,0.061906074690179835
6286,0.8826254713692467,0.13729262242393664,0.11872321629037233,1.6916964066717686,0.41328304688786094,1.4091726256681412,0.16794438172816584,0.10584025870293112,1.6456595494885038
6287,0.7343063237409613,0.26096314604655213,0.16096870964832993,1.5908001714946933,0.28480649297634875,0.10549077824215591,0.06342254220315964,0.15101369294685787,1.3214785163163554
6288,1.2245565029694454,0.6196702111003705,0.21609319956021072,0.5905942069207477,0.2996324749436774,1.757478630991953,0.13982091252297402,0.0837170090852105,1.593683143111367
6289,0.29687168285484544,0.3363802230318471,0.49260118607486714,1.1682502265027765,0.7905930961261239,2.3764846428656234,0.22971869967434128,0.03620549457830878,1.1702062928733308
6290,0.8380611790724151,0.5759207886142672,0.60891894380883,0.5434118441264411,0.38635652734200404,1.895863170533323,0.1246627522820597,0.10691501203546999,0.42757712624541255
6291,0.22480942183789446,0.7057923702996658,0.6603041765986046,0.8690493774373563,0.38824148049737117,2.5308614528832085,0.30847527890579723,0.07204989916284307,0.3316100794290825
6292,0.8448924518762473,0.38901198221365646,0.4224677107452328,0.39723710501545195,0.6276845199847109,2.2418743110357005,0.1203470868833738,0.09350690260757182,0.47099528971372817
6293,0.5677178176206252,0.47897435754355483,0.5821469326661679,1.3166901154563257,0.3314687790872616,3.3723845876981766,0.17707795271960344,0.08237913817673531,1.662315276390245
6294,0.662831563867939,0.8499267382830276,0.9365690864801363,1.3216075974548238,0.5582587172798988,1.4740430060713186,0.07429883990021308,0.07741516542409592,1.0287202282450645
6295,0.06251313383695284,0.341417717902748,0.44283569808071177,0.6002411295318155,0.7289210003318691,1.3107311765641092,0.07813511427590897,0.09491858042865878,1.3834308692046389
6296,1.1673096336228097,0.06015492632272912,0.609141955423445,1.0994380008873057,0.5465793303232944,2.132630580228276,0.09507732428154254,0.10692867406503892,0.9854646700962734
6297,0.6884415553700454,0.7681724350967561,0.14433780650924655,1.9895286597561408,0.3878552074310836,2.2010274146336193,0.06181474343938256,0.10430972327775845,1.6182405619496776
6298,0.7396240641873463,0.21561740810661237,0.029674890757882877,1.8079550360181482,0.47648252809142394,1.5842245056222437,0.2015752245094216,0.09794485578501297,0.9076406146028588
6299,0.1954674103233977,1.0197614921522764,0.16276011307868513,2.262585922428082,0.46632111471942606,3.030668907139405,0.13929453451561463,0.0635740853426618,0.5734465215217541
6300,0.08038607558034994,0.21231231684089003,0.30159560954913206,0.5223543360271958,0.7767768687324922,2.4263896895488695,0.021515035091703993,0.11541331212388149,0.20743531345315147
6301,1.0644502497535777,0.9102466487330061,0.5784310461053955,0.6809344161301352,0.8359667232770667,2.10012485554868,0.0776450717678383,0.1115049366333045,2.0991899639541978
6302,0.2638229428505706,0.4317494020207871,0.1256242935052582,0.8643513607205753,0.5321992218419561,1.6658976987792293,0.22904630178671406,0.04039927492787892,0.10207018076093388
6303,0.038694735507669525,0.2713179149658735,0.12127422076968541,0.41110419412252,0.5587827628607787,1.8558502405074684,0.10989876212014936,0.11733773899579295,0.6391901790550287
6304,0.7420630808867041,0.8618621886204965,0.568636073272214,0.4844142417231943,0.5856650810225322,2.0393165951237746,0.04672301639022472,0.05469437188306339,0.10125285129090089
6305,0.1997088686259582,0.31850514282238246,0.16933293658058776,2.079617384477858,0.3091958474667861,1.4566733634535036,0.045662556022226956,0.0872069758342007,0.3164793917034384
6306,0.2708178140642676,0.01285975998910971,0.18944697485633274,2.7850352854256846,0.9478750181132377,1.0942826049392058,0.09738977788950798,0.0896472229144023,0.7099991950483819
6307,0.4473526147761211,0.3862238823397336,0.024017948034477155,0.8559898967558691,1.0681882081893128,0.05608572837736969,0.05671798199457889,0.12499494255773469,1.344632262721472
6308,0.935159533425665,0.22382440225578193,0.2876545033068052,1.3271941787809076,0.3690922456709915,2.2968047834193808,0.05338286469537455,0.06269116973441358,0.12932804654615937
6309,0.3671060541371738,0.11402116410643204,0.14477429053924143,0.7731598939770958,0.37528886528611716,0.7921698393182512,0.0765146293950808,0.08566176927849621,0.23863929035289555
6310,1.0016239012285844,0.7994554453550214,0.4526645915850436,0.13620148394402432,0.8369232323280803,2.865698097196476,0.08504299875132734,0.10757659594407655,1.4977085655367306
6311,1.0652809882152092,0.5956607311593188,0.20166984770075339,0.6358608180249417,0.5304460526642067,2.35687868895868,0.11921533733852618,0.08838633546433693,1.9640526863482637
6312,0.20255733705901685,0.18325040621497984,0.3742617772971404,0.8321462842653433,0.5280237198715128,2.3093466573074646,0.30472491640998633,0.026315798832793516,0.26579479411520857
6313,0.22395280079934152,0.6521120488392341,0.9551434503101286,1.4920630720536416,0.7923719774888616,1.9853469132432118,0.10795154142459056,0.10241446614745918,1.6036549701784164
6314,1.1320119011917145,0.002341723646274163,0.2637307122853121,1.978327413780355,0.3416250903047272,0.7673279115191735,0.1420906158293284,0.08585731250111163,0.4680116114689048
6315,0.4766596271648407,0.5660102111364944,0.19009207339744963,0.07364245630958055,0.6371721160397854,1.4919412835183203,0.2513997841773485,0.08189783274458168,0.5439576353385687
6316,1.032163130255267,0.44177300262870983,0.497006386765304,0.3035024369037175,0.8897531522150366,3.4441249632245947,0.08230752014730373,0.0985144204836482,0.48966489561741366
6317,1.976642932316111,0.4108130227759886,0.39346756296718693,2.4844626836416386,0.21042760015713757,1.6123015863850598,0.20200325517520584,0.09516511156750553,0.9944743306817656
6318,0.18377583786653318,0.32925574509744804,0.8621419050266387,0.5174719220939528,0.7482960040775861,1.7589743375261164,0.11622053610084189,0.07824533484908636,0.9771331194238135
6319,1.1679348658319073,0.6554278742520485,0.21231762346909921,1.2706553405081635,0.5784540089524703,2.0016784028430212,0.24198727522183444,0.10899694264279561,1.4902314660280649
6320,0.3005040960894246,0.7507708385424038,0.4293072987409424,0.8604645924669008,0.5276448428888247,1.9817540372313087,0.09920123949847943,0.12229998764538763,0.8294183428482342
6321,0.013684953934004151,0.5648481881283789,0.11854874642018737,0.6078115329290779,0.7804933066790243,3.0787213975256806,0.17647795309214603,0.07014628489905902,0.7929985832757281
6322,0.39934434102388044,1.5739788343285932,0.5574808802768227,1.3047300613995212,0.7521820402658187,1.837586412633419,0.022944909394889232,0.11518874616636421,1.4806175087986526
6323,0.35576334945609395,0.5478735700822746,0.8470491223954035,2.109961371463895,0.9988864007584941,1.8313220913929311,0.16197068567020753,0.11945164924078142,1.4467144519820336
6324,0.785520951295742,0.14895550960637624,0.06736153094390457,2.6683305773528057,0.48920212312655065,0.6809475547609556,0.09342287012353725,0.09603367428479732,1.7733465975768135
6325,0.7407575116588669,0.960135613950126,0.24525711238105596,0.16292130554028794,0.21371196832354683,1.6284426489734096,0.1700609968853981,0.03673233536801515,0.9967640228047364
6326,0.5755482285975333,0.29804812824908367,0.13691800472784582,0.9240527623445862,0.6300182703729476,1.6198400779978963,0.2535279895592392,0.13307605292790814,0.7649356350272403
6327,0.08410821337210153,0.5012522809337375,0.505006726564102,1.6330940299730754,0.95647609877426,1.238025480654876,0.2226074856779791,0.08025333933720818,0.9808460127105781
6328,0.37955626605994486,0.11767768266623205,0.736018592284964,0.2048190038166855,0.5661798406061253,2.104402145093721,0.1377607000213747,0.08338552169107655,1.8995601477896227
6329,1.224987221951885,1.083684171522436,0.3451164485125885,0.1551940744932142,0.47066583993825756,1.9547750873727208,0.14300734411968422,0.09258119758206922,1.0067479117628517
6330,0.12123038577881631,0.19805891661333883,0.34420385342773235,1.3248387965922641,0.5079462568036739,2.1747609999177935,0.03687338075434826,0.06577190656937412,0.08242673205826478
6331,0.33978021908164135,0.8472357964871358,0.6587886912472367,0.3731854856942154,0.5982435553180772,2.089069633377838,0.12222992961045485,0.11778700522034884,1.4235074738792508
6332,0.5033722064046979,0.23236746118669552,0.38513734028128926,0.0760122718102425,0.2673306312714747,0.7598869274391841,0.0960264048378523,0.060224662699476135,0.9667673567898896
6333,0.5198361177338713,0.9800912754923401,0.11702395848999123,1.7762604897545757,0.9280435533382361,0.4860302107758412,0.13339853189832837,0.09594063522803632,1.7262028371560123
6334,0.9151309525128373,0.03497360301720387,0.07898570977911168,1.9503755973106305,0.6613124081007985,2.531373206010623,0.10405390357028532,0.11613241709900345,0.2895048869531438
6335,0.99812625620806,0.8978114361870873,0.4744301651934431,0.8010156706554048,0.4925925652267279,3.201376312553604,0.05125389517295215,0.047230154014260846,0.5962235651155998
6336,1.2209471322518068,0.5229648321786504,0.18714664551933902,2.216448024907243,0.3759714055515452,2.3412241633254594,0.24124900491628704,0.09135606290529417,2.8509832897423446
6337,1.2401448575618614,0.3281900566942477,0.14777821067552632,1.1643805576921589,0.8103610272524052,2.3375675165468874,0.036044358333107054,0.0843604087009388,0.8107600250645806
6338,0.29213157049469857,0.2519926445407077,0.3256233314644419,0.7110316991293382,0.3350936866328771,4.096033877635544,0.2582561851726934,0.10852954667154263,1.5246617481668787
6339,0.5472797637424611,0.07122311201140719,0.3802968732440482,1.2535181028255602,0.5291607536478931,1.3575367271867336,0.07543493713982488,0.047861517516121485,1.4476264090965114
6340,1.6248472159251728,0.7065602142196672,0.18133092218595528,1.5419320568557513,0.5250240713338586,1.2108545728543179,0.01508184113168945,0.08185225434609399,0.4862664603230923
6341,0.16590050080433938,1.0492952557138682,0.5659696202577174,2.1351604069146295,0.34175297275193095,0.6836586587864324,0.05342426897445757,0.12540061782698556,1.7335399593211056
6342,0.8858657132550416,0.695077666987362,0.653548695139808,1.248976180502768,0.7949966388656053,1.090400193372575,0.11150747467019427,0.13070222283465263,0.012420779720614505
6343,0.719482871912214,0.4518738284494128,0.8083454757795017,0.929941925766431,0.9098455110992396,0.8465823044502898,0.0700329803529188,0.06454643169827634,0.3006394292804593
6344,1.637499899562806,0.00472772321963022,0.19464900426306622,0.9909971884703466,0.57216845582606,2.2486999127745633,0.10399830702867967,0.06198158847461912,1.3099272556503652
6345,2.034014444616473,0.7299143876113079,0.6223474581728841,0.3569609437716209,0.6931051972040498,1.8099152005801038,0.1268704549737132,0.12797808860632215,1.2019076701372495
6346,0.18080398231234054,0.13970970571761135,0.49982704409225376,1.3265910707911075,0.58778148053013,0.9202340880847054,0.23365536450850222,0.11814055566420557,0.9272242107698279
6347,0.6838885610771571,1.010057166554606,0.5456101457430103,0.9017057262843826,0.5946150755012408,1.7875838668454331,0.1201042485024115,0.11111726340228019,0.7031544186982108
6348,0.6163921777245158,0.3936451029241357,0.23459220582752247,0.8245165030008358,0.586825309753725,2.550104191493616,0.11704522524136557,0.1339945945814455,0.7289998220392263
6349,0.8125123410802646,0.7366313694342179,0.1991914475387443,1.3851971469598747,0.23772818831336456,1.237738172994191,0.10447815938205486,0.11559082337565196,0.9004673280795703
6350,0.154654472912215,0.2026869380286681,0.47543661094071465,1.20204514651861,0.6339635814357326,2.0624451851410353,0.1707484669347405,0.1032063032759879,0.4288431550433788
6351,1.2162021975871966,0.10525545023745053,0.237899119976891,1.7246494607982115,0.6584217652685292,0.5957773082932247,0.23984627004042713,0.12868127505636756,1.0675622522767159
6352,0.9344946955687041,0.9344512853056437,0.2850556651467789,0.8739417358198214,0.6889408942434923,0.34323495720498864,0.1342995057364294,0.11628939760363499,0.4057913106434041
6353,0.5059688683717644,0.894550894530453,0.6369801853210479,2.636830448584142,0.2710157673367677,2.3294443021593927,0.025275554269875697,0.13171511112837125,1.5110043596299851
6354,0.44720966867025985,0.24693576336424855,0.7712608376408079,0.2530773586731422,0.37457571584167326,0.36776103105399605,0.1598830774411455,0.10335083512584523,1.437496890692128
6355,0.7378657380567891,1.2052937577888743,0.1692941648237866,1.24432263289722,0.3378145167886162,0.09751632361436591,0.2719575013537677,0.10552978591384486,0.39848262852308275
6356,0.9034721381929014,1.4889927238218057,0.3935057527614563,0.2572821625529863,0.4167851031831815,3.492639114645158,0.04831373696866209,0.11763550551300962,1.7793039097216834
6357,0.5627886625935534,0.43314029508786434,0.38245281472675186,0.2987481431001219,0.30122057016155446,3.5015154427901907,0.05873613479718457,0.11986661419576346,1.3627713285845546
6358,0.09181869424288844,0.21450692023187395,0.3507881344322006,1.6037739236779918,0.5988204930320453,1.4066946698964795,0.1608756717668397,0.08725834668527843,1.3516560420196853
6359,0.6770260960328511,0.5792093863618757,0.1621687142034692,2.328120202807821,0.6010192041052556,1.7552936607769496,0.09664688274042023,0.07300632436040148,2.9586015745816066
6360,0.2216065755673408,0.7710650638153955,0.5495396726577579,1.0300648017679106,0.12541828071169325,1.2787398617929833,0.01871466725146695,0.1290659581530122,1.5741240887982282
6361,1.3924162347099787,0.4145610482295248,0.4513704412109079,1.2204910050236617,0.689540954770397,2.9735545506400047,0.031276295249835925,0.09777883284102493,0.5987983678486206
6362,0.6490408939720713,0.26320046933511804,0.14162746343506666,1.793723385491222,0.31158770260409474,0.8181043649147793,0.05850300370709932,0.11715675577785976,1.9660430578428532
6363,2.114353146804481,1.2836678994716562,0.13263040820209268,1.033947391909078,0.6714759279330733,3.5139603969667643,0.24765071000108735,0.09445505774846569,2.201161947215499
6364,0.31972874729253337,0.961070617064604,0.5831078576830502,0.03183214318166605,0.5470367898384387,0.8074756814362543,0.164554228850836,0.1296465826194219,1.1964508205820001
6365,0.3667828254113298,0.8357049997802626,1.0389835163369385,0.9870141256300138,0.35206888478665255,1.5347813385285487,0.1953446207396964,0.17125141108325653,0.11206278681925574
6366,0.061975628897415536,0.9212956572769984,0.31231898967756444,0.215537698108334,0.5110605819259985,2.270172253764448,0.206789822396165,0.028070631956349637,0.040502110257456425
6367,0.5584119784315917,0.749057783660628,0.44371730791699526,0.9678850732841345,0.3893621846507625,1.9528868951583649,0.00501885626835058,0.03508564311927671,0.4116136940561687
6368,0.8148733261142505,0.5632935050134724,0.6535520418249197,2.4161116011842987,0.8181194343423499,2.0058711935663163,0.055647015216292645,0.026391523749688797,0.557430909311913
6369,0.27790606207807317,0.3437801811186167,0.4156044213865294,1.3576664359626154,0.35317529808443826,0.2655440774977966,0.0869302873304176,0.07389259493829578,1.2530063797462756
6370,2.1397282293849984,0.8440637304504551,0.16543096421142842,1.3100745188712342,0.49467359435136016,1.9836063175317182,0.13230419463153592,0.10674682466024213,0.803480475879183
6371,0.16078654863776132,0.7496805282591452,0.3269829945703708,1.4342234994765735,0.38658603961683413,1.8529957126385515,0.03362177752123881,0.0423114735676525,0.9829732904650722
6372,1.2384032559286955,0.23855665563186623,0.6953407253963957,0.8320049681214661,0.74328495892726,1.0331895956673867,0.07688709740337099,0.11099744062830863,0.7111140871985467
6373,1.0734929761774348,0.4194785208342584,0.6525350503475233,0.4864312171976405,0.5105455381756488,0.9553752064623914,0.07172083502440658,0.10077567437114628,2.1995874799569277
6374,0.4599247685898581,0.49922295693318786,0.07366739120017751,1.1240841505895034,0.8712937494437639,1.0460094066133556,0.023655373234837143,0.07843017141640571,1.5741309938897283
6375,0.03793870804008587,0.8532008139891905,0.5446830508307943,0.6452071962691017,0.6332525072801214,1.7936402654664643,0.017766695312860917,0.09335347445351708,0.19310671525481005
6376,0.34832961898679926,0.3304862698229378,0.21437043493093083,1.3759219881298037,0.7080992372810074,0.6932966808544023,0.12241398420594986,0.12658236954543672,1.4215450935730316
6377,0.15583066862011152,0.5178984723757173,0.1377000113910523,0.5232231902267923,0.45850113172233653,1.0638751093288148,0.15060405866939217,0.07249568720521755,1.3197885424754627
6378,0.16911758310970254,0.6376345535808388,0.3495061744745731,1.3717215074728122,0.46450924816546046,0.7960968502331026,0.11678763267862718,0.1498384915437936,2.346256318319673
6379,0.9041508435040309,0.03694480428868807,0.4597836009981116,1.4103180004392823,0.6571361408830949,2.152471192521997,0.15164264410844813,0.08178157262802409,1.5391088651964329
6380,0.07522624701315953,0.9107429706620149,0.22815145695007938,1.3341545711832838,0.3194542328471366,1.4671629436551048,0.08150719889815414,0.13752796581270382,1.0100510006580048
6381,0.3735419807794867,1.1825303396367248,0.7204919343903645,0.918905275983748,0.5368880795711154,1.6629920778417326,0.1820302683207337,0.0500019461437165,0.1373631687378981
6382,0.6895023012546408,1.2430256506925905,0.27663550496451705,0.5815894749193664,0.6662339011414834,0.7091581611457893,0.12869393821457498,0.08842958802018351,1.1880346041941778
6383,0.6273153983104944,0.30769429804267434,0.6144751136672115,1.631219207725468,0.8834237909526216,2.662767945453042,0.1106435206832706,0.06108462718338102,0.5598360386627066
6384,0.5979154468572816,0.7048413256279045,0.14652048340900847,1.5462049863758875,0.6267446440230453,1.9359343824211412,0.06879521983788672,0.08535003610931755,3.0512999114780492
6385,1.6366510275683877,0.4834900275553559,0.30685175826278804,0.28311900336963447,0.5038368329939965,1.3850025806133142,0.20387325644631155,0.02527387295427483,1.0206074530283662
6386,0.23793143190017368,0.6264350802984573,0.4542599478314377,0.6327160743685196,0.5321413835008686,1.5908890764636308,0.13439758132740262,0.10041264301960501,2.163255214966556
6387,0.20093607449248818,0.8606009408955835,0.4096106875141211,1.3062828255363887,0.7375733335611542,2.199873777703904,0.0519040771200657,0.11002671416682488,0.09822315579833696
6388,1.0153838778442486,0.4473807293672807,0.7393021982233369,1.1782197056014927,0.6046770254820334,3.07950832280667,0.14319175391760844,0.050708447523408876,1.2130359995591826
6389,1.5742211650721822,0.11279018843294886,0.4428992976111642,1.1819539841016076,0.39348555991072576,2.3765093666507635,0.13290489082278756,0.07082460952639519,0.12751377886223192
6390,0.5949650652802235,0.6084571916019039,0.40782698810143825,0.394114534920627,0.02622598596497061,3.3396554126079945,0.21296375172127627,0.15156267661321232,1.8932493733126794
6391,0.892336884851723,0.5965651353074244,1.0963071629000014,1.3864520810233445,0.30944389053282395,2.4768373406495683,0.20663237213466112,0.1251412405270152,0.35553380000334434
6392,0.8729898889905552,0.6889084336297665,0.1740251805147146,0.7739215947886459,0.6108857921479883,2.1476423866814756,0.017435256904866275,0.0627304378619183,0.9126438780792727
6393,1.085749664926616,0.0254629680789189,0.5381357917384686,1.1932630924662058,0.3210612694780917,2.2859067034669165,0.05071863448580551,0.09398936724458974,1.4953860166682564
6394,0.1547096322051243,1.3266468000245113,0.24647879468788764,1.0509532037107443,0.641580061665297,1.9955508587763635,0.06233028770729861,0.06507101897380389,0.45330958390914117
6395,0.8448546827879351,0.18494190614094413,0.4456535995173053,0.8690442410978693,0.6855448276838721,0.08519098031578243,0.026080016976132464,0.11343287847921107,0.6625047877109436
6396,0.17314824320070632,0.5378669859454145,0.6661503474954407,1.7219565212834884,0.6966355563370055,2.6962510203902665,0.12743058901124177,0.0333285046257667,0.7790406898402235
6397,1.0065939489498505,0.28565273522433315,0.372834272002268,1.9405082535261373,0.35542590797427953,2.5827967859216474,0.27774161291106014,0.0671526384045747,1.0765759350895119
6398,0.34294808238122965,1.3087257685173115,0.2437429565234565,1.4467838979940706,0.9561415387435095,0.792416221887991,0.0778076726904423,0.10494348564841763,1.2991767036107158
6399,0.07722786142066337,0.3972846944022426,0.3497261029271078,0.7844580849859009,0.24043926010948968,3.458056786723682,0.049523937997851965,0.21424051133061942,1.293961493267285
6400,1.1569621640723047,0.9161699654635811,0.04903336439548017,1.9732463159988565,0.3530000220075157,0.8443745916194257,0.14331183988311208,0.09905480416056868,0.6577982121569363
6401,1.0970596552216465,0.6243724494383323,0.4045067597360438,1.5541191214270147,0.660869023640885,0.6846725693186604,0.1597655744440975,0.11762457778360347,1.380544919802354
6402,0.0948372093938584,0.15368941618519358,0.9307112090845191,1.5900462188380824,0.657805123349379,0.6320474303440657,0.2651197568282248,0.08265940237597753,1.448251685714872
6403,1.2377431040196638,1.3805586404435106,0.07296798391092757,1.0288406081552228,0.829071493366967,4.191009286151429,0.1469441815829494,0.04772268861593849,1.442822596902021
6404,1.488237352280798,0.23108292484340584,0.3601599918918761,0.8966882846060357,0.3379356611887159,2.213275017352388,0.000762106813543495,0.05930176921662242,0.3976847613029216
6405,0.6943689002621329,1.3833085492772101,0.6246036791018607,1.1598067540816854,0.6123040258159234,2.4948256501062374,0.20956544989880171,0.11256133112862596,0.5135513426423735
6406,0.41801682910626914,1.0111319960813379,0.809666316279914,1.334874130077024,0.42150342551539866,1.2975385376219812,0.12990779385156673,0.13023397768068284,0.6172886660854744
6407,0.1637876560734504,1.3919891407938918,0.5342971098545025,1.1840692040981695,1.0726395540193288,0.7473635179883683,0.019318719641597204,0.06958290407878787,0.9332858427010073
6408,0.27613161871682695,0.32703933270722735,0.690682782181125,0.5036957451893025,0.5390259205989252,2.249238351476757,0.2446068523546141,0.12301957901714194,0.876409607986885
6409,1.0469775018262577,0.14825934888008593,0.10164688238258823,0.48874280335478476,0.88190180692057,0.5045637881562985,0.06793437804844821,0.019105817094434444,1.537994275004124
6410,0.6197880012213695,0.5172727182587608,0.5572271555856376,1.4573463971010563,0.648666377359544,2.5702604754771725,0.14249217406335096,0.0900848949780992,2.021421481560711
6411,0.7005352545746822,0.24188293821849197,0.4353634158969637,1.29272303844067,0.35347458921257396,1.0271023813448772,0.10115621739669099,0.08070676753968035,0.4755295688068891
6412,0.3376965212580695,1.3330179150099135,0.6226829475374458,0.23484677802429987,0.7217282867751044,1.3836336700959737,0.1228526509836665,0.08523004427790713,1.1700482092580329
6413,0.30593404518679135,0.8002269562013729,0.21770850587339202,0.5183109817926441,0.572364371393568,1.1879469403627958,0.04604294079205652,0.08636193481677866,1.132709597226289
6414,1.5007230313857731,1.6506538034813425,0.1801174466164889,1.038070563847979,0.5359306326683083,0.4839493553894192,0.1765206323095701,0.09690857591891346,0.5115516299374403
6415,0.5308799679357422,0.9499540161449274,0.07710866231095553,1.0867049422437993,0.5179586252433193,1.4890611660387647,0.08155108025856363,0.06844947615144051,0.4765132061797232
6416,0.034644175477554995,0.007155303423684534,0.1345539813968003,0.8033326095779963,0.6641398926489969,1.0819486458085676,0.09785672425758064,0.1299641994195414,0.19088326279885914
6417,0.15452509642771386,0.18674483765170738,0.11493719175697148,1.2763942477269234,0.873973391257421,3.6953346168791876,0.040675442093577735,0.010175285658566888,0.993932974333374
6418,0.280521067081501,0.861111206251054,0.26891199031596547,1.2671917960434664,0.7646717606522815,2.0909076729599576,0.06057797497093571,0.0850531128908899,1.271177376428954
6419,0.6625330897923163,1.1247405636521928,0.6661783082132251,1.8841613359422213,0.5134775245522318,4.530098849336231,0.17945652005311521,0.19631218494381625,0.2103594760124814
6420,0.04730310238743149,0.18147444919009117,0.6535299360122877,1.3113118942094866,0.5811432843613012,0.49384399598129747,0.010006739179951762,0.08801309753121686,0.4347163737279231
6421,1.5261907374366341,0.3112846519591599,0.4907990654483319,0.5238399905964906,0.6052467892102728,0.4872350065886222,0.23505225004234387,0.08534999162580094,2.09514760228608
6422,0.3835990646259628,0.6664357086382771,0.6393826469211246,0.7245906526379949,0.5561229262167455,3.488695868274598,0.05446672563772638,0.07212638896206035,1.6741717807821868
6423,0.508427567388083,0.7546319797452632,0.2414315630838344,1.4211883283342315,0.29369615329172005,2.3713335285966695,0.14462499089087621,0.12075679501846036,0.8378985821600354
6424,0.6165186960119897,0.8901846316552107,0.34831992350563146,1.4103161378403324,0.6156288708630776,0.9940008634525977,0.15134599330809909,0.12357813910158782,0.7567585512639796
6425,0.750556724877355,0.6910850118691763,0.8576545453774634,1.1681361042474148,0.548136256302214,2.872008374789768,0.0724453066964107,0.16766741428931276,1.4563045052515948
6426,0.10993518641872793,0.49615470903089653,0.6423738403694021,0.5741399771713501,0.7261662740969198,3.5162241792466506,0.10566733951761363,0.09917345926189493,1.395384650785724
6427,0.9382954550799667,0.5606634610445823,0.14411444279167637,1.1425641837740677,0.43795529327826554,2.4409972092137133,0.13772630236153,0.1136741711846963,1.234059593116687
6428,0.6667172953680385,0.8695338587601553,0.07018481816491179,0.7997865890650889,0.5116334773900851,2.5682923919258784,0.08395748415776919,0.09324204012308736,0.3336048116531892
6429,0.33370028519346423,0.48218270376154704,0.8569925763766376,0.9370818642662426,0.542878220408808,1.0027823602764443,0.1263301141859281,0.07514913145849528,1.0093282114794813
6430,0.23460264774052728,0.4223978367080376,0.12019077025097441,1.2012280177187342,0.5795729266487415,1.1743293558734602,0.000976819358502204,0.11866328864985841,0.9192025393836063
6431,1.9320694041050348,0.4428832750523642,0.4368075890502394,0.5768947584370235,0.47822018290594154,3.078232219993644,0.15962167928103127,0.09710568962004196,1.1414995411184794
6432,0.13404744702055138,0.33414695929879157,0.29148373959636903,0.7988516136394737,0.46072482462913533,2.339057894791761,0.12658185006253572,0.13164813091309438,0.7683887483791886
6433,1.8568784748388165,0.20532740448515438,0.03804455344405966,1.457558463004291,0.3528200787348075,1.8343012563563288,0.023310867659428858,0.15396277356105653,1.1469548577778037
6434,0.3306115312769163,0.6892595907936556,0.5427100112554455,0.40009250798348117,0.08743811515702377,2.970348782916649,0.15843321673621574,0.050075749458163975,1.8783637385708782
6435,0.14692154238862745,0.06524556283927535,0.18053345836331205,2.0319181116891882,0.2923257914209051,2.1176134799429485,0.10854319716673426,0.05052254997002431,0.6111061831139781
6436,0.2691898509713646,0.36239075006606136,0.8217814860110151,1.3537799836145776,0.976807364496763,1.607486624640419,0.011974098999616226,0.1026976620577907,0.7646941648974807
6437,0.47773273521189374,0.5385316909942719,0.520915711727027,0.5637703620469099,0.4751233616000986,1.0448770738183826,0.17900730275623247,0.10163584776130953,1.0012885895600654
6438,0.33631291617110265,1.1726134508365902,0.20977421875541172,1.3334493992491918,0.46177167256804036,2.0177730760923507,0.1545267768564748,0.07606787052339853,0.8191593867443572
6439,1.2627000047043273,0.9025861203645478,0.7745846411656683,1.0857063734229162,0.2404109553167013,1.901872889919481,0.006287358692996375,0.07644061695737032,0.7628310595329773
6440,0.4822013070373573,1.132337557859831,0.3182474437416023,0.06934694692593024,0.9906142621577796,1.397110880946281,0.1305541439618247,0.07993176775560029,1.1754550703709452
6441,1.0212482317629028,0.9317974926292731,0.5497507122849512,1.3097283658879955,0.15929207852334087,1.9850668288416824,0.10687552801016748,0.11855239842147278,0.12059155780165065
6442,0.5831874790992271,0.5830435246260256,0.21190861827389307,0.9922465790941725,0.6684304312489172,2.5065069902317116,0.19708170975038303,0.07354462323912678,0.49589831871053774
6443,0.055608757931793124,0.1662429712956358,0.6378574933386277,1.704421854563472,0.40130453901228846,1.975360637268679,0.22030841887238872,0.08071575693069316,1.9233317523347615
6444,0.3644449821364315,0.023652999712415024,0.3085471148014942,1.087402887469251,0.49650928405240735,2.2184722272550346,0.10820832082708916,0.1191948278807598,1.5173427033321683
6445,0.9706652620571503,0.6331002254218729,0.12700516047971802,1.5678808602978536,0.8098916784851864,0.9797371930701042,0.06412427460284226,0.053317822641735346,1.198961298595409
6446,0.03316760391775145,0.3246117121172946,0.4291540087816275,0.5959330394088047,0.30974020802962754,1.879306285294138,0.03487983494775143,0.102121228002883,1.816872772516167
6447,0.3942597978201708,0.42849051840729496,0.007107024246401139,0.40888550916694755,0.17072446482133985,0.6598439202139659,0.13074531321063682,0.1027437118288033,1.5115449437773187
6448,0.35732942660486733,0.810911952711542,0.3114155740547445,1.6037923537800816,0.2183917158291343,2.1567122109696735,0.13139139336092123,0.05992723853288906,1.6803679657489687
6449,0.41020436265973437,0.09009066759731821,0.3267612704289639,0.7646509673336774,0.062156877908840724,3.0965958968581777,0.04455152470384234,0.08006056986422579,1.9341323644705748
6450,1.0726072810618688,1.075833911020997,0.04910678821953951,1.1015491410623262,0.6041510405036967,3.5460117467208176,0.1752945663855222,0.12073237639135109,1.298210765871346
6451,0.8101260275815649,0.4014693664277838,0.13326275656141567,1.7732054068099778,1.099693541031519,0.3236595903439783,0.2166999472274016,0.007866580621060076,1.4738839009802387
6452,0.361277026611714,0.3597500027536761,0.2150665247072578,0.2596636576249012,0.3665052653827309,1.7850329570401144,0.1818836629544832,0.13947209588703546,2.113163175266505
6453,0.940757999827905,0.6370855777060107,0.48728260825294867,0.99756510691156,0.25692731671665425,1.3121569106015785,0.0674036942035601,0.0997321257505552,0.26762197777595276
6454,1.1069374535297285,0.9775833748649974,0.6505229906243841,0.7017692958223265,0.7543074113093007,1.4984369500776296,0.178112016785415,0.026935540593813465,1.5126675634134228
6455,1.1185973887074803,0.14695479525328495,0.32723198896980654,0.30516122263202605,0.8137608690417002,0.40322518230391435,0.11607798952646317,0.06910414599075221,1.0769546448494494
6456,0.6177980075163481,1.5089206890637366,0.20854955442609985,1.4272512620374016,0.4329762963511566,3.8468379063201077,0.19433910086669343,0.102723473879278,0.9060054173569353
6457,0.07427867307416519,0.778421947685938,0.4730263331152572,0.020348265247095765,0.20094484716653727,0.8529988983190481,0.17017394228166782,0.1331390632569281,1.5004539882849177
6458,1.0208162150980522,0.30580248841913554,0.2571105982933431,0.13878869057490095,0.3910732495813854,1.5009118948759503,0.04131415049719725,0.13282189610703996,0.1060067234612031
6459,0.3400051113381396,0.3596496872281327,0.481066039751471,0.9748764412494212,0.6272293979367759,0.6599330198374647,0.08978943461400427,0.10931423408705727,1.5041172485046825
6460,0.5899875107223992,0.08561647176503051,0.13243891664215177,2.467046181234509,0.5258971173824887,1.7472051385078313,0.02478212962153689,0.12401353935172496,1.9784056570941155
6461,0.5987194021303892,1.1251789661454354,0.2980415934388486,0.4139558653283466,0.754139055483384,4.300003754024426,0.10474098940053829,0.10420250260125782,1.0294077319475579
6462,0.7639464013483198,0.5816989059913487,0.5841091704593924,0.2799284600103561,0.5860408825077901,3.6130179459692346,0.23917323826266257,0.11993188894819033,0.7962009785703545
6463,0.3814047620535071,0.2474384807891744,0.7751359005111147,0.9849337571698428,0.4415330698592588,3.0723668336175716,0.14902558214564135,0.05298057101873088,0.5095870444581332
6464,1.0725519827208916,0.494417311816403,0.3370323230703274,1.6949975028073268,1.0888554958400136,2.3580687068500237,0.08270804189527016,0.06632797845287766,1.407480794062876
6465,1.336263810148248,0.4226907887427435,0.2590666771628918,1.0734386049974494,0.76513110755061,2.568223170177011,0.07447707592199027,0.09169033626650097,0.49006001149831385
6466,1.3770212418343282,0.4808265786207039,0.45493906121060784,1.451514113207778,0.1692651577184216,0.19076464757070122,0.18171904242320885,0.04811534827905773,0.6186453279051302
6467,0.5651278224905407,0.09806828327941278,0.31549202804721316,2.082883226076952,0.647797018338041,1.4360988993371364,0.007192615197677388,0.10235781697153593,0.16042577910349398
6468,0.22768877649075467,1.0458227583353343,0.4912610145056072,0.8062190413814614,0.576548088716392,2.6275093772610307,0.2136559763837326,0.054464573109732684,2.066646099872643
6469,0.6292943288627256,0.6013831183761933,0.17670398593090378,1.1643531971772652,0.18129415888312145,3.2831249310108634,0.08093338392224406,0.07028783912743193,0.5054911660120632
6470,0.5781491445566131,0.9130398118543124,0.6718613106402829,0.9125170884554187,0.5989535909474355,2.8144692924103447,0.22015203847489345,0.08604403597916249,1.779352424998808
6471,0.3775338041016751,0.7511132603164735,0.5625265680194383,0.555972570848212,0.33294717760270875,1.9851928194814739,0.05037766583283453,0.06647862626515395,0.04517917928853321
6472,0.44395025178169456,0.15895804422219628,0.23460220836641607,1.0309663410774141,0.43992125743816285,3.236140646378134,0.21541855500665763,0.04826438613297482,0.26100127846940624
6473,1.2943963889681176,0.35152942228336437,0.12183860415465184,1.9066791074269447,0.2154699469485964,1.3393907554805227,0.0905209471378941,0.13470285716993105,1.7126590341894596
6474,0.6337244784406803,0.32501401579211703,0.3932737506775357,0.2637535037138319,0.45301339439222177,2.635964307968758,0.13817871201018384,0.12458524209301912,1.48104349340038
6475,0.013518272373359286,0.48342343620012324,0.3217658233452002,1.2840191724005887,0.6460301560943377,2.1984248169673903,0.13379133321372558,0.08696854618463243,1.0834024357803853
6476,0.6317587393837953,0.8572414320791801,0.20694311521982822,0.2732421772106255,0.7682406990935762,1.8279832648552938,0.3088948012271502,0.03814206749644894,1.415431220048042
6477,0.031129720152904883,0.4034669365917377,0.5591929900090465,0.6953810551599118,0.5458277798472569,3.046706591268599,0.04829312208961361,0.15145519177562888,0.7408380187277381
6478,0.6321306659220547,0.13353014347146397,0.7324892727252823,0.8811750287942545,0.34756653062995,3.042829874927337,0.09164608350332874,0.04810656868593699,1.8435472521000456
6479,0.3151888551207142,0.981735502022592,0.5072958337192722,0.48363546890379544,0.5058373371856156,3.3485515576795253,0.1343646815899197,0.08143454060777741,0.755448648107361
6480,1.356330056317617,0.9940369232719095,0.33934263664745473,1.3531506485764986,0.7467858391379376,0.5205603868096222,0.008926234869188823,0.17038974054356687,1.074692725514584
6481,0.8218752290326365,0.48576205524726535,0.009139331767843095,0.7822795732899777,0.5549945862534285,0.9638518705661426,0.028134391472781822,0.1878355656451804,1.321879463987429
6482,0.34120960772100206,0.8570218522374844,0.6064068991387951,2.324511694662903,0.7182402419086242,2.808237346002913,0.02947235119726095,0.10806649038444005,0.5303563429494457
6483,0.25186051832148093,0.7556117250146321,0.29667980333336946,0.782073371018386,0.45440600639913054,1.138484786695867,0.10780220995669233,0.1324182619382985,1.1877685740870099
6484,0.6253550030125823,0.14610311258871816,0.5066392346440964,1.2516984672930318,0.8030737703118458,2.9758448630404453,0.0735421568064809,0.08395005153542072,0.6684413432369769
6485,0.8350696620954852,0.966312016537872,0.21058171696358505,1.6277087386110782,0.47184863016186557,1.6295906399088615,0.14395277175640117,0.10984418737374313,0.5426853992898206
6486,0.8436623607175333,0.2784697274607341,0.5003343541684246,1.5820093234068855,1.0826066491633504,1.354461232106627,0.1536004051282949,0.0704586433846931,1.2769014935304253
6487,0.29415732772424164,0.48549031469516624,0.6479539467639512,1.4299581118136766,0.592183333598435,2.259378310474594,0.12982795543839418,0.1116371452845214,1.03264494163116
6488,0.1745234889632657,0.37061381677883715,0.366154453009536,0.7351264072522898,0.061849486961204236,0.942717247316235,0.023357466271720376,0.10183750087453239,0.4788996080349002
6489,0.18252024993103305,0.057386516047653435,0.4826817078564729,0.7991275647686729,0.5415126510882585,1.5614484698801967,0.13529699299128242,0.1026395790962927,0.24198557090777995
6490,1.1664399670513663,0.382460346481841,0.07207696847406908,1.3832659767218671,0.03494542282944951,1.3704084651719868,0.09683740284800937,0.12231915601215836,0.4712287875914846
6491,0.49327807653031863,0.049858058623140966,0.3325087613602021,0.6355434001328053,0.38695895358944127,2.047324410805075,0.029084878319553795,0.10223152634118925,0.3946646796143229
6492,0.7308692366480234,0.27190971245636236,0.18971961262265288,0.9851139684740211,0.33283650332460124,0.28850012009213266,0.15673986192228778,0.09326937204665997,1.6830343787742699
6493,0.07226376746469027,0.6345642442171794,0.003438766997704845,1.3348623198496423,0.32808050521568016,2.4874373088644255,0.003740189189459203,0.12069703537860886,1.2653021124487414
6494,0.4754913076620674,0.630433524330501,0.4011056333560902,0.7924426189228854,0.7484368065191148,2.509903319944814,0.11179337947673398,0.1004561203726591,0.003733201730820257
6495,0.644204209939639,0.4851023406751953,0.7968739496198294,0.6863514329273865,0.5989175117283257,0.2732307084803782,0.0835973123040606,0.04153179350566531,1.638813680257429
6496,0.7259084034181693,0.992194668512318,0.5691669923041143,2.0932726611101238,0.7954322134685818,1.9593841067508442,0.07682158913206875,0.058544712516135494,0.24205555512136034
6497,0.23579384454089503,0.27725859405665493,0.6635169381887922,0.4605508907919408,0.12186481513120018,1.915454356320393,0.18722744853635917,0.10142079072650245,1.7980477032719544
6498,0.202417426187551,0.5584070164305985,0.650349997680922,1.332998866647362,0.17066699393873386,1.710395017936577,0.22564078314726255,0.12856398378324801,0.1425864460651971
6499,0.31173826444839403,1.406309257165278,0.4023419373436449,1.1958952813186667,0.11333769136550342,1.1740970124940913,0.12075655658598686,0.06893361162511186,0.22341963009054977
6500,0.4733594071033139,0.4152359029581495,0.375603627926362,0.8369161392054307,0.2544044900725479,3.841730945011621,0.13471282724030545,0.10091893601004062,1.047629610037335
6501,0.26490913971807273,1.2264644939430314,0.15040386188764054,1.2356304088720287,0.3233831437691841,1.5795760969738213,0.16814131361029916,0.09826267817028685,0.632548596028441
6502,0.2590145789327742,0.14304948561989014,0.9640181935559878,1.0280101838636884,0.507400891764742,3.997785520742502,0.07016413430784707,0.1051475465884169,1.190368461575245
6503,0.920705538501895,0.5639335153560712,0.7430910644005353,1.3204677922240755,0.3500673796117558,1.9246366324554052,0.2098151504526779,0.06739474965265317,1.3519183827804906
6504,0.5617290855916504,0.0863093145397193,0.6160153070073894,0.3158224391145342,0.7442994266965692,1.1460514187449489,0.10178664805252947,0.08126270175362892,0.00445291092271316
6505,0.26334708359986275,0.3616626485243326,0.4863303095274679,1.4633190170981738,0.7014700808752048,1.331520058168984,0.285645532123628,0.15202256903792072,2.9025993778302634
6506,0.5940492402564177,0.595008154662215,0.27062999318862024,2.3694129824906565,0.6826024609182002,1.0613808964643945,0.1760319797824661,0.08126361938221978,1.2307691975627904
6507,0.7570524073254479,0.6681742502031456,0.6127467027975714,0.494432687139099,0.7297910646784828,3.368240342373858,0.17181989191310693,0.13088101936033714,0.7117855503595689
6508,0.18522203584700175,0.8255291542004236,0.7100941739669631,1.4986783594596063,0.6381134846973127,2.5243707513652325,0.2020592722888144,0.09583915200167079,1.6151866273690274
6509,0.7210370305885496,0.4340806063097443,0.33938837090217977,1.1667690642580204,0.17962669450518742,1.613464853189961,0.028554470279413657,0.08732110394559967,1.0939533025563768
6510,1.7067164108699213,0.3703135830383436,0.35129807708907507,1.6403128813867105,0.8008520889053953,0.2895640862637088,0.15027539583803443,0.05616134527676866,0.28882189440695083
6511,0.21660484135014796,1.0114361318852536,0.4433586703808959,0.3585300101026804,0.5219252311489565,2.846209660191419,0.048381179736429976,0.10563187564782102,0.2177864745995337
6512,0.44979045832055375,0.6996439145008253,0.3299573061324226,0.8204945760047562,0.27820789576389465,0.5036763019648403,0.09002575024621529,0.055178455817706196,0.27956606935717476
6513,0.6890213396135494,0.821033124548942,0.29362241364257097,2.244015954838898,0.6395297830870976,0.33016532821078615,0.15451760517754903,0.13397782752860504,2.0325851864618256
6514,0.6651156115746888,0.42442618503964513,0.3200813699815211,1.4151231308574488,0.3673466975023054,2.065241618888613,0.22313039510787086,0.04822143416208116,0.39492789271607215
6515,0.45717954751423895,0.2830632384060027,0.33908547450911963,1.953400746794459,0.6213390056154952,1.2223093369294,0.021575872530283965,0.04346229606112915,1.9851157406189743
6516,0.6661959604396726,0.2268263747183862,0.621620754843673,0.004218473081710861,0.5623243789737411,2.2779083061871352,0.03024246355554859,0.08014703978058008,1.4815436417366445
6517,0.056471442896356194,0.12536416440986478,0.10301321405317587,1.4824196107850658,0.3736244377212402,1.087464939732694,0.12245081169701898,0.09906849067158777,0.19179324017987642
6518,0.44049736278357976,0.2677712846513429,0.13634334649705646,0.07999383848104835,0.6434259679905044,0.5062142893181139,0.25915632469286115,0.04523289371847293,0.6156626102321419
6519,0.691243424680079,0.2763892680530645,0.1547378235474858,0.7416690688835063,0.6968741921757549,3.1300946295603227,0.14696670043480095,0.08477958215523192,0.4606014415193804
6520,0.3937466576066229,0.8591433329830653,0.4018840412270245,0.8040072360783554,0.6903782394181377,2.086046481836273,0.13027865222833454,0.10399796733741005,0.5383728703432266
6521,0.14588387002744688,0.4154250709258803,0.20439764035723954,0.8478560637808448,0.42304873084174516,1.4664967636670758,0.25178024973425284,0.05042328402658695,1.4869047691325887
6522,0.09213863517066723,0.4789050228266877,0.7313123573598019,1.0034562378437404,0.7379623187479284,1.6400266926410143,0.2365558821056209,0.07326130117479442,0.6402140652574165
6523,1.4794334647787564,0.43742837860240363,0.6442960595973997,0.23700837740244907,0.5166998677982919,2.7360921543889436,0.03576885736716991,0.17928614118833563,0.12328508831611495
6524,0.3613764157175952,0.4829497635399992,0.354654289719714,1.096572241647001,0.6512485617240868,1.5139407548854504,0.15178002637358728,0.11298998020179463,0.0882272129077678
6525,0.0609819357369564,0.5501752910498097,0.2228703130470736,1.0335165276086955,0.35705082963568013,2.386759321302895,0.03898128859722998,0.08871144019074041,0.9545423046755991
6526,0.15612470522948518,0.39616510203231986,0.10898806908520672,0.7531745852379482,0.8758099839305107,2.1299567168018836,0.038794290884866856,0.1041104457832745,0.9567882905539504
6527,0.2676231223422357,0.07127125031974874,0.4266149644713979,0.1354751907968883,0.6058277105781531,1.5687415114174477,0.02948248507135437,0.09226199428215197,2.590790692086933
6528,0.11766935176977922,0.29306667503802597,0.40018703503458236,1.9858092622444148,0.676942848748467,0.8157749350799233,0.06933932259720502,0.07785666470621797,0.586858873599484
6529,0.5704470545998124,0.25466164958205034,0.8577391360649378,1.3495293357046325,0.3745208345661974,1.2933311195796158,0.0737894741853441,0.1552485009250848,1.9796235534155218
6530,0.8315809690443661,1.1650859244376077,0.17150661915445395,0.8395299341717327,0.2821128069635261,3.11859415341201,0.0684537545252798,0.10047619577406211,0.745350040179808
6531,1.7283159178105543,0.13197202015584242,0.12867482562299054,1.6168662965620952,0.29857960848450005,2.7220948081241882,0.1459739607029219,0.05603403582018342,1.4008328234461485
6532,0.4331385830906697,0.7578997345332088,0.3213015524328312,0.3774424520394004,0.6716669993523181,0.09434274612841764,0.09984644829742924,0.1154241697000684,1.3015804552520187
6533,0.2549348270595477,0.3435220521090357,0.17257343087556523,1.4541248229130697,0.624584229239924,1.8627167524648054,0.07958438474477456,0.10535431695991757,0.14806852027429673
6534,1.2408731403211712,0.7985073945521297,0.17930551955908663,1.7934149708541316,0.41075195690615435,0.3408155320527808,0.0702880682604762,0.0947081000725398,2.307325805052943
6535,0.6778333560563079,1.2165431678823564,0.17770517851827447,0.5892342434005444,0.4206760941253058,3.4113251359056105,0.12535710791131735,0.002975252364459141,0.39291732204224983
6536,1.526734545332302,0.387305591172885,0.4818717900027305,0.8809234540736541,0.446498412156455,0.6568796635567729,0.09508664045131414,0.07598906447867732,0.6023900077563591
6537,0.5495862564270335,0.35541897968763314,0.9322974585886984,0.9645874253025568,0.038185377210496974,1.0521249715498295,0.27764153238494477,0.144450349296518,1.99363319546318
6538,0.05744923990762449,0.5796859987715508,0.48119825411519224,0.3354645250116942,0.7533197651258783,0.5951381313446875,0.20014079497187948,0.06257631328110869,2.0055273821892508
6539,0.9259898971781937,0.5589255119530044,0.5932287238939671,2.236020661221396,0.3674481544502597,1.3515698769957583,0.09130662168413,0.07743341857680017,1.504993648489707
6540,1.4676318549326741,0.45941249479503665,0.26320862875173767,0.6845933247015576,0.655535723232261,2.8709205712117436,0.07681141398775303,0.11408058532950578,1.3584551319932827
6541,1.205021239257776,0.5468361228517807,0.18204414071183736,1.5945378762441207,0.3417990122283596,2.5085707920154627,0.1309907506756705,0.09157924877740074,0.02743675162605974
6542,0.6061881257506267,0.643530069777682,0.6630490462248837,1.9561649226479536,0.8814384776590516,2.0108696331355183,0.11758695813335067,0.06576373898723534,1.5885180059865602
6543,0.19260158180773373,0.476356746239223,0.30483874090149,1.1798363485996148,0.579488191432632,2.238519344738074,0.1857997856086115,0.1095089062584492,1.642443198865893
6544,0.9990328763598082,0.992824439312773,0.5302651017809807,0.4623737280034933,0.07988461396982405,0.1610328248682522,0.07094971233080705,0.06870683410748676,1.0314894539626664
6545,1.1076606929027135,0.19551980943155284,0.23350112224330832,1.0037809065887358,0.6014149126908901,1.655879099148239,0.07698664654147072,0.0638247824901458,0.8628277757877584
6546,2.272384737208415,0.384308751726853,0.7525565719020554,1.592232848219605,0.4279142651431067,1.9476597745414963,0.1627602379185886,0.08771302701026837,1.8018379580205024
6547,0.03151240410010486,0.899300898729614,0.49792311351058827,0.9127591491548622,0.16811642309258512,2.7958456731050925,0.13946398563077517,0.0798225593950127,0.6662029511353776
6548,0.08259904690034839,0.2110787121848669,0.4080554726371119,0.050086097981093536,0.3038253747125421,1.4726235643048973,0.08698205968703895,0.037959615852587225,1.5247293899518932
6549,0.9238649439858668,0.1992060647215224,0.37151479116969593,0.4689346781285529,0.9144211396438813,1.6652453771012672,0.1535976464873189,0.04075138185341097,2.0332988358097364
6550,0.730543451263963,0.7903887786427762,0.41022600279248234,1.569637426019654,0.7704625809883017,2.634936374650894,0.23731458308425663,0.10868234484242034,0.9376389744834593
6551,0.10879529979649866,0.7536518323333538,0.17558760588348138,0.7913972631558828,0.43863737434423755,0.735511544585424,0.0701946473626621,0.09215411468510526,0.712884884330967
6552,0.36705897966331746,0.5826006148712872,0.3709455945994056,0.8884789341202112,0.5487336331074509,1.8449448096712993,0.10197572179568866,0.16653534875958748,1.6311132536274076
6553,0.32012800939754515,0.6385284894174879,0.4555694668599855,0.37929619581651275,0.166430428534096,1.8737870849702087,0.21331704343615326,0.07689415259135468,2.3354210198650724
6554,0.8012758329550242,0.4132198431701028,0.05835855925444028,1.6579072275103055,0.7760881254359835,2.6755899082839005,0.10164817023153666,0.050356849833234046,2.3221679516349316
6555,0.9700644312543467,0.06866181530926418,0.12403860911279835,2.902605017970331,0.4435346600308397,0.5826810488952325,0.20868890965753994,0.06777376982576622,1.3429334416293768
6556,1.630533192583177,0.3201238960839019,0.6807093534319401,2.2083050533913857,0.7739907980631292,1.1697881372589958,0.26528422079402886,0.09884433942819648,1.723491591443877
6557,0.5043575242743031,0.861088169843157,0.14889059401298763,2.0240529401665572,0.36635137161923564,2.3032753255006,0.05970771658193472,0.08244268254176465,1.2021472231211399
6558,1.1919102098238488,0.13984448983921802,0.07883187400558622,2.280875494417758,0.8096660926029444,1.947385008784758,0.16304774279395026,0.1243731947549084,0.5401074049062495
6559,0.6959948799860488,0.32397501501099457,0.2836734236491808,0.6744058049406167,0.7560359525601842,1.4778724978387185,0.09637429920263983,0.14552691919877508,0.2630239326253565
6560,0.7242932948931105,1.043038561078628,0.013203789063544469,0.244765568947099,0.4424200517868213,2.5375229107096904,0.10695975898629193,0.1087304356808427,0.7978123138318637
6561,1.0727474878316243,0.26571786687986637,0.45182193855761565,1.2755100804156472,0.2538740434919674,1.3767497056968945,0.03262508110079114,0.11382250056469388,0.2721502849794647
6562,1.0457848370625413,0.009660802916124978,0.10385699560853862,2.4321891789213557,0.20457034709768313,3.208085911851196,0.004633077067718178,0.07115276824095042,0.11570439304515201
6563,0.40263812136249566,0.8993236935423556,0.18876029930581825,1.5569247847093806,0.5277807786934531,2.5163174662577967,0.1485332367014904,0.0898781095937328,1.311778263867655
6564,1.0644823818055622,0.8342873167603021,0.31132083645136827,1.1210581259912498,0.6046867270128434,1.2884403267615472,0.08972075904010368,0.06286190070896545,1.4934490761397834
6565,1.2920241320107293,0.013663474362469674,0.08071903257007557,1.4493504928665932,0.4223161532756011,1.669045978163264,0.2769145681552843,0.05981461053305428,0.6591009830108157
6566,1.1469975988716992,0.7616247439552556,0.5752502863420204,0.43449599111324044,0.2597531340629827,1.67195858093232,0.07199027994223367,0.1257342203972014,0.9308470181657515
6567,1.8052421613362826,0.7690255147529292,0.0996168935691869,2.0867966741807136,0.3904899799957855,2.1358139104824563,0.15031300272387269,0.10401916959340969,0.52753913796531
6568,0.09903418618208584,0.6530133255380248,0.23326834256495177,1.0935087545429267,0.44145459825045325,1.1529018127617396,0.21443423874194037,0.16441109562208484,0.3560029707413874
6569,0.18053022502672134,0.25256308953189416,0.7470413597034713,1.2934708346177914,0.43978783671035204,1.8005057197598024,0.04375463036667249,0.10258533394555311,0.26224617085013113
6570,0.6096856898148162,0.21447626232775907,0.3535190950298732,1.46911281526644,0.3896242834847338,1.3577959693014847,0.1021455062672708,0.06808531258795383,2.4429674705654265
6571,0.6423860551943222,1.027053792591327,0.33405789583953344,1.2285271379824347,0.7410496214619391,1.8970836601566308,0.14155186324400165,0.11257187270344418,0.8441586905452582
6572,1.82467443825626,0.42621816223680514,0.13725803472939688,2.442026344379711,0.3029490282957964,2.7824643296620284,0.1651042361492916,0.07653381642713994,2.323464365926367
6573,1.0729993799613233,1.062759623959442,0.1986414366200872,1.2222239364534049,0.2665628468929865,3.805659067541365,0.00012348927721736458,0.07981537720632872,1.9669404984192371
6574,0.6712157905567275,0.40469469832320004,0.370209290749272,1.0551155244973287,0.6198284404022388,2.335774713120117,0.21577861759780997,0.0541370820977786,1.2341009303548607
6575,0.04058760280402926,0.6723882348831807,0.6655511704408965,1.1529587200972016,0.24860924483157026,1.286138152962344,0.017058897157658126,0.10190200385848651,1.8516327221446234
6576,0.3778182871358557,0.3672742134220284,0.5655323720681602,1.4526750305061054,0.721489547587706,1.8570737268944855,0.10388669245322403,0.14682057274298538,0.6986233548145413
6577,0.13936017271420262,0.873675295475369,0.49198060189675563,1.0677386212576772,0.607426062579956,0.8808214836995225,0.06535260132400834,0.0816714285189446,1.0839455140686607
6578,0.21822846338324,0.2589912838638587,0.4529217102826748,1.1656339489181387,0.18870454676956172,0.41736052616650876,0.23828357915453663,0.022246877703237952,0.5970181913861277
6579,0.16683675052684657,0.10333850963385305,0.43607228879496746,1.2316025017977417,0.04590666355069256,2.065675434450153,0.025836622169431417,0.13190680756355488,1.2122163305145404
6580,0.3771768566849364,0.41302953788198093,0.07527210334665319,1.6447124455377118,0.5178120614122897,0.8191059497263773,0.06203099025435727,0.13231359529837,1.806898582636223
6581,0.6335766891895198,0.8528058974221582,0.055937121821503843,1.7130660966240536,0.7464715738784015,0.4533359880716066,0.13963499652751143,0.1523410139105314,0.43630235730901307
6582,1.3886152880509477,0.5926472501497566,0.07318623930998802,1.658752490565287,0.15138972901981124,0.024292675505405814,0.18351186999512747,0.11193525173149144,1.6387947443731616
6583,0.23224011746108864,0.36541861282825727,0.5300662815592012,1.1143416890344684,0.34367549806523895,2.679848744577753,0.09723478443102472,0.08096060002745313,1.1786001684451581
6584,0.8632520990722083,0.6773306478554161,0.8443612584113568,1.581166170992856,0.24127885614334982,2.6675074792476927,0.14818172516046643,0.11312270504116931,1.270067583279547
6585,0.14885992492581157,0.06457823307301724,0.23101495664279806,0.8924219998850056,0.10418642608790274,1.8506587909596477,0.2082308655435746,0.011524646626147397,1.0603718271509064
6586,1.360999621346858,0.7722204849725671,0.9347280010650912,0.940304001798077,0.4994167733345846,3.364911440417457,0.24860640171908366,0.04981419600240692,0.10940611860340599
6587,0.3076701164781606,0.3728992878414959,0.642873943016459,0.8846159650418158,0.3543332967658762,0.6030851190758559,0.1350737558696771,0.14238267054247591,1.7104020630437982
6588,1.292469278220274,0.6618496174971168,0.5202159663014909,0.6537799912877333,0.3161810334826046,2.2183700602223038,0.17850760850281475,0.12241778393936269,1.8118968482042317
6589,0.5724512348737553,0.28468353939016483,0.3876972945632595,0.8114060122994452,0.4535877249948669,0.9752896418046781,0.2409858383820746,0.11529867113070769,0.19801949802439933
6590,0.08775280149640893,0.34902905783658594,0.7077375191263584,1.404782000423272,0.46771881290119,3.0341088154621074,0.2714874368097244,0.0737842357011625,2.356176394416814
6591,0.7176460890705194,1.0952985468882965,0.22858315001422919,0.12858129534244422,0.5039307082946761,1.9010279825859517,0.20790211392425884,0.08415996804816056,0.5253209187333985
6592,1.2506487194560318,0.7873906645540395,0.12982435167728826,0.8541646123438513,0.7424456287769989,1.3605747753855941,0.11076242417611004,0.11955355113829189,1.293451952503262
6593,0.20351370338080893,0.6853992091183643,0.43593939169289264,1.1310180296701293,0.9159989200900349,2.2646896332691915,0.24518503209891374,0.10087171423978814,0.8030584521612704
6594,1.0918831322929798,0.5497683982146271,0.08490702050708146,1.592001123752083,0.31845817023942913,1.964350439173525,0.06866561141625248,0.07921238743721737,0.6503944416499652
6595,0.09113870407875818,0.8573097043521727,0.8381283034958464,1.2207526366534018,0.47172026319916843,1.8162972407203617,0.1297209019213906,0.10349816707750237,1.0444884396613712
6596,0.0827849271145095,0.660675308931703,0.13304467287528363,1.4471992464878214,0.7463219502327545,1.465880040834938,0.11820182381433185,0.1258339237574334,0.9666221131388353
6597,1.2055968031171627,0.04424631393864831,0.30505141509748357,1.4367565163579177,0.42877754219811914,2.156110291809804,0.02391643075166487,0.08579315216499635,2.2709313348117792
6598,1.718572319616039,0.6820749092030517,0.11217224620959876,2.0059652605068536,0.3053857836737517,1.3520228868516402,0.3003591999000171,0.06844220395789632,0.4103535442254061
6599,1.316099313381699,0.30202187227009014,0.15055925321536576,0.8894943571483948,0.7053427535581677,1.4016771966280048,0.03757883872066545,0.11508068212476547,1.0926660543666138
6600,1.1549905981077835,0.05079661268483021,0.18321663120712872,0.03124970387953896,0.40887074564250053,1.2383337280816498,0.10762913205403486,0.0484708849426315,1.4048724478727448
6601,0.7091928919926679,1.0203370336209714,0.6776241311130959,2.2974341698316256,0.5759300959771311,2.635486925815872,0.21242592264695476,0.1051927783344121,1.3919042790488585
6602,0.16113345729085446,0.10257358509603201,0.37580784343664575,1.36577293726238,0.6648967973002883,1.6029771745420764,0.14112463271393993,0.0739720633941883,1.6095694676353816
6603,1.0987609017926396,0.4363664953111215,0.7258002669300683,1.02718296747504,0.5503971043370725,1.8763161320744335,0.15833783869880488,0.1229128593634054,0.8620302341498955
6604,0.10808777477363427,0.6912678378280019,0.25764792789130087,0.8029244059518873,0.5832233437864376,1.8899822648007725,0.1903212370199333,0.12080713497500972,0.5991031143553158
6605,0.33302029312402603,1.0204089288894072,0.4533343452532959,1.1730847475290869,0.49129591007893103,0.9197687205371122,0.07250304306856922,0.09337475578480753,2.0094258504074114
6606,0.9341222213514859,0.26231463921681775,0.5770749078626595,1.5403941135429033,0.6845424754381786,0.9958629589216549,0.14534029544112337,0.09029649737837622,1.7719287580002103
6607,0.33163134207477596,0.03856424616569898,0.442063088206033,1.5952278709059238,0.3804134495599133,0.8748313583070677,0.1571594333069402,0.12662857825612944,1.5522075187180828
6608,0.8372022730079274,0.5875328399646244,0.4467067443336759,1.3911474069260388,0.35770714853899616,1.7316249348815758,0.02901369184785696,0.12586945517163858,2.133809136129713
6609,0.9035191482299221,0.8716741833110802,0.34377607068205196,0.719279461009162,0.4022896343093374,1.441342007020938,0.3323290655053607,0.14152973540367791,0.884187067841755
6610,0.8606152666209654,0.08759178884420543,0.028458270939992814,0.8707854194346242,0.3010269519569955,1.0947944195176298,0.08271564898448786,0.10968988317788572,1.0445819640248866
6611,0.9866229074034911,0.26361494419966774,0.7124619278723674,0.5381995959163227,0.4648498606305457,0.9791877896012505,0.06853659354782299,0.08378123146739283,2.437152450595062
6612,0.6203910833474606,0.9425980338176019,0.15328029303199991,0.4405069888139924,0.3753907751389636,1.3425050310160664,0.1734605665834315,0.14975323800026766,1.2022724617440717
6613,0.6373647532457425,0.1668593468027067,0.357916247405186,1.7809071699209775,0.32024313925195935,0.0010514552099007979,0.33463416844307947,0.10424946833131202,0.006949849393928398
6614,1.1971562090872214,1.4381525167109517,0.8441935519819989,0.36667591931012,0.820541689780563,0.9368332012584375,0.19705282463599433,0.059771707077975224,2.2770791435421804
6615,0.815694757111505,1.0681251102331077,0.8401178203082075,2.8393413280732323,0.5305014558234735,1.8432923586161962,0.0616937708165864,0.09396350223731252,0.5220695878441792
6616,1.0331739508870779,1.1324061312071585,0.1170214848613001,0.7289405160098217,0.7656003106120819,1.834085683680677,0.06020694900608449,0.1146873247802483,0.05716072725606469
6617,0.22181856481712167,0.6631509529877058,0.8103473601743676,1.7001008126116999,0.1138135425397453,0.6235367817027726,0.0652660116169502,0.09924872731890588,1.0458173359663765
6618,1.5809905981539476,0.5746099601081437,0.16090042947098884,1.5741419770777325,0.6200236950034428,1.1792820448941521,0.16781484673843194,0.08935073494501167,1.1023530842711322
6619,0.21125087370996282,1.2862249366883547,0.18282584399823967,0.9038206049131894,0.48328139292931277,2.9572447027750233,0.03440951527683035,0.055571679696318384,0.7681733327538791
6620,0.7700918272424759,0.1311532727152905,0.3510912964776906,1.456154536718131,0.5999373576965064,1.0695781365717287,0.004263796146383211,0.09377991670970728,0.8447005127379227
6621,1.198532781424765,0.30143320452040145,0.5251367806013252,0.9775064170785868,0.687971157730393,0.48308154751423293,0.11149436730761708,0.15316141474682154,0.7076685268440923
6622,0.042102697096987635,0.727055001678211,0.4341188803887963,2.2508025261234312,0.6437651680236249,1.2062984400622132,0.2762308965767228,0.07642936611526167,1.1179788568548528
6623,0.32898848405502457,0.08692780917252341,0.9246329924586618,0.6996863006810246,0.4007766517591672,0.14636003149732835,0.03636528322197864,0.0348125945943467,0.7066150502245891
6624,0.7925488345493217,0.2699462525764716,0.5465426262392997,0.27698881580182266,0.5502419917322317,2.6029201470841454,0.13848164324858364,0.14252933482991084,0.3126804115038777
6625,0.1636714873359514,0.5558393700789755,0.4950063772345847,1.3749871776956506,0.22204604098354597,1.7757483104819898,0.20122259130931414,0.08734924817024596,0.6676641656968968
6626,0.338996172751108,0.7267959738561653,0.2087275062461812,0.9272286915891996,0.5967182540835305,2.1761119930770687,0.18078447720583857,0.09025842195139894,0.9052587946581421
6627,0.2083452243027803,0.18432902291393033,0.5608739657628475,2.287626024143659,0.6981425108324583,2.981330408549077,0.1916465601949618,0.10618906141515981,1.849682625970237
6628,1.1786525860737853,0.6574805040338192,0.7762001340320486,1.196512787365361,0.6024240169226456,1.9443705483435425,0.11480449757770575,0.09140425444916697,0.9780030445981831
6629,0.17042349092029335,0.8717149540280777,0.3991721427104241,0.11777067357355875,0.2818802067181203,0.7494556285763386,0.1271862024114492,0.1098445880436376,0.4807699593593666
6630,0.3659895431376876,1.0072868134108905,0.5258862804233138,0.6462792667132444,0.17732722492914527,2.300805941295248,0.1937207611368619,0.13376975840453262,2.1163771147279062
6631,0.8303196581119765,0.8457295472788473,0.625748351932742,0.5026476622520755,0.551461709821889,0.9539525259661916,0.09826629342999185,0.06937850149852404,1.1246503970267765
6632,0.1766379968708862,0.9491873133647226,0.14188349006168574,0.3744460271166783,0.36745413368359114,0.09044995791191446,0.1367158430542818,0.06597922825486532,0.6052063914079625
6633,0.8931748361471903,0.4435275747379628,0.3466218861126036,0.8804267011212981,0.2087302251240658,2.8026063306382505,0.21042455944973437,0.13994817222047495,0.8459540374542752
6634,0.9408955882782775,0.5634970929330521,0.6718438880922205,0.01873837899763353,0.5298048748955679,1.6398996647059914,0.17391651442386524,0.07597991929948983,1.6969029295482814
6635,0.48579934726044055,0.6677817683423216,0.28951175400488305,0.24791461446749663,0.4152366411314452,2.4025677287091325,0.17693282887415798,0.07520116293317822,0.9746887084485081
6636,1.7975261281002235,0.3363488974949927,0.185643587203042,0.02901534291933472,0.14237922330082708,3.7459031880954754,0.191800232034471,0.08586517280817638,0.9491328281938368
6637,1.1224972885010502,0.6419880851534838,0.4762750094352015,1.1077462898955623,0.45153490165291876,0.22655789122895365,0.1233614513568819,0.07577341540323893,1.8494902481319784
6638,0.253766524526673,0.7445612854150188,0.0005543663844782554,1.129675499021114,0.0833720759469524,2.6775080322189546,0.2034226067921629,0.00211316215612653,1.5082504932796597
6639,0.9758578336782813,0.19035671447768812,0.09173682005949274,0.8181016303075471,0.47786824262419897,1.374969043095002,0.1973606419022198,0.0619532179416725,1.1370479782893521
6640,1.278244605245348,0.7744297924179131,0.2815238027738318,0.7117498422884123,0.8700639297374724,3.320908232575149,0.15056677184911874,0.07260217599891616,1.4824408029065332
6641,0.029520197534405657,0.2203881280691889,0.2839858146339393,1.4249663750388781,0.2678515379077264,0.9222233596900296,0.13067595671532312,0.10212978944446408,2.9311093116698594
6642,0.5348259709550642,1.2665560663635627,0.5498169517374725,0.5413882158529182,0.8197247626798396,3.076041424833054,0.10103025707150419,0.16960359769017608,1.2502372287818646
6643,0.41212898420402244,0.10325958246270284,0.2960890305235669,1.3515336060033625,0.4888781355176754,2.12772511838844,0.10086836301853509,0.07173215760552583,0.11744381500266121
6644,0.9944413265696121,0.5426301430608499,0.5152395459260255,1.7146544378858737,0.22192181607624434,1.8259654606863414,0.11726450969710714,0.031954168656185555,0.9344729142631639
6645,0.6394946961934458,0.3698005349328836,0.018861588869981682,0.4710548683579265,0.5063152271975467,0.6375196581147984,0.051801234710228725,0.09323914897269053,0.0944639468343923
6646,0.814981660596624,0.029947238782378205,0.17369164757175867,0.9118540094708687,0.20370783691079797,1.472001242967377,0.1193622142683019,0.1179957477504385,1.4358895992101752
6647,1.2864401109956838,0.6189560544829293,0.37039370305884955,0.9394168667866041,0.38917907537946167,3.8340327113204626,0.055150866503056346,0.09228046861277117,0.8507139132982531
6648,0.7331270372179406,1.106212326314964,0.968168877629942,1.4263876020783248,0.3002662962193186,2.517189232603396,0.04886017441132212,0.11039029628101789,0.3290158933763626
6649,0.015264161846329838,0.4254023667758222,0.17244096272724613,1.0234351354729994,0.11025996420760265,1.8389788608257958,0.0893983827133065,0.14956690915749632,0.662586700286087
6650,0.6128758147801743,0.9905499406031948,0.6159887640337101,0.2900413340621609,0.2858063094738739,2.2821594744247484,0.12169940660131338,0.12508315238959297,1.3720915761161963
6651,0.667884094840739,0.27549713021810857,0.5277521121671902,1.5989233187325267,0.43249371096830097,1.949747898940994,0.0473508923120968,0.145596220766609,0.3122288451115526
6652,0.24872007897192236,0.6840351995009609,0.03365380104801141,1.3260593559010159,0.5336595648027318,1.5647397584534035,0.07148544679834662,0.08919153044378349,0.01788416447147534
6653,0.8749264371220586,0.8889521806060796,0.3641332674185812,1.9622333408369643,0.7415789528694171,1.5457807759392426,0.10179609168627363,0.07734712065584123,0.20184542310234288
6654,1.0172646279887423,0.1297364348147225,0.40597259602594976,1.3615748768854774,0.733025114411239,1.1159468269076909,0.021437568831763607,0.06275892064423129,1.9489362854044074
6655,0.7308767307192906,1.0830898997185128,0.3417664113749431,0.8523601305949614,0.7421470751294679,1.0656603979444923,0.2279863572422025,0.08193032243238624,0.786611499821823
6656,1.191136066298498,0.03041224427614747,0.07192761344833559,1.320132933444593,0.7744536966111881,3.92696167591796,0.04748431063247766,0.0878637358208729,2.756491105781115
6657,0.049688265702607565,0.6633710437542312,0.6560141538040963,0.36103739169663596,0.5792078970366801,0.6181878162374128,0.12131136946570584,0.13537432188035173,0.791388907026476
6658,0.853106129522126,0.30090481724333557,0.029344907013806654,2.25915243132798,0.4509889709882592,0.6844376561575471,0.052277096499244266,0.12204683831779532,1.0424990253658724
6659,0.3171927818795117,0.39458747620547,0.18300459088182486,1.3056396254685003,0.4250310525238264,2.114326442091036,0.01992534645502604,0.0917179289753953,0.31223302584324564
6660,0.1519158234241455,0.3007149983744032,0.4988645668549786,1.5797156739886669,0.7601256159250205,3.0902031392469396,0.10623568256107016,0.10458594458144323,0.39170179751309114
6661,1.2384751140584065,0.1488707292570349,0.4008860311584891,0.3035777504143129,0.34274304496818253,1.3864335679204935,0.13934578856097415,0.1257629960397302,0.6737132367902945
6662,0.1891852287054529,1.8942519788448036,0.9087716421335605,1.538452928454259,0.6073382714213031,1.3606125066378634,0.10933598306585916,0.04243938757591162,0.5654917084941833
6663,0.7042147344167271,0.15654833656961387,0.6576405492144108,1.8973729182546355,0.7076152050959787,2.319941481602764,0.18453242229195682,0.0820660523814801,0.16123174938047935
6664,0.34903168523380396,0.8637544490312474,0.6325182810650257,0.7807482141680171,0.5441115545024067,1.2414997378374513,0.21822239636799948,0.11423392852825945,1.4996349010122074
6665,0.5472026547123442,0.8583425633972848,0.4664518791647243,1.4913862822366304,0.5141859468523095,0.9372446844321126,0.1216159235987523,0.09370522314389114,1.0867586892878918
6666,0.35910345045539743,0.08307819588696397,0.19422260248439382,0.13672739406809564,0.8385507156580807,0.5013313328769586,0.11275027313671636,0.13017446559396811,1.5017676841022243
6667,0.752930190534099,1.1231074304632385,0.6432224204439403,0.7802682644906552,0.4475561174588689,1.9207137608364502,0.06307695778368082,0.07467155981813933,0.7447749003389635
6668,0.7263301001519253,0.5673273486899504,0.21094538923367684,1.6993283808255584,0.3591635963913693,0.9601492468524954,0.06830153737376882,0.08420120107786641,1.6207264605550233
6669,0.12633712379865328,0.564899955913704,0.016448216699260443,1.1553274170343213,0.678577111942888,2.457758523025436,0.1932825273040063,0.12185790055292602,0.45935721401209545
6670,0.4968684605028805,0.1564302992826897,0.7633858009965737,0.8824852095663372,0.11545031311091392,0.42613587024998,0.1259906276943494,0.10628664946415428,0.9951155636198542
6671,0.4038139254691824,0.8557243673618167,0.97497708250365,1.567927732164296,0.7055650726389375,1.391210194789283,0.17216952617644354,0.09778996347381552,1.4812043386148637
6672,0.731877379786817,0.4424908097961045,0.799946881707776,0.9604202265346863,0.3787484039606927,3.5366913841256764,0.05584187841935385,0.0850078203354242,1.2826157831442595
6673,0.12377279871003755,0.7038428211751568,0.41046482126500466,0.5785146001385646,0.5059869337745915,2.97155684387955,0.12411590589525998,0.12616202710015262,1.5996571540655826
6674,1.399970313732172,0.6259729602297036,1.0580168687538383,0.42521671056497534,0.7593204735192325,2.5658561780657214,0.1696473060037044,0.11005237190032685,1.5132394315263769
6675,0.7199446289836804,0.02992765688871163,0.8408946185088135,0.024130610946684894,0.3269000829919928,0.5935995065246586,0.15750602927960708,0.13190768956949367,0.5297364050018185
6676,0.6367088352337276,0.05750615472590792,0.4174516409017286,1.3638819635543897,0.6214084389744493,1.7083264050373292,0.28859523488614375,0.10692034353626566,0.9637958396336829
6677,0.06747712821197924,0.5195287361068526,0.5290732292216778,1.32577807172227,0.6251221896588574,0.7943494923924406,0.18053438210482065,0.1505182918723258,0.13699432886159946
6678,1.1395695406695336,0.6938576747864742,0.20046954519044635,1.0691696056845723,0.4406052501675483,2.680269046441599,0.21611650891255324,0.09908339496821572,0.040895235075504965
6679,1.113126541620357,1.1640683233969766,0.8644162566329957,0.8566829944939244,0.49235493754232856,4.147501761363232,0.28429065503048523,0.037089018078617815,0.6765521721116582
6680,0.3373086817313988,0.5639705432822097,0.32331005019598136,0.5082832760455713,0.16235260413875952,1.1280697935486843,0.1807023100897673,0.06325049955812856,1.2864825495451169
6681,1.1923285048743815,0.6528226982859755,0.4810398394343191,0.6957492672104534,0.6187121637695474,1.0464757963004327,0.2546072923853738,0.09624262020443866,1.319282252990202
6682,0.7679479067716922,0.32493434897250584,0.05125685927880841,0.6879143794654927,0.5769019234971631,3.0403508464129136,0.19314231794710124,0.06854778899624822,1.1871262111025749
6683,0.8322299899276879,0.06113391242397215,0.3438545615594396,0.07615959898429403,0.7836331477622878,1.2618684331045371,0.12018483951477535,0.0793545612999272,0.8129213968583695
6684,0.2841102745282141,1.3297675920347034,0.10576130274859705,0.7630458641872311,0.3541305166839031,0.08601668657491701,0.14816488018239604,0.14307428728568514,1.6370262629679475
6685,1.197704785303983,1.0973899290928482,0.3844987241640033,1.0589727568525629,0.735822984261717,1.8373292391144254,0.18554548828066242,0.07633666151893748,0.11628097757817812
6686,0.765703542312792,0.5347392540852227,0.4727900575728291,1.013923339910269,0.33100867242674326,1.2473554416097754,0.12240460130299594,0.06372124706857868,0.867298932952138
6687,1.6652615293774915,0.197352414690376,0.8705621203096324,0.15282894339221298,0.5021058856813454,1.4905845911208764,0.10917626299470681,0.03201273820731737,1.5367699077051695
6688,0.4234297811165455,0.6343152079929806,0.36807445761254265,0.6902676720459857,0.802455433081098,2.6638041476386443,0.050631645097145316,0.07462106748264724,1.225603510559023
6689,0.33957989049668885,0.4204296253164386,0.8169103252096903,1.2916310022719675,0.15340563479077773,0.9554628501935847,0.10931076276329586,0.07316742983220986,0.29578912116158806
6690,1.026015557550425,0.574769796540055,0.12411328499012461,0.10764169083792008,0.7338305140199284,1.1039853359865373,0.11904299614762594,0.10483770625181829,0.25288684423602337
6691,0.40520214837604185,0.2642445021817205,0.16171170779577296,0.09497613805557803,0.49005167396680616,0.2771539261925653,0.1844929174895863,0.11689283468699097,0.3414584597265373
6692,0.5008352588660199,0.7633538223802177,0.2517938735377105,0.4964020709386048,0.7326971463204188,1.4624271079889275,0.11141260445998359,0.13372240474182837,1.7579581996677405
6693,0.5584117956364126,0.07088590467869349,0.368695525322168,1.372667151957057,0.018639747582557376,2.9434097964567645,0.2267386358281298,0.0596521025835972,1.6869732134185582
6694,0.599477093081547,0.31127615973058353,0.060119414556429274,1.1065799754082717,0.5124966814486798,1.8771856096295014,0.10862162728841443,0.022091724816514974,1.0734095206552834
6695,0.6408580897528886,0.729572677193423,0.044477623790799614,1.9232430179393278,0.6864138429302992,1.892970944375254,0.2270896435912867,0.08191842683861535,1.6624265213136042
6696,0.5897650787578389,0.5275536613323749,0.5068812707657889,1.465237861866607,0.3832046292507165,1.9870058863150613,0.12676148555979913,0.09489856364104764,1.0176011211568763
6697,0.1059718388039387,0.33927109370656783,0.37555480778603006,1.6279170025590717,0.18986569322156044,1.8448961838582119,0.22118968959444016,0.09093857901006151,0.835746898869278
6698,0.14178652569935654,0.0739671186568146,0.6504524036759389,0.5295915438096022,0.38049467107159307,2.3352393976028654,0.1964362148920304,0.08775306769541837,0.49118415159996676
6699,0.3634126178701255,0.03866855118400975,0.4805337559812298,1.3471356353146946,0.8448186006383889,2.73062160832135,0.10563491164829383,0.08071875262675107,1.2778155050505573
6700,0.27805736283005283,0.5052428362935995,0.5500698120383001,0.5974832294662852,0.491357624917513,1.1640685636564918,0.14707690978982893,0.11268968512921691,1.3404776282118838
6701,0.3744427004343094,0.5631453462754589,0.4315887030094276,0.7154026975300447,0.23931121513632775,1.5186441146071323,0.18278765928357227,0.1404977830561935,1.484076279807083
6702,0.08191626312546216,0.4903581158015349,0.364871539549076,0.2396957764794313,0.7432015260170668,1.513628603143269,0.11920382797052075,0.07595908055128786,1.5402441404622325
6703,2.394317328782516,0.8990104647855992,0.22431171163384522,0.6003405449131194,0.0019313804616636343,1.9395442507233973,0.04490010543499992,0.14053011079179129,0.21213270822567243
6704,0.17021218619565626,0.7151223184863336,0.418833851836232,1.1612965516598006,0.5189509965773299,1.1504729506421414,0.08205748219838431,0.07077117539733034,0.12577919084603217
6705,1.0261584286466316,0.033016530613498574,0.018510663530794336,1.1015984092265547,0.651530218077089,0.6860297007646963,0.11252832432750785,0.16472819583825882,1.568303390087883
6706,0.9803149907067381,0.36748783831532306,0.15123242576443893,0.2791964806050178,0.8979365713215552,1.8291634102644423,0.10483268905202002,0.09545382957723811,0.8344147141493887
6707,0.4220575740816652,0.6376656163536436,0.6752376834556255,0.08701938179306767,0.15255092248674795,2.7640344966139674,0.030624568480365225,0.06492306736859316,2.429622293152557
6708,0.5270517456251256,0.48203771485745517,0.4130027248123572,0.23919999260845948,0.5437840584388767,3.317869954912321,0.004877564562569783,0.12715764811206512,0.8276806284820751
6709,0.4320563184765652,0.34555747222326344,0.32568320145761476,1.1829998906699013,0.3332816017562922,1.44431150614776,0.16338767023386636,0.10060548937289959,0.6192497893223222
6710,0.9579988434158531,0.23798634327894155,0.7024365118025955,0.03657845780940039,0.7115685111635535,0.8820013818466816,0.08464832864154406,0.02633367426784884,1.5218592971893319
6711,0.30654572624977755,1.0481603482088366,0.3818750122176147,1.391150720737303,0.3058031119726625,1.4606010887061003,0.00015874779127636462,0.06833036282964647,1.0440683334422654
6712,1.0106542813262924,0.06459159337188858,0.43716843685075346,0.24682387608347545,0.28406405359905273,1.2860804417474234,0.30820410461418973,0.10421710204347417,0.9899835125262558
6713,0.7590334195780585,0.18631845388068488,0.7516500089570404,1.1775993121436121,0.5640026360442228,1.3227905807109115,0.10406565691186458,0.07463274427782877,1.2776550169301648
6714,1.2118938897095375,1.1897291082543888,0.38729613599871937,0.22259592369594827,0.18645697049419274,2.2948329576679427,0.17259824870999244,0.08026365227757135,1.3358998483781468
6715,0.6121170553542987,0.31824215604526657,0.4684613333560207,1.351928994999575,0.650646166417057,1.6616823148148618,0.19355291331917152,0.12465872105432863,0.5722981836651568
6716,0.21290192306738112,0.7950061012402123,0.2036705549285752,0.5246922444119069,0.17716550250432095,0.21784656969430527,0.1684593897842861,0.140077445309648,1.3982794171490198
6717,0.4170215617303165,0.07493597124305124,0.5905354598664275,1.257681233873984,0.2128072258986069,1.6143110193630248,0.19890950390993833,0.06321110435281857,0.49332868640861166
6718,2.0624100286491847,0.9271087968560001,0.06681981233729078,0.360586080874857,0.433526250805609,0.7518489473830247,0.08293045508689992,0.08044604921345522,0.7529419269955595
6719,1.3864172106057244,0.5692609405497614,0.46596532513189326,0.6061109361884123,0.4596914133302832,2.1018049239536145,0.21848532446441563,0.12861764224736832,0.22038460671821847
6720,0.4847404823653964,0.7134893328001999,0.1885090719390508,1.6542451927556834,0.6533080607991166,2.250059423305763,0.08143305615979941,0.036789977098822126,0.5228612898851888
6721,0.9296883141619137,0.5748249123905237,0.001322427589603381,1.2795163220919556,0.46670442823363933,0.7297697349431902,0.09341194946371019,0.05400235748216414,0.44611553564562395
6722,0.7879292210706212,0.11577504502326691,0.6421135706267935,0.6381429299138281,0.6309513653501854,4.313389499719394,0.04279769280807906,0.14366087240069095,0.21190776935565558
6723,1.0202606914864598,0.9454771147003638,0.276791719808118,0.6016433449510439,0.7216968116347974,1.3295927213152718,0.10348247584850356,0.041276754101667694,1.1021495229747997
6724,0.9295505575502347,0.6528935541229466,0.29706236717167234,1.684239443976287,0.2465413212899606,1.2216109572519003,0.16498597468044218,0.08800483230074861,0.16047409843903193
6725,0.08522696244798081,0.8074479373863339,0.43010752035569944,1.4110444621557816,0.7068278122565628,3.3264686725126005,0.09319325591649302,0.13394555160400562,1.4709552197509232
6726,0.11905871290129622,0.37122419030704484,0.6966933163495594,0.10648419143072962,0.5881585897578323,0.30880911198645844,0.12657289468949368,0.02857815036902045,1.8101322077390531
6727,0.26288329813272626,0.4772901401534944,0.19466538124103946,1.1552811685683502,0.3428823217472067,2.796908709799735,0.2337818312187832,0.09876183820980032,0.2066010426024254
6728,0.3138491592145478,0.27527865735863577,0.25600999000667696,0.7509164100424062,0.23844844153559086,1.2567339322281565,0.05062825457622639,0.10371737140749128,1.0620015097843314
6729,0.5168437584719767,0.19723467945762854,0.4834147785136568,1.2660879089390926,0.8643762055942128,1.066159117860491,0.035472201980000465,0.06683622804842622,1.406672952014446
6730,1.0445863521392458,0.4001669041931984,0.4217660345135856,0.4409801181660771,0.47767450656149024,2.5268165924637773,0.1158279403609799,0.163421626099491,2.5324704666550093
6731,0.379684722827247,0.4698882040646334,0.22862714918195043,0.9558459447219417,0.17787734418167372,3.9567707636484197,0.02426960522640645,0.11797560561831447,0.45204688357242123
6732,0.6288724020688532,0.6616732162186487,0.5090551393776973,1.2167500413101768,0.45110821871968937,1.2456682199713112,0.23546827020434008,0.11797633914331335,2.0026061776864483
6733,1.3499092824303165,0.6774448032804653,0.3425014969211664,1.2932045896201303,0.8136747871521607,1.1513622481827608,0.15134689610932986,0.13595932918720433,1.7585238384554283
6734,0.8474407775116619,0.15703755454646776,0.3745524362102013,0.33514597099948573,0.49668916345892994,2.1626054266248547,0.25199636723153934,0.12683316305087722,0.25882490748320575
6735,0.04812059036734015,1.0856376841620212,0.6846754845405056,0.906667903609877,0.459157032988899,2.764764290170441,0.3321669444348627,0.05246614338699133,1.3171572371808364
6736,1.6222226233516717,0.9595686145989173,0.243548962091269,0.846970937794993,0.7036257252173546,4.26858327769447,0.06635593401313025,0.06691293534308687,1.8721296446523945
6737,0.11996206811509122,0.2880526503485061,0.5476700971366635,0.9757621870318738,0.27135592591157376,0.8418767055716638,0.28644287370660726,0.11757089398355543,0.1336403957664215
6738,0.5342892442644692,0.16294866794788185,0.8468681328705819,1.0983103720707128,0.9494163921948492,1.17738327893231,0.04220200522703957,0.08460111984152663,0.1121876299621184
6739,0.606390964705264,0.5559903027606066,0.9141432864949333,0.19621604709163865,0.4655883444880248,3.1142678062314526,0.153614629302869,0.12282850564521439,1.0108392996839717
6740,0.4203016629969294,0.39280869156739295,0.14460648144906169,0.9923343528642616,0.3686387989063696,1.8745171051015002,0.11469304299287927,0.1418551231145718,1.6098683854715812
6741,0.20972459268401403,0.695601523929192,0.11668242393605549,0.996950013249187,0.7772929824975936,1.7009202400155172,0.1977941180918594,0.06911711112690609,0.43871398042491233
6742,0.48240958213235474,0.09100860382398829,0.6464627690318788,0.9311925242361735,0.5128539637321379,1.4664790317997163,0.18601431234194285,0.11583794718434383,1.90104633391304
6743,0.7779689070948101,1.0630166156989076,0.49442622848485884,0.5514217863399138,0.6529190487191253,1.0600584674074662,0.1334179984993089,0.1099344564778803,2.0924794508315063
6744,0.6341497230346363,0.5394666259519285,0.3737491807326051,1.623547730392091,0.5361368621312625,1.427746083451445,0.14823405692233238,0.1042791699002237,0.938647219716275
6745,0.6826455203140277,0.372225147679365,0.1881456483654828,2.91701330613651,0.8663993524540612,1.0786669612642559,0.1189080558466777,0.07147665100127297,0.8604163660817035
6746,0.7644050249715995,1.0488515279103487,0.24365514485118783,0.775183644786525,0.33736433121193043,1.7721417972133793,0.14930902284484904,0.07154489783710867,0.6997321962742706
6747,1.7227934963557057,0.25666548161618596,1.1057779692058138,0.6354519780061376,0.618676727341656,0.43709236351330727,0.21772812802304434,0.12040898662962538,0.7353780999930826
6748,0.19431512732363626,0.24789007229186283,0.2035084584455365,1.3614033368279506,0.6096505982953414,1.9421588414661308,0.13045020034526494,0.05281185735304696,0.25096892104046653
6749,0.1738579519561529,0.919007049542786,0.14861312514327069,1.0315252726557507,0.9988933046185804,0.2293914822798031,0.26126657833492783,0.08584185855001245,1.3047425379376354
6750,0.8160567405072441,0.40483284804202024,0.35897207100763623,1.182505306403206,0.4679202449191232,2.0232641810977423,0.08437937432626053,0.11503204415412727,2.167711126450626
6751,0.843870046769656,0.38329542730828153,0.556305114984978,0.46615322679160676,0.9441667014551194,1.6264309473577272,0.20287415451628665,0.049109100956512636,0.895846954592186
6752,0.7616537859621434,0.4801942554536104,0.2570601919155776,0.8641474233050757,0.776995875001385,0.8270000825204123,0.009643693750074706,0.09499194258459413,1.8935968414140654
6753,0.3203257327827847,0.7773052279357962,0.22949321892197377,0.7391568113927092,0.27509350445822595,1.9917924720605524,0.054735686549759396,0.10984300415819111,2.414927736568371
6754,0.3200949344961049,0.13837872851779956,0.31709707684929106,1.1762916447118599,0.7973925428529305,0.4146123668361086,0.11029369518658319,0.08912174921871713,0.4416832264538228
6755,0.7569324246502513,0.43916717856468107,0.3289781608441066,1.5480781166769981,0.16247474502881065,2.0075514388330222,0.26862475035425765,0.0720773233815173,1.3637334158391552
6756,1.714027197321718,0.09270251794603573,0.29348760390328005,1.261956610754023,0.550443219870808,0.622965520700427,0.044154217684544,0.10720876825624123,1.066675367043911
6757,1.0643835778663961,0.6506402335247685,0.9735339859877189,2.0196458583397487,0.4856047787191757,2.921876926148361,0.05219402821703828,0.11751089472468951,1.1846842042560213
6758,0.14175745161373893,0.23842680731531996,0.7679149394849916,1.4484057206973837,0.3341365098903787,3.119084363299946,0.0845803462401812,0.07894657693448662,0.8374718507572814
6759,1.7507628845420817,0.6707629166620048,0.3945613301758388,1.9972044819839336,0.7132687102953903,3.1614373475087967,0.1367466055337717,0.03368431843160055,1.758347573225075
6760,0.4637990932737547,1.103678876423563,0.10041783743588992,1.803612790184814,0.36014977808312565,0.42049859890293395,0.1634796072430172,0.10887100996116841,0.9443324530172421
6761,0.8272541775697486,0.5101144297017319,0.62825588142608,1.1058230100747388,0.4382725764331362,2.8768785027140065,0.30314209061602665,0.041575411182088795,1.324637815183898
6762,0.6215695436139681,1.0442579312183944,0.5399616042953792,1.0011752090630714,0.8389338317162176,2.5847797024589516,0.19219739740719852,0.01882599616467849,1.2202949852383578
6763,0.8535228518912998,1.1692621329892168,0.2959363671899339,0.6433818212175151,0.16354033420375247,1.7251065583151959,0.0828248339853328,0.10947445157687367,2.2205225454748048
6764,0.7583419598145322,0.4764146927220683,0.4009483632988368,0.3590213365122604,0.3374429147809404,0.7072111167116709,0.06015679191958086,0.09231761514820641,0.49866658193866675
6765,0.6603510345052327,0.37370256177522865,0.5903626744652136,1.7172556229208027,1.1155028908935898,1.1864804983353523,0.23934209625489478,0.061091606508919115,1.7708969051593881
6766,0.5686448938513593,0.5749660752732354,0.14941207913849372,1.1496133250722431,0.49153641598585257,3.3049048401433687,0.13479872804576845,0.043053415362373226,1.5891678734885066
6767,1.0081191658155284,0.25007244633488607,0.26586250261333083,0.1959447757878281,0.602515526613527,2.112642797346643,0.034729180912972266,0.1419669810288771,1.3230074785785366
6768,0.9353286939874341,0.7083240195052105,1.0575568847493186,1.495369229126386,0.35440990955059903,2.7422389125647086,0.2537169647457634,0.08037600805854883,2.2470227947133736
6769,0.5841671768313539,0.35290263836887914,0.6356602385680301,1.010680366212351,0.41177248473593625,1.2800518591347751,0.025314736836047874,0.08756670992992656,1.2592745255908575
6770,0.745195621638878,0.21339885052894617,0.11946615423948817,1.875661835379522,0.5837220050143739,2.2947635087199973,0.23707282705839305,0.1409154241776636,1.0367881664246552
6771,0.2196784709554016,0.6964930247988893,1.1899784336172825,0.9500254374331821,0.6226552389314579,0.2116482375733697,0.021240988299833688,0.1311521204811993,1.480576023503656
6772,1.1351643764342636,1.0437170308988601,0.5122469709591114,0.9924373147266083,0.42375104762211574,2.3199133989322824,0.18020442737148043,0.07463166110281383,1.358216038715389
6773,0.07643483973715831,0.7721663070139252,0.5902782270862577,0.4377185990568052,0.22004571927671968,2.3296126722304797,0.1814640681836473,0.12284105773270229,2.345376466273968
6774,0.18591975258127164,0.6131890697658812,0.10847072311169109,1.6549906924491902,0.46790507585160823,3.5011626773987654,0.2021211071641375,0.01654753673703005,1.5015044901151178
6775,1.4430212160501583,0.8792277313486361,0.6712739477951689,1.9829823489206868,0.4974377105807286,1.6877921631072186,0.12903682378206455,0.12885927205909992,0.7995570005520396
6776,0.6604420058514178,0.8093174198927595,0.32495902539142246,0.11249634179306589,0.6529918560953194,2.8443451569958698,0.12062192959160016,0.11966008397586306,1.0460149535137402
6777,0.27909190524883665,0.5308299246021719,0.25621586537936514,0.8722102767092859,0.4586928616172037,2.676212653515115,0.09873917909581262,0.08383134543830732,1.011360291499838
6778,0.39588875993610556,0.5435993777687437,0.2755055335797048,0.8504393069962634,0.29119381665820165,1.779734666644827,0.0958234033960913,0.0897312900619577,1.6128872071812208
6779,1.1262482980256239,0.2023362350605423,0.6578284295312988,0.4943674440714392,0.373285770249972,1.868244876445712,0.07386774965454246,0.09750750860028638,1.662108257472291
6780,0.1927402419269711,0.7799995864317623,0.22929806907857678,1.1924297217930147,0.6226635463035561,2.193850637495473,0.22450016272669118,0.06278178070425064,0.6549967526656502
6781,0.5105466797845166,1.1040793143627263,0.42520323223366474,2.177525028011406,0.28299728143361713,1.3204698140252802,0.008258860209101451,0.09546971848582156,0.8303838754976721
6782,0.5009043823833443,0.21002702050819133,0.45036509671332386,2.765542641610158,0.32553938712634245,0.8497697710343473,0.05669432453322371,0.11704759332074065,0.6850371179236724
6783,0.12488209050865415,0.5781347050157417,0.06939865629319919,1.1584847661493738,0.574217349260187,2.2044908737498305,0.11828039738180304,0.10292987860306328,0.5807819260736917
6784,0.41857849485651955,0.2169241688949515,0.27930457540370096,1.3522697808693038,0.2729143360757437,1.7684185923989517,0.16633556961324775,0.11256591216136154,0.9387061111928
6785,0.8609265848235219,0.14526009093165365,0.6271856919869403,0.39896220830081597,0.7963906961363275,2.780880811790805,0.042188473434360316,0.07224909326407891,0.5847503259118401
6786,0.29967281932492856,0.5407993402225233,0.31117900982491203,1.113196318725097,0.5991317129132955,0.4693178191151963,0.19934953951771833,0.0651738038610248,1.4763233659650283
6787,0.3775651387931928,0.5006763823603745,0.5266670010395,0.34890256497167116,0.8531069656778238,3.0197257908243866,0.1392127834185893,0.15182959724073378,1.2887161867522228
6788,2.0964499435181856,0.6219573461747061,0.7527119391388749,1.4372939249074672,0.46339134940161014,0.7084212854153576,0.07565361860733211,0.06455500051037985,0.040800231742132986
6789,0.45570141230781575,0.7952823643397733,0.3088461240873156,0.15809859932959347,0.7892535248569096,1.0557676331434784,0.2123811552925679,0.02764062530286522,1.3552388924229026
6790,0.21056081960466158,0.0834157482321553,0.4555828210164865,0.05358802681007513,0.3029093317962782,3.651055363914395,0.3062848071277731,0.16008835316862496,0.9796082280845796
6791,0.7474128455133614,1.0737151935380262,1.0503754651171933,0.8008866052723906,0.7106748386733608,2.5721189935206934,0.03705678846365584,0.08740842425780176,0.8735488083478598
6792,0.7877023717002669,0.12396877084044367,0.1462638441568827,2.3526892505432406,0.4438031559470362,1.2108463472278261,0.0989173865049236,0.0744843323246337,0.5107245740250397
6793,0.05388315680157038,0.27488228011556204,0.5878490360424695,0.8214277475450291,0.8745866462383843,1.80883190961817,0.19551849970059118,0.0976842522261565,1.3646081273163961
6794,0.17574767645775177,0.7933539550840468,0.3415930595178026,0.7447448234498109,0.3634249947874073,2.6115158125489155,0.10128737853212272,0.07262081386229507,0.015880358053820154
6795,0.18970582726164234,0.5107542890198314,0.10513573922756106,0.8622930757014878,0.8589381131348146,0.9885967948563219,0.07990371908617662,0.08981679876419772,1.4161437720310697
6796,1.3994569946205229,0.7824189121825896,0.4411784841432962,0.5868967721195693,0.5121643508810594,2.087634498816864,0.19588650406400632,0.10263445139613245,0.9830605527225025
6797,0.5956709831527057,0.2194059853702868,0.11052887790509769,0.9563230063988122,0.5055359190158835,1.6896015546515686,0.16985003569848311,0.11468610680156505,0.19892794204150654
6798,0.7562613542947816,0.33078718626371645,0.36843286579977846,1.8850434331509063,0.746137795167696,1.0753291421553421,0.1549988574463924,0.075417331126168,0.8390011692590288
6799,1.6801416887257474,0.5146942599402183,0.1744671395153638,0.3466801793441201,0.43306964685717286,2.049150849668232,0.20678691769465868,0.08639830110333425,1.1002468952505378
6800,1.487142196719463,0.4088214178428895,0.17395712032399535,1.5495542062823513,0.4327730865149241,1.4915384437046895,0.11812656269544969,0.1342056918266829,0.1638891382888763
6801,0.528428013573911,0.26618516642500745,0.5082267518202088,0.8067382730947259,0.35453731771259367,0.830423850190632,0.07216254885904533,0.031044418555666357,0.6530216490078209
6802,0.17635053588134042,0.6953337468876668,0.21737259426267289,1.3896466635294753,0.5451205031131051,2.2004914697367335,0.14605576204724557,0.10176879338245992,0.33398598145560376
6803,0.49806415905927615,0.5841777041772168,0.026538639784943585,1.2136769249871477,0.31900832297901727,0.81013912152957,0.030820739206463374,0.08108725772325374,0.6648211863323599
6804,0.9644793952512518,0.1702398905423165,0.5332487780812288,0.09005753224344071,0.3205436069893563,2.4339368463755395,0.01142436964471015,0.1400722780872078,0.8709667169359705
6805,0.6062737626577557,0.8407436407284471,0.03064983019153572,0.9010245733604174,0.23634652215695734,3.5749365995417985,0.1460494132674992,0.11730507885246153,0.018649597816785768
6806,1.160652146281029,0.30912944011981336,0.4767461071585223,0.6308531237189232,0.2973719203226823,1.9062443273262677,0.07410708082546053,0.07087701689533066,2.069339849447715
6807,0.7268101746704396,0.49186976418388056,0.1481895906497944,0.45864902877042824,0.6611193878411123,2.4008170570947436,0.063825862680428,0.08871711959428605,1.1976839897926699
6808,0.500039502409069,0.6038860178337297,0.36064585149668277,0.6328556812840134,0.10069596010342857,1.5363044886696824,0.04673583237170051,0.12344215182151319,1.0320581177349586
6809,1.3644687919545297,0.1218565167422376,0.5121598281562256,0.6518897948271726,0.44968394564933867,1.4685530548100414,0.17111146876936778,0.1364208706394564,2.0197192997133655
6810,2.4253662189051304,0.2542251254884198,0.030510672939246808,1.708766377417052,0.27139313614709837,2.1375671312859335,0.09204319399529046,0.04738189528674607,1.8732195393016644
6811,0.316334907152437,0.20973389817128124,0.21485801172888783,1.8108501117880964,0.6125036856724078,1.9866055148596447,0.06506684986262774,0.08810287961864335,0.2711115156374996
6812,0.6141304244414336,0.7988843695162782,0.9806447985926675,1.481553395994137,0.6136676542203887,0.8030660287229792,0.12502829369314855,0.07146063407051043,2.1187047111490207
6813,0.6154946299137187,0.8552335188943814,0.4752259183789166,1.4846181048192009,0.3266204243122259,1.6511067022965702,0.11913896354733916,0.1237591318057136,0.8472266002575239
6814,0.3064125920987362,0.4048695257041371,0.5495885324575005,0.7386196335483157,0.8618386840933173,1.1667170012066448,0.13214084028914136,0.11025379048162627,1.1822983689233448
6815,0.10235511256249918,1.1296457919855363,0.0731426290603237,1.1258483503895178,0.8161542255842971,1.2289350407659911,0.11077186164141832,0.16333158190453967,0.031471009661813154
6816,0.4952693234936198,1.2640047257675657,0.30018645989622456,1.6278075497799385,0.8961793871407977,1.273855317913769,0.03714376569412334,0.15513968085747315,1.4286221430094708
6817,0.14117626878484607,0.06170794613976527,0.8291885135290809,1.6675995137867945,0.949956621583524,0.7523578806241314,0.17041545120514,0.10391242297124906,0.14429133512981673
6818,0.26904300684689153,1.0605731103695748,0.2331905938777813,1.59994540339064,0.554072587914018,2.3578258681238387,0.2676001175225263,0.12439381396272453,1.8401606152857612
6819,1.008862265054215,1.1433160522438086,0.14306636175083456,1.4912051722918513,0.2012080214641172,1.921606929721793,0.08998692995928717,0.1155224078666383,1.253091019920325
6820,0.2560943624434218,0.35753811214047276,0.46080603686967275,0.24867051271576024,0.6783328663383104,2.667710893444631,0.14960537919237493,0.10506568567368776,1.355945047541189
6821,0.47923314184149224,0.7446216088214581,0.02454797795359054,1.1280562695543688,0.840765071618683,0.37980107131735674,0.10021872857834058,0.06401662919079523,0.23488496463090136
6822,1.3624715754179195,0.32590158025376037,0.8161008081577064,0.652896293669228,0.8246251453636229,2.5302183285770172,0.03318124444979213,0.09247360674260904,0.8224643852516336
6823,1.0302059878841134,1.0574319165318107,0.37657656414019797,1.2729539824236074,0.41552771216578854,1.310260284261895,0.15968770629760437,0.08198763351843939,0.8897890208545749
6824,0.3229006896546563,0.4210599543809228,0.15879531962687524,0.7165157166032345,0.5901579711797562,3.1052517383749336,0.2672086849691803,0.10634647359805562,1.5164289057876439
6825,1.4371512761877667,0.27428585720439563,1.071917683691868,2.1105144251220245,0.7619739566630104,1.220992687130721,0.19612804617906776,0.04903829468740854,0.4009439602418162
6826,0.08197347782651326,0.5615633831040597,0.07571465425508916,1.2300200378595663,0.5894045090833828,1.8957156117992278,0.06274062311965402,0.0715770946192959,1.5659087294279908
6827,0.18836625183305816,1.2681325507228975,0.8058641565551332,0.08024151349936204,0.36559304748426624,2.3727900279659497,0.09192157058271673,0.022425753044015187,0.10601920230057171
6828,0.5236120869736082,0.006254263807867588,0.4304227616122914,0.4833990134322831,0.4352021095180889,2.004252780028685,0.1968586164461726,0.01925057003336081,1.5880282923142026
6829,1.1270594979423603,0.22816191562719035,0.06766983002816795,0.5961510350711667,0.47578842736921595,0.8932332969699349,0.06872143495313213,0.1131136986838423,0.04806749487542206
6830,0.644122796823134,0.39234724204566895,0.3624623156737465,0.31736553615615015,0.5556443614158402,2.440635295309466,0.25503534886714074,0.09947009903303232,0.30563470790641334
6831,0.7823922011015614,0.22347904439049507,0.34526184560231216,0.8370140266003342,0.7351047690131973,3.164144842768784,0.09025700976606806,0.1275234776401269,0.9416724099277987
6832,1.0257768765218793,0.3549375144335592,0.0475915495969087,1.7067245926518284,0.18106068812704418,3.5797914699296536,0.2943159566091442,0.08886617700523625,0.8557257569509736
6833,0.16363249213693007,0.9594028007283211,0.09228690702421952,2.873011764772099,0.8352280849268489,0.9198689614363859,0.16136335770793794,0.13863535739559063,0.8822363115099976
6834,0.8857347480713889,0.266234743742302,0.4978252800740104,0.426208296344452,0.4099346290080426,2.1422585387546103,0.16940119294564687,0.11852371202753618,0.45628311745894756
6835,0.3274191478409822,1.2936700402253511,0.09946071922071384,0.8421973423362503,0.5078408800600299,2.9563128168783317,0.11615905071149545,0.11173621104496297,0.8078121923657332
6836,0.07732024424705003,0.45795964404448974,0.1982147878609694,1.0376868200671874,0.4751820306492578,2.4539446285960085,0.14455054459112265,0.04234021857599587,0.6663112387424636
6837,0.3821997831018142,0.9829747213612525,0.2260267888904604,0.5055713256035901,0.91651505147997,3.4553938944590783,0.10962494467103544,0.07934237755685458,1.0428579802492493
6838,1.1244839911539513,1.0552799186343487,0.13881478665339195,0.016584681141802782,0.6813771557852287,0.46369546433687914,0.10990338958179738,0.09625772717199692,0.46979957044804255
6839,1.084763823680817,0.5845146575030458,0.18620229095905308,0.7154579543487616,0.2565635081502745,1.9798214798354912,0.1459309810041332,0.07045788362571756,2.2685320812520207
6840,1.0807099189541156,0.6940440266381782,0.8255887652522265,1.391642770612603,0.6348596608829644,1.4366210643581308,0.13984812311903816,0.04239687690217155,0.23955246702962507
6841,0.9406838392617711,1.089219088922284,0.4622068018835738,0.5249636715173602,0.7274351780694941,0.5536618350699523,0.25590517837110127,0.0580176740713739,1.9691288180300313
6842,0.6579038420409432,0.7355758660424327,0.9874101359934353,1.8607418671095406,0.16036889809532756,1.347509885449023,0.103950171593347,0.12737083496447935,2.1889970140563135
6843,0.13769646583771028,0.2982986533126455,0.5958346424905266,2.1342119015197216,0.7189199856741031,0.5700628751234387,0.1966750978255723,0.10770156236507934,1.5256897252092794
6844,0.711527531569254,1.2492032357882605,0.4594403933593676,1.6112189119013667,0.6758263721508949,0.6735860310765154,0.1055469647935498,0.11075741321450244,1.6048566398054995
6845,1.1929931184764533,0.4207132202225703,0.37581377983340997,1.1726558039427073,1.1641214433100149,0.8338474842237789,0.09699568483567506,0.1106998472760578,1.8634955120167356
6846,1.4065777040531926,0.6258935388933812,0.06418313475501664,0.8880214264640354,0.30887456446821526,2.3447806811231473,0.18759474431699974,0.10759791160038348,1.48116513655618
6847,1.658022616568344,0.6257181455133682,0.36304553925954947,1.0696842706813392,0.21751221583718022,0.11930844935468765,0.13003868327906998,0.11978917747474044,1.3275833485690085
6848,0.4882163351870983,1.3835372039960863,0.32321186672976815,0.7506639851529701,0.6151461486961858,1.9098972431591403,0.21433620380150842,0.07556194125402861,1.5604717696346093
6849,0.6384890177337285,0.0683984487123609,0.2872206591981689,0.525583289990609,0.20576106793653165,0.9624025049902104,0.04432326246644164,0.09200275787060179,0.6237878473504825
6850,1.8301936219900625,0.39142227913206834,0.29560426863464123,2.523670313707285,0.7703557878314404,2.385788900088742,0.11680527020422707,0.04930111504816885,0.6240840302285191
6851,0.8727719608075559,0.3425370235021781,0.22047787902196164,0.6269423505027825,0.7075201149684919,2.636496309702635,0.015410761296917694,0.11420801570824368,1.1642690197688919
6852,0.16411399252284858,0.8323110086575691,0.10724423764233335,0.4898573647212071,0.5970284291300589,3.162342035225855,0.2595789983803526,0.04807418932161567,1.4827866448917788
6853,0.11917950456564591,1.03745167057342,0.10224559533830879,1.9045704813938198,0.7074210343181345,2.4383483582398062,0.2659339277557604,0.1056489039285554,0.2710044214323756
6854,0.4993096020170198,0.7373813565349144,0.0859845537793062,0.9343606305723082,0.479056564456588,2.348304399087877,0.1811086252375217,0.12006172664411024,1.2778041090485666
6855,1.1019020631620289,0.20155451387711898,0.04120619035152712,0.02990910019557569,0.2647269174572015,2.6392580069878218,0.11832271042465528,0.16432905174330986,0.4505320871798594
6856,1.123001414252539,0.12350106838019928,0.2132171831345432,1.5599328548840905,0.980617187844167,0.6072733026239694,0.013733766184905322,0.11900528452724711,2.2109878879370446
6857,0.31560492678900665,1.0516505496358088,0.3676402063115792,0.5125168201436661,0.7542101372022627,1.6745818132787542,0.17427406401833845,0.01064855977498684,0.33412009194381
6858,0.35978150658240615,0.6566858374287852,0.5327689597722629,1.1622711786235822,0.08868350027373478,3.3820034068556906,0.11416186061556682,0.12612711083214778,0.9247628064440917
6859,0.6966577925851116,0.22567463714427644,0.8199767849061188,1.6018208367507638,0.3127116649581225,1.5161677954738098,0.02427236800465074,0.12164047511099738,0.7156607682679459
6860,0.780225331470195,0.740157165109957,0.28029733070445295,1.540410432277715,0.5457184329578633,1.3080311066649497,0.0896954706911549,0.11711003744661964,0.7778641931303379
6861,0.07697284741374327,1.0660568462109126,0.14854585269512965,0.9238532261813022,0.6039210893023191,2.6195927223697444,0.09928768870061108,0.0347327715966934,1.301079573997669
6862,0.7458997284439601,0.44225931698065035,0.13583785069086335,1.2385718820351468,0.32697102205591266,2.358880884833298,0.1518805315017312,0.07141920450668245,1.3151878673180029
6863,0.3691913372632867,0.6755672348286905,0.20381994963002384,0.7885135403868264,0.39521749020962055,1.0017019381378165,0.03038956181358228,0.06722935817872276,0.16403328654035387
6864,0.12575346521236538,0.632803147605107,0.32522024450645126,0.8646383406565521,0.9784800641121615,1.6206956283548046,0.28490642261109506,0.10191807109856928,0.4480228351475958
6865,0.4495462110067449,0.30543053828058575,0.17137418847594782,0.686012400699813,0.2631538991365016,1.340952545890032,0.15264097436562124,0.18046458758290823,2.1060691979423716
6866,0.11873889665442983,0.5022205621569431,0.8373241226702314,1.427284620601826,0.6238190814287059,0.980573091027069,0.20963243942675114,0.0973859021752268,1.851845585629343
6867,0.9575367370124721,0.4477684053073827,0.023804865194882396,2.2881068192146463,0.33108727456175413,1.2562532931991897,0.27232465327664135,0.1142979798250804,1.2935233495499021
6868,0.3362717624282296,0.1374661362469608,0.40451076393856644,0.43184665859693694,0.3478414080131023,1.9784867505777686,0.17397561207844436,0.09473059627477533,1.5987292746640072
6869,0.30944341914482343,0.4345203595076429,0.06817544364486056,1.3251844573759755,0.6913983437131868,2.09159676523994,0.1255667868316843,0.0882509871721789,0.6912465757393451
6870,0.4308016779810109,0.5083894902958268,0.45201678168836235,1.2259420833353147,0.43670461074549405,0.70118756774233,0.04443212996201272,0.07883563284751635,0.9882132919916308
6871,0.2982539766997929,0.4214279383665591,0.14736709423806157,1.5178341927014825,0.8346580281730527,0.24409127768393746,0.1152290221226375,0.09664445509041798,1.668200451239787
6872,0.9250948334257607,0.7229759346821589,0.2614413929036701,0.055425998741856164,0.3565394195845739,2.229530790902992,0.0639259292360346,0.12311839980928627,0.8568641586088757
6873,0.9462245068824928,0.21413462682902606,0.33754894721793455,1.5386686169232329,0.5597340230950462,1.0802439579324545,0.12473492671242244,0.09502568916937588,0.6762193383011528
6874,1.1113693260380435,0.28821014382504373,0.032984564630596624,1.0126117355676245,0.3612940628745074,0.2605857758015657,0.06699706107589808,0.10476358969435848,1.3333948132338018
6875,0.6678982213390989,0.7322226164005615,0.39563100559360176,1.580060940795787,0.23959162220879265,1.741485159153572,0.16536104162385104,0.05924471590384274,0.7604624236502047
6876,0.8431234054123566,0.8291881370551653,0.4189280561524533,0.4249950342298032,0.13873746135933362,1.9469698758465666,0.07397993989610768,0.12789508384269138,0.14750947793554436
6877,0.9720709323187193,1.0396125741200732,0.20585860322884786,1.0190800910312847,0.5695922838043624,1.7526116845206103,0.16905152473972213,0.12072860616844049,0.7922837386993962
6878,1.354117710732383,0.1558028554594773,0.37815717489982853,1.2262397212823304,0.5344410196038888,2.84057877737603,0.09789231399807641,0.03945094688214359,0.24804553202221513
6879,0.9011403844638597,0.8762450854973631,0.5585293202256325,0.9467467649863697,0.4364094771511649,2.8142197022414996,0.08395345676796231,0.07372352541085522,0.4272110773766206
6880,0.02259928544570322,0.23990786512084367,0.16286177381566516,0.14754916117186212,0.6489129219822205,2.8589263749623006,0.04768730297903248,0.10805035262741053,0.7674498802294689
6881,1.469364506708286,0.3481062441368137,0.15453158987627863,0.9716993894779039,0.5298688985344633,3.5844671028323063,0.07794429805057898,0.09446097404249154,1.7267711404467807
6882,0.6118707682432167,0.2951297735860265,0.6485388925798778,0.941163277904491,0.6221969280093381,1.9023163606431033,0.005812054631351177,0.11640692740061158,0.31169271171852564
6883,0.5536912105229317,0.13366367150891112,0.6153726362179961,0.13045408789050528,0.7399152824836785,1.489534730652219,0.0145489863402911,0.15146769659024367,1.5452276313263074
6884,0.3184536105413968,1.0549961815783067,0.7630889530147252,0.04662216796306495,0.40210114691498483,1.492185966786817,0.05136131855024937,0.11793561992076132,0.7858946771897991
6885,0.919570376343813,0.9660571564984859,0.23813382016915696,0.7315925800334931,0.49840155336892045,2.8215271827045427,0.17762014096266837,0.10994221744374844,1.1803734282981528
6886,0.341897218664292,0.1468891275490106,0.7069704763859823,1.9501131775022942,0.28375452738082596,1.642253610482739,0.10589394663010365,0.10075042137751013,0.9097749735979168
6887,0.03525381252469306,0.15819661259879284,0.8724834640974459,1.1059904125708353,0.44934422491647014,4.1063537120750935,0.07591742758400459,0.10281160683396255,0.10880896607512225
6888,0.20195352853116588,0.34078907895645855,0.12614761838867947,1.2965888858269428,0.33697641183996635,1.1604480275220705,0.16432269411408398,0.12044589102588286,1.0428042479264512
6889,1.1617708996932707,1.187255936110283,0.4128041796342859,1.3785569419253987,0.5126613750507644,3.0104503994097405,0.09038609659867064,0.056778197936909885,2.145331706777257
6890,1.2199893280276508,0.7799569881579762,0.41054432951139125,1.2840913072343914,0.666818024468331,1.1570489432015627,0.03590955628790424,0.08209880163565297,1.2386779390590583
6891,0.22743361814353583,0.4122529008617393,0.294973163770293,1.5405184481684464,0.46589097818217096,3.005491187914977,0.16785416310324447,0.1256630085235939,0.001025715250713044
6892,0.4445504893386093,0.32305673743763447,0.5301760261715667,1.1769474563460252,0.6422840904533897,3.0609228594643527,0.044120553256337194,0.08905102244798424,0.8750544989779323
6893,1.1950461956024667,0.38386975454419653,0.26485415254078515,2.202222477828947,0.5078462213264996,1.1946255641518404,0.24961815116357172,0.07425551524795851,0.5575341019604191
6894,0.8274888303618773,1.1942808301090448,0.2010161833237368,1.9013153861400962,0.7591179344032964,1.5110673087020503,0.08450220486355607,0.027908597029745852,0.09814792165737418
6895,0.4591254174514608,0.20280234700661248,0.5144459736913287,1.1193664703239823,0.4550893524632583,1.3394147482454561,0.1770258167900391,0.09811159772861722,1.207148215194647
6896,0.46694918594316287,0.8641589416038455,0.7895562794431294,0.7767149102050945,0.4999753692891229,2.323118401939209,0.17898086725863327,0.15090316499901196,0.6314563805101903
6897,0.45890191266023306,0.4443666837767626,0.4037643119138532,0.8401433168551147,0.486903321279812,1.1524907733925835,0.043194994025906056,0.11357932334634172,2.1901995834500676
6898,0.2334111634784867,0.7116264982498307,0.44420519377177037,0.8254233446265685,0.17562184517564983,2.012634983500878,0.06353768547993788,0.09765133971491263,0.19312116945765623
6899,0.5268320438251077,0.7171362460663562,0.29053611988444494,0.8923962273349763,0.4983859090069696,1.9614047297708876,0.0404638697034522,0.08404403306692981,1.7206380185657382
6900,0.686695191838647,0.10493128905900684,0.41808795855156466,0.11536653590304069,0.734181804156336,0.9471862621159863,0.12973252991942621,0.07395666642064222,0.505502463355394
6901,0.7911217282535228,0.5373493735479704,0.2271564026124379,0.19848372044117668,0.7894460396626315,2.1876525807768186,0.027663703346875207,0.050973371349978244,0.4997620021482095
6902,0.010198554080728395,0.8069379429727195,0.5612017836997883,1.1838889775514951,0.24541978360513667,1.6556650681113605,0.1293629449744079,0.07126551428260494,0.1180066527115321
6903,1.0140553600990199e-05,0.19745398363328379,0.30782596566704185,1.4546609180297032,0.25047983001395935,0.7313320016646577,0.29217672363145913,0.1410059061460731,1.436438549086192
6904,1.8963269384670962,0.6004728362945624,0.24432892583278287,2.530383195115182,0.7045585124563761,1.985706445911684,0.1322499746340644,0.044642921669247985,1.9635007020778301
6905,0.19499382163797807,0.5573689680929323,0.393841286882019,1.3867135464352864,0.07594913300683176,0.6028320990261482,0.14716393350426638,0.05610472222149604,1.3710089906400138
6906,1.7218350037004757,0.6556257853502743,1.0287703201713292,0.7668285173366647,0.17120630428281192,0.44849438033950517,0.0008938272795656621,0.06361999619420095,1.1551445748025846
6907,0.9656407714476254,0.4267399648358826,0.31875765414051704,1.2441612209436235,0.6818870865448803,0.8428060155924357,0.10040062015378791,0.1517406497524666,0.220486960013357
6908,1.051726909844334,0.5261673680735404,0.3141988020659787,1.3416025084935654,0.03707115765929192,0.5525739032786547,0.06462394205702862,0.08245519924345827,1.1299664410678096
6909,1.423291738390362,0.18993058631998336,0.3832821561715785,0.8973325483942508,0.3652241926798804,3.8662383645215446,0.11576906472259636,0.09473047235123451,2.208869055739311
6910,0.8347076594231093,0.7005090012704092,0.3771109622010439,1.175951678971366,0.4670876015323122,0.7201040114038746,0.06998551617526795,0.15391229989978206,0.5986382083400242
6911,0.14485329683075568,0.23761716149239737,0.2915565690606458,1.0875826228395518,0.7002425796574163,0.5507517374722914,0.07323705508810713,0.046559928735977245,1.5442292872724783
6912,0.95607528719618,0.020603380208264965,0.3446508659452342,0.7370830474604215,0.538873079102319,2.216327550542105,0.11385110919385741,0.08816627202412895,0.34152492066852014
6913,1.149699087258174,0.7324972721667037,0.1933376432490144,1.4010178809048472,0.45108766838511805,1.867783404537249,0.07224953601643797,0.15081173382422436,0.43555823901684093
6914,0.26392452885105144,0.12932170502867427,0.4342381347725829,0.913074272644742,0.35177468101114573,0.4399197264288306,0.13173326331412782,0.08211985770307076,2.591624359114568
6915,0.9609284478619244,0.6318214784045342,0.03378874863325887,1.46699320441462,0.4434024062423871,0.22522568969237367,0.10721317533298365,0.11739369080719585,0.38410066155842054
6916,0.242487297813887,0.31540184694126316,0.3440729426098287,1.3923622714643529,0.7660931301773413,1.05529613848394,0.16309043333789175,0.08210521026673986,1.4166803617033374
6917,0.3689748956554889,0.10194578040609362,0.6714800229940681,1.9218554681386582,0.5248975031938538,1.7544059959083536,0.02351224434462916,0.10510683887180969,1.1354568973872312
6918,0.4012698044592084,0.2830817598889873,0.598827960821581,1.3253189239419148,0.9068525480388985,1.8369211857914833,0.024643174223082973,0.1087850189430308,0.18426669611327717
6919,0.43711209173659393,1.2196687813252234,0.2384887391803196,1.2109208679115075,0.08945729126683888,1.4748994544310148,0.11987560448686033,0.05575387237703854,1.3884230477172586
6920,0.5674302676863598,0.45352911391119716,0.0626966035774899,1.1539872169724,0.5071640275699113,0.22009732245027536,0.004021301627277138,0.10160546667834999,1.041984992916012
6921,0.2044154512633164,0.0044544783677195054,0.4287413873727001,0.14531427810689623,0.7594343337584268,0.7921474692870739,0.14188264422966165,0.10116297761103996,1.2053855911170275
6922,0.00243825310643081,0.3281998359255897,0.026871550628204954,1.4798991205246395,0.6786644857503493,2.718165453018434,0.0563986144004014,0.12353496323464026,0.884967816576377
6923,1.3544738261073914,0.4431609241247782,0.7406626470003195,1.6959009316138187,0.3814023528078201,0.18104102378374054,0.15647712369529532,0.07862396780800354,1.3685235112482175
6924,1.5230211365466753,0.29359846969118175,0.3942469042403403,0.506822268433133,0.15571108349119067,2.7207518524468424,0.0472780284785205,0.041830440927874225,1.9063333753326785
6925,0.20540964160707237,0.404529903036002,0.11566851768034789,1.3023082809286701,1.096654613963434,2.1905505321886176,0.0700333151199262,0.13512625360540795,1.2202429502657473
6926,0.09617427940835394,0.6235487795330266,0.6859196296482972,0.4949799060370712,0.32534063196684715,3.674579181940608,0.17352611534107726,0.13495294511287906,0.3096150544584263
6927,0.5424813826702004,0.4796950323221093,0.2419140774069597,0.8914176908134993,0.4204571466027819,1.5834079398491485,0.05414664925754279,0.05278862780947916,1.822555849888455
6928,0.2511855372477844,0.562363238995528,0.04495775579080613,0.9060804317196417,0.4169049173428194,2.2320435959135905,0.00030148419257435,0.11067724094645949,1.7711843824548512
6929,0.8734564690593565,0.7522987577192211,0.4132247509017518,1.399208078419745,0.24153712738937627,0.6610400019958258,0.2293723652026669,0.0912323342307048,0.8744468687659336
6930,0.7717588455834792,0.9722064984272416,0.45100861547813337,0.21869716298982322,0.4732651508442625,0.8386095943475096,0.04629308197433701,0.06385327464230499,0.9926291654186892
6931,0.8248274772313582,0.37009110380408206,0.14570037942066474,1.1193463935135444,0.1874011160979498,3.702873883576265,0.06348102758900709,0.04833699163707034,1.416504921188311
6932,1.4189957560999586,0.8881738083468473,0.17014302029790998,1.6897132382495599,0.24970883492658447,0.6503006124142563,0.018036254885910527,0.03641279022256614,1.7086055111000396
6933,0.6869293064747592,0.6514833608297967,0.46981279854808,1.6833948493715742,0.4188897276703277,2.868970600138664,0.01662303273419817,0.15678800277500865,0.5188254657244159
6934,0.20974190746879273,0.14324123798158164,0.584673319563882,0.9386436281213525,0.23214895483296777,3.2046224465446245,0.06492211753031471,0.06097269229823506,1.4535272058815172
6935,0.2816775526108611,0.45822830054454594,0.17734857969765386,1.5927903799472558,0.43897022059520824,1.5110294036520358,0.06090944867783217,0.11508566230417501,1.558363532700886
6936,0.17862609346852132,0.05448461082014938,0.08119726352029988,0.8548933782797781,0.45211727559023207,0.4437967494783315,0.131925167626059,0.10219555372587594,0.5925142396524743
6937,0.5258383191601829,0.4638287756587915,0.3933649903220464,0.6651474885038409,0.6852114919011227,3.4935148553890034,0.17999224742321168,0.14069178029576165,1.2448374052744062
6938,0.10972000664391701,0.35094787951029605,0.18461315512553747,0.41028643452237845,0.3335895493195182,2.7135850235726733,0.03920645207408639,0.09345816009955574,0.8876612378507777
6939,0.37608358613452186,1.0175781314916739,0.27089597219560996,1.1376325230961188,0.6210858272455839,1.6408416457934853,0.10266123069679005,0.07626046753051263,0.842840184042561
6940,1.2148759375847795,0.14465695435856038,0.3627569780762589,1.9908470787768473,0.4084631101679158,1.1598156193712943,0.32815969699370817,0.08872763380621557,0.472650634412478
6941,1.7274821287947686,0.37383467598935993,0.456739994150018,1.0197043812008166,0.7184646912462567,1.549929174884571,0.05605823353858912,0.1757943879408056,0.855161259526792
6942,0.3143575759089995,0.5066996988574449,0.36406953798162517,1.4726220312698497,0.32591462865126825,0.4559648349500829,0.1638678191925211,0.1012512344194533,0.8501668250474655
6943,0.706046044412555,0.0353609043853238,0.6676981219948798,1.0185981158640802,0.4202775953342033,1.9826893459523438,0.16076453004911614,0.07362293181628352,1.5315175891501114
6944,0.2215534443430291,0.3355365391287017,0.31470812109493435,1.189761967606179,0.8799151852949699,2.6534496921730337,0.19956797525576891,0.09712620756239922,2.053380862291156
6945,1.4596130987972733,0.6749986937503336,0.4595147676331699,0.9633963400005007,0.3942715647583282,0.22279851440001153,0.12418729265730946,0.11457215167160817,0.5727769089772154
6946,0.8380919093028996,0.08673045971574889,0.5234218069486593,2.2764653261003462,0.3473030335593958,1.3976115486885288,0.08834219788871257,0.09792628956475864,1.426263587011046
6947,0.2063420651309537,0.4221750604207828,0.38306809293991856,1.7331298682439007,0.4477449491471581,0.4626062022860553,0.07827273860383833,0.1351750650316714,1.3318969280954636
6948,1.1840421822955887,0.6617220832510549,0.3970291788870227,1.401354588916762,0.37601478856476866,0.13578821462492163,0.10988453760375987,0.07418849449781721,0.3537646270238305
6949,0.8403533421932359,0.17615215522283165,0.42631623169343585,0.2366057467567807,0.6978723527715408,1.6812093265060177,0.11562639605458265,0.07480717961391652,1.0131927225712578
6950,0.9620100015414375,0.4110918691022104,0.06281160648552336,1.8025311594894249,0.7169613778795892,0.4063966319524439,0.09025560112893462,0.15192236107821303,0.31031149532463
6951,0.29390138290538337,0.6160036066307648,0.4769149927096969,2.05314907068589,0.4485859813651836,0.3309994905325149,0.06676000930680145,0.03915652763825061,1.7663508608210667
6952,0.6696147554592533,0.287385012034616,0.5946269778060957,0.6248366071634615,0.3863470531864446,1.975829893486975,0.22967198906774408,0.14680106568186402,1.0375701020118608
6953,0.5213084060046757,0.30957565677128107,0.533543088332765,1.4497399281467098,0.3531879332479028,1.4864791882647632,0.027819826807262596,0.1356593151394343,0.142625433332089
6954,1.1815730932587896,0.35515007160864903,0.07501635951474955,1.0523457628967245,0.05338100904883353,1.0306508353308597,0.3059018830957834,0.05369930813669863,1.3770779747507251
6955,0.4831011454304309,0.5297747908873872,0.3830211539570303,0.9806241779096476,0.5396774460563876,2.0868758901116347,0.07714357438620041,0.10364332599124897,0.4977700532148087
6956,0.09332663497544721,0.3330361376099316,0.8693971443782601,2.1091804918032264,0.5118515889706065,3.9451874952975556,0.09552180626174507,0.013091793937023533,0.5188373367924412
6957,0.6269073603652964,0.356724588815435,0.09647818793100582,2.077679970920287,0.7421696444952454,0.7462902095717592,0.08404138721387061,0.08579466384270891,0.23893673743767507
6958,0.24166399467004804,0.0680971114937613,1.0599394266232198,1.7253689077881433,0.590795950667215,3.0029717283862674,0.1522888949970087,0.11080799019984312,0.5172909456671795
6959,0.5960250922794756,0.21227330761417632,0.014856890359915942,0.6353868298537311,0.6055163706698077,2.031120868555468,0.14086703875419324,0.06552616284776969,1.7503747187038545
6960,0.2433964979820831,0.09059637209075738,0.29928912832011645,1.7471484301871023,0.7226974377185847,1.147532826982162,0.06564293849992417,0.1300564771562442,0.09465430889420146
6961,1.4118413307137132,0.6416810401951234,0.2978135300301286,1.2654198607921388,0.21577101313963404,1.977374121647808,0.0551314674669482,0.07565437633924085,1.3971754587871714
6962,0.18828412938326816,0.17631260547451222,0.24626801686254235,1.1545085433328353,0.39240777981176633,1.7001777958377384,0.1538223315999565,0.08077028627821549,1.0700835101094313
6963,0.7330903798257402,0.013975363738815083,0.5096966521542141,1.5660772044302367,0.1855662099680369,1.9990442666950958,0.1514220413431034,0.08518992583125427,0.7790290244607916
6964,0.06945892421317934,0.5437467315919805,0.29445559978257524,0.8592564926465831,0.7993436776579111,0.9050592876410793,0.14837626927625425,0.14603519979158325,0.7757675761864944
6965,1.3536519270924854,0.5978979762498644,0.7536570817651134,1.6816599213763659,0.6357573053353276,1.6607673001385612,0.12656535120360016,0.03217983400377116,1.3658295476485105
6966,0.013208123551157303,1.3405565791457545,0.25852370391920865,1.8861580644797107,0.07550876882750773,2.8369496443075146,0.23187431727961527,0.15795516756967648,0.23153916865020285
6967,0.30085130790919073,1.0084137196519198,0.17574895754483577,2.02186823816309,0.24130808773063733,0.42784669228346184,0.1906045154631362,0.09639126435449161,0.9054409583368684
6968,1.1866412885496427,0.23445098318441296,0.4374163697439502,0.9310013297431322,0.477447052713582,1.7261522894631702,0.18984545053081067,0.10890201028472948,0.7638654706746518
6969,0.9712460539251633,0.49317319969946816,0.16896594621285735,1.1267986198476323,0.6660263880084545,2.716380869400096,0.009464797219959298,0.08540105245747895,0.991343884811748
6970,1.9117370196893868,1.2267052646931789,0.5172384278427004,3.043617056424959,0.5572821618950938,2.020800217693889,0.09226187339485943,0.03883820088195368,0.4189446631799091
6971,0.05789566685556974,0.8857195767047592,0.711552947491994,1.8580815299883984,0.45484572754695013,1.7334133509140293,0.0795383428005664,0.11330759609065891,0.9900562281369567
6972,0.8980975172160153,0.5202091499438126,0.08868123513286191,0.8126539076922772,0.4076788206425066,2.763274462437937,0.14267112172136526,0.06235909061727078,1.603958885944358
6973,1.316433086686149,0.9156762830023895,0.18596933536669444,0.4097030891873715,0.41952536537194773,1.4964088355396319,0.19008795998375472,0.09717727275069452,1.3475776072451184
6974,0.5753008648495748,0.5934057618200973,0.32647142911339916,0.1176633639472523,0.7400359079752907,0.983871669408275,0.33553111330397717,0.13035262626558822,0.9366232368179694
6975,1.1901608200010667,0.7498452961672295,0.4138842604853702,1.2494445878550395,0.46580702002125796,0.7942140981332751,0.17095117377864807,0.083083177354954,0.7274782049642436
6976,1.2384215567309513,0.8264813566907601,0.19324936103859888,0.9268977911561351,0.7266499097840048,1.7622126515488485,0.05061443555967716,0.04705787169555722,0.5096535379977911
6977,1.2200788572420236,0.3779504455219552,0.45985072664651366,1.0883566826237134,0.3295197491329623,0.9404811567577872,0.026662953850450644,0.12252541449814007,1.3628931454884534
6978,0.9226513194224821,0.818326808677191,1.2174392525889064,0.7316665621658462,0.2544177404669293,2.489577547181428,0.15870546830016727,0.05778701063428281,1.3322136732504708
6979,0.10450669142449487,0.8579421409101036,0.4682589444669316,2.0267746750875406,0.35947607377843366,1.1495177203498543,0.16236306526838273,0.09692489803243219,1.0530720914163476
6980,0.9092282497883415,0.27802940343387605,0.27044574143554534,1.3643347976821378,0.5449712693978193,0.8980736201629957,0.0516941963560644,0.06868686717695138,0.9774151428632358
6981,0.2092933651175662,0.2740927394674998,0.27881061431570364,1.2938833361096878,0.4957659851334644,2.2643474063789837,0.01565990637957476,0.17907210891119865,1.7304381926841965
6982,0.4390939913017863,1.2751365024924861,0.10555893131850796,0.6072181089859812,0.36236712586739384,2.302818654799828,0.0047910547753011595,0.15595591787511542,1.4429656714690418
6983,0.18390372302959757,0.266053854112543,0.5147829802791124,2.774012402916331,0.577298461839044,2.2108387857703504,0.3486880179450879,0.08435667668398313,1.086478354410815
6984,0.7941765546976765,0.646186929722933,0.2586033336796884,1.1544357083705215,0.2454555408684137,2.8047302090923023,0.12321124707385533,0.11268688397605266,1.6990131897642948
6985,0.4255421712601819,0.062006525382969246,0.3673783813862177,0.8062549633766896,0.7083865442647173,2.0877641301788445,0.05231323139821182,0.08492894783061164,1.6711126006658588
6986,1.7824767095343463,0.10160774544236917,0.15624221740590843,1.1384917490287871,0.7367071871640403,1.2362869777661907,0.33005334738155423,0.1207143965891353,1.3014092683157474
6987,0.2867050687254742,1.0178313545076343,0.08721142444781169,0.2266472675417167,0.4573077909464144,1.6062739072638594,0.021683312831809964,0.0881212333789012,0.15821837637933622
6988,1.7696392837100845,0.6471260360596638,0.6249991206506674,0.5557652131227728,0.6423454111837386,1.4797575276167418,0.054121385401020426,0.10168101401872122,0.445091792497482
6989,0.5352297399652761,0.8009222164169435,0.8614850282163533,2.2250726282694484,0.6285021601878817,2.302023466783303,0.2284120588268241,0.07782547921397687,1.8766760722376807
6990,0.9384494235925882,0.6235953628346091,0.1909220700217201,1.1895642150156414,0.09759531327140764,3.122504905210101,0.24568361734500538,0.103420417258273,1.1229584166818578
6991,0.9831877851371917,0.2072611418464758,0.45347560703135525,0.8339099096852177,0.563937239476946,1.594594029537613,0.13697820117049203,0.11868367073830044,1.5601107484409824
6992,0.5113512253664613,0.1399566009124777,0.2741747953380775,0.5531356742664417,0.6623905745338722,0.9507783076446283,0.11832678870986238,0.11034943555976491,1.7001109914824066
6993,0.6468413166066693,1.230740434951419,0.13890038752143366,1.290738879023486,0.5079498050602618,5.01655827110972,0.10209882891233336,0.10525386951726666,0.7657414791501255
6994,0.8230162613335417,0.2218318800566375,0.3817889776089007,0.5413931155561781,0.42068865215137086,2.547077040253369,0.0352155809180008,0.11959577657070307,1.5513404833790734
6995,1.5087849640495767,0.15445994310557132,0.05075147579296557,1.5630386656588582,0.16830491538461378,4.094286487572562,0.005213699338091543,0.09737653362402422,0.7122148145211361
6996,1.0385979742476965,0.6339542818078819,0.5103425913151195,1.0854106462622795,0.9563706508794108,0.5114872863258135,0.028781789970142344,0.08347098711250169,2.4885655551630634
6997,0.23322109024791088,0.4923799953775958,0.9611551189778424,1.1677191930130977,0.6841148853232921,2.140418926360558,0.08716233158833708,0.05845778729616287,0.8838072817650324
6998,0.08991195292804693,0.3937967788090539,0.6310678128760641,0.8052566840353887,0.20974016256673467,2.1650112662347496,0.12115019721544262,0.1105913292045464,1.4232779907273003
6999,0.4724931443236479,0.2999461974761194,0.759245906721757,1.0499403834036298,0.4842004167231296,0.6884601283495442,0.14451798231425073,0.040959773243350116,0.2545389624042491
7000,0.460789547954747,0.95856227475276,0.026127985568882905,1.7004103010825622,0.42920648034867986,0.6941393415319541,0.0024744884086323887,0.08912095673525618,0.8082152607827207
7001,0.2591967232363259,0.28887041994784296,0.3876308123729095,0.7242445195823968,0.48081720911979287,0.4964129010406977,0.07389197170427357,0.1327751705970868,0.3969874284999986
7002,0.23658803958928126,0.655760032982982,0.48624730926952264,1.8834755340686244,0.771697653592006,0.5433918601318233,0.021677580314276843,0.12240985679956275,1.0023095450622255
7003,1.3170093450132556,0.4066094706836974,0.19603294474032834,1.7313599313835324,0.6427518623650343,1.029253118567757,0.017385296153580754,0.1007919022427816,0.5312872566953397
7004,0.1804015900759361,0.10585061629453019,0.7130294580694805,0.13632876029514185,0.3796464818418607,0.46789249269031896,0.16631597226035846,0.13028662589987663,1.0056410391009871
7005,0.04278159067695311,0.17508912613427646,0.25161910830105905,1.590331492663203,0.1562814741158955,0.7121801044549524,0.030947476660569018,0.08505344645267073,1.4675186469564137
7006,1.251190785527612,1.3359904104693445,0.28774222826162665,1.262167193814501,0.8992149500852192,1.8948578762557644,0.11376147545021452,0.11171077460833517,0.7911559037197403
7007,0.6159143267443674,0.5100255260851126,0.8043141272526653,0.612364406905102,0.9819273281061611,2.9040752358680484,0.04883069582657538,0.053672135302694324,1.185796640926935
7008,0.15554387111417023,0.16511993954112714,0.07814733946022556,0.3560900707939567,0.4733834265275238,3.5967602373523757,0.13402045806462348,0.10807631548949308,0.2014576900425945
7009,0.2631007121611639,0.3330806011172079,0.26216713677956205,0.4670199150389901,0.7148178070408185,2.4388908515308634,0.26272968808084884,0.10525796381124938,1.127805101171777
7010,1.117034884735599,0.5107076356887514,0.21422635188791397,1.6415786657232918,0.7487313602576999,2.913174805198712,0.006743980199711827,0.08679199448363013,1.6360385809041225
7011,0.5617261756210057,0.6155096054107023,0.27499779426278387,0.2914144025884483,0.4949476697663582,2.0313155294801253,0.22325330321431142,0.10814122478095824,0.0809747803161679
7012,0.4057465749280438,0.03614801805451556,0.6396027217556285,0.3962554039564118,0.2950147725746924,4.5491577703609325,0.09217773395084553,0.1245111464784544,0.26841506892177636
7013,0.4253855010211527,0.6308658327640065,0.23217897295668677,1.3348141245415865,0.30362218039942873,1.5523411220893428,0.20211891452378017,0.12330439871842075,0.6691087183718565
7014,0.4810187362787075,0.8374038535429249,0.20418391412080739,1.8473604945203153,0.1937749208775506,1.714443047675119,0.17785686870354112,0.1265884080985128,2.0506005240785763
7015,0.4749096331602085,1.129733797707086,1.0370190031488522,0.18600754830972455,0.3154661374108867,0.4438269601183782,0.1101123687478797,0.0900417024659532,1.3996076586320223
7016,0.9948831005686762,0.5876463135672663,0.35467902685640296,0.2784203337113803,0.8216648705515375,1.818962121405163,0.25427605848897505,0.07971039675265883,0.8911873366551698
7017,0.8943813323121235,1.048262176247083,0.9251775228812915,1.264114197531473,0.5268044597405848,1.4241554885229233,0.1549843092807757,0.12425859693217074,0.33988109323373583
7018,1.1036993865873004,0.09224091992706901,0.44264170169403677,2.23915723361896,0.7730526426048536,2.26139179464693,0.05319478730981285,0.06449514127819451,1.0461843501401358
7019,1.3610192694960987,0.3436977029870169,0.7006792131012779,1.61332603905036,0.2970437172794978,0.4065450988747472,0.20418465227367227,0.14793352247966388,0.35790024868508474
7020,0.8711561699378658,0.8179348963814129,0.38482753701486716,1.0530764904272536,0.6606304795388761,2.5473453452481145,0.06017741501557887,0.1401229148031688,0.13288594453294444
7021,0.19716674276163879,0.5316237930257679,0.24043357253256326,1.9990700050086652,0.5501647204059541,1.5514022314668157,0.13548199405470507,0.06718768160307939,0.6494868872030483
7022,0.46952437806650504,0.27659678765003837,0.516966675122532,0.7024621746854571,0.25756744468244175,2.906469076389641,0.2599212740995258,0.09550777786958299,1.0190364285445295
7023,0.06289856304418456,0.6130404843919748,0.6874435619056625,2.2438192957800194,0.5292632983871233,1.7499094689126204,0.18718621657083534,0.058250140016642867,2.150456193051462
7024,0.3022949922606235,0.812810038776113,0.19432862713670562,2.1120124960543185,0.36298629738872334,1.2100263014730976,0.2083218521605057,0.06413511547761028,1.5181451746370946
7025,0.9377307296915411,0.12693829278583968,0.3212153536384009,1.0680984809809593,0.42851006266043673,3.9321856787994003,0.25404817881842623,0.006703966338420436,1.1164078940297726
7026,0.24885754576316987,0.5167448220407928,0.7333023163309309,1.964828023047699,0.4469899629247063,0.7768827748691332,0.022550521974440185,0.08538604260389221,1.8439026099855118
7027,0.22076598796038852,0.12027821604841732,0.8680876613046261,0.3816330385185245,0.48479479816815246,0.5081507616869039,0.07282513287017503,0.07535319461502471,0.7692788049336884
7028,0.2920681431073988,0.20847555511103705,0.6974369062136323,0.6271278606656139,0.7177571172446247,0.8858793295064681,0.10352821930950123,0.17762048821771464,0.7318389938573041
7029,1.5535170250380308,0.38097115859267167,0.578611662219254,2.241908665555909,0.41904631020198063,2.3821044966059404,0.0336688066735545,0.13007891074085243,1.3132062488631608
7030,0.10476871625869558,0.9768097508235536,0.22270372706516645,0.21801920469555358,0.46821895076282544,1.8366912371136594,0.07733927509293173,0.13211910367618757,0.8801173745865977
7031,0.7481094573386308,0.1845501661252955,0.792263910275219,0.193199472828397,0.5505447147046738,2.0066089046866766,0.06045040280829883,0.1381181904657578,0.36127257750123143
7032,0.23080252686825423,0.9471013923705482,0.37910783312691576,1.8743823087270344,0.42728434568071294,2.014962350831266,0.16450620311216946,0.07662834930305353,0.7156320605715777
7033,0.8936070654808763,0.23837769858438201,0.3724120233255736,1.3913995697828117,0.7368218166813223,1.3335250678816095,0.1837917640927868,0.10427295040607969,1.793168573146794
7034,0.26452022369130695,0.5780890512320691,1.0356823455495983,2.025625242153178,0.602891915235142,1.4860414907274466,0.16515622757448534,0.07373755543285482,0.06834957129966357
7035,0.3476492537414413,0.4406664477228176,0.8012001898442822,0.6906891968051558,0.8962982591964056,1.931348241293609,0.14414216611432415,0.14772278840917674,0.15021381932947764
7036,0.6613358815635483,0.8180666468958115,0.18828598249012232,0.350335713228044,0.40438177418924875,1.174240137285643,0.08983566864486736,0.13423280874682808,0.38206423014716506
7037,0.3865946139221713,0.8240209041680233,0.329094217170028,0.7150731270733293,0.7203489039953967,3.335508999087347,0.043369068677354655,0.0731254413297617,1.345814490858977
7038,1.1426382656277203,0.7763437663739683,0.2017722572684714,1.0304998416760394,0.5629986565423434,1.0936914009648038,0.16538709951292913,0.09062943556280549,0.5063917879713722
7039,1.7588501569503472,0.2214996468417532,1.2719771976535945,2.1072279341698366,0.36305179371143514,0.01933479014371131,0.034746943123808466,0.09212887694913224,1.0436482182662306
7040,1.9321949765933741,1.855487649519166,0.3748519287780218,1.651365219796535,0.30296084468512374,2.4039702032184107,0.07282802494277732,0.09983831322882429,0.5620688954851233
7041,1.0406596236454393,0.16804302825455855,0.46894424241346894,0.7679615269771348,0.8853303202701772,0.88410634008966,0.05672481282359205,0.10707952513720792,0.8470252830985177
7042,1.027804174961558,0.48614070278106536,0.5297654565180998,1.5396438717420828,0.5684026638465373,2.903076216608588,0.056547659907237924,0.06733223090322905,1.3860780047388737
7043,0.0761474053687986,1.011040091158261,0.5243037055985089,1.4829406418815312,0.3790179733327129,1.8989087614054205,0.260388397583388,0.08183123260133163,0.08324214822669562
7044,0.6484486999490655,0.32402291438249636,0.3082865764586703,1.1862547269394683,0.05961795622087035,0.5076950081791303,0.09202849081486576,0.10112362158237422,0.2206443630205508
7045,1.6947427718402936,0.9858439147378693,0.2915690435224602,1.1102703109748187,0.5044885222416085,2.1947309416400618,0.10364256828948493,0.0345133759384416,1.5695597217502333
7046,0.7552459309847833,0.8006993615866211,0.2516436931033188,0.7735177014314482,0.6084071740144851,1.2387872727360245,0.07485516693987543,0.1036551159538542,0.7648382607329963
7047,0.8928115368249478,0.04891405914160324,0.2550575564066273,0.6293008972085107,0.05244137458674114,2.9744052210196226,0.12287271567032543,0.08748600798858118,0.9101636764884087
7048,0.5365376039411341,0.4532315214249694,0.6618439083518561,0.7713871750351722,0.6074234927308362,1.712707968580713,0.16560477411669727,0.06875254926331435,0.47428612414111915
7049,0.12075121792046373,0.03600271406167793,0.2526272940084326,1.4296990057016632,0.443528338642077,1.4618001176011175,0.04340957541972132,0.06094879810984555,1.1915210438512611
7050,0.38043299627203087,0.26339529949023505,0.1864824649161838,0.6454744031707045,0.4240596650103424,2.518092190904852,0.1260223660064098,0.15459981730750158,1.2728689824004726
7051,0.7727155378194333,0.08299346653964645,0.16547828181782942,1.1031014737495992,0.42239124536592926,1.3752088311525092,0.23642094510334338,0.16377739602518582,0.646521041566424
7052,0.9534161264891639,0.5097424272028175,0.17887911116717148,1.2273412526367844,0.3711934083384997,4.212288130902608,0.06931596219966317,0.05850657262492223,0.508362219546872
7053,1.1540802374825083,0.3494277396909498,0.4250270260588854,1.3240227928962092,0.7985721043841769,0.6529298890237478,0.0974075444664058,0.10418223742659594,0.4809688521814846
7054,1.6096770769629782,1.8241003578422834,0.2955097830745166,0.5436917488177402,0.2968502086377144,1.7725097709812112,0.12842656012461445,0.08718150166254698,0.18973505142399805
7055,1.033214586550109,0.8767393902324858,0.16548950145802022,1.6440747855009832,1.0009737991452383,1.7032855263687763,0.093704921328887,0.0911778549419831,0.47497386195734914
7056,0.36893547439491964,0.5935669129351829,0.21162417428839855,0.8415831712450133,0.46574161275054576,2.928913900417191,0.1486524433950186,0.09709754212086481,0.8393107959606019
7057,0.9672382095822172,0.42013303804954316,0.2276501025543881,0.7570487771001527,0.372944866258409,0.8263518620534375,0.10346776823961748,0.03518681074887078,1.5314971810513542
7058,1.0219993040020936,0.49593933221961906,0.07403405169148625,1.4752441224539334,0.6626490142706938,0.7356433114639268,0.14113478209843444,0.07914112842370606,0.8738542127703207
7059,1.384585877733268,0.8005323842311449,0.6195538822449885,1.2684320622594212,0.4772177806686829,1.9456443463808988,0.02561158497038213,0.04321391605928755,0.5271624042270426
7060,0.11314066389996785,0.6224076986951382,0.2906814381834313,0.19632501338910457,0.30317505270789935,1.0696070793510266,0.051298086464063045,0.11923718481388491,0.7561314575292778
7061,1.1540671409325431,0.6524186614635142,0.19410281900053383,2.3371734977911465,0.2515788165230181,0.8779323114199062,0.13113733142350048,0.07302904236482875,1.1094129211192558
7062,0.48649673696866047,0.22180367923762792,0.87046866348792,0.6268062258646976,0.1507584529232751,0.5719033042517414,0.20541717227910744,0.1184063679404137,0.8157691353842145
7063,0.4764430707569814,0.4726767731953639,0.1826934731414865,1.6785809716105617,0.4542583265724509,1.0805584807447337,0.1314454145651412,0.07922232950245611,1.2269475845565703
7064,0.02639851847370067,0.8729727212123299,0.5687064140314212,2.0622029242711375,0.48704308108052774,1.3825609046836114,0.10431204383971886,0.07241857984636131,0.490678887922069
7065,0.45087307066255367,0.6333927379959359,0.048579550776170766,2.034067552332626,0.4307961459878908,1.8294139720867577,0.09916188287369557,0.1745350734715378,0.9232344937976856
7066,0.8111646226774532,0.46984402989546753,0.32008110478529656,1.7223902665676023,0.8615232252278611,1.4412555600575314,0.15545337627066907,0.06819378005865143,0.36355961463323583
7067,0.13147279459513356,0.20202108972255053,0.6143230283596877,1.7085947374037591,0.5162087393181286,0.5883863200218409,0.047780471848181044,0.09725459942772378,0.05165997963336422
7068,0.12592832292185935,0.03076279185538766,0.2973200829805113,2.2651722819030478,0.8101451839859739,0.4557819194420112,0.05575096242726076,0.054767841788723945,1.5777106650620851
7069,0.7829496160382303,0.5550740281221331,0.40610329541466983,0.7814112748681401,0.7097765592195392,3.053189896784205,0.21651421420508105,0.10927516661573776,0.8935876678046103
7070,0.40348725262438856,0.3789016899273501,0.19487030554807436,1.1925547905251612,0.5337252180329499,0.14613830398043826,0.11657230296210234,0.12811418366740396,2.0532083244348707
7071,0.3631879071922796,0.5057942074254519,0.14930583006062678,0.775528240641848,0.40937299187637755,1.231792242675499,0.23024051452896538,0.11860656979409193,1.6336131076079492
7072,0.02457986883022434,0.9236609114713785,0.7567079744896842,0.9922499225489422,0.32749445311107006,1.0283508669116033,0.21144368623090906,0.08652414502415708,1.4806957835700973
7073,1.129509169456124,0.13425712537475537,0.8261265037499108,2.933548405964445,0.6182851517122947,2.2468102586384515,0.1576007240433337,0.1090916456886433,1.1058241482858364
7074,1.089834425593605,0.9492411640126583,0.03124857528684144,0.8846178161333199,0.5814569369407527,1.33922740536475,0.18053309551330599,0.10459271909668025,1.1905229033296556
7075,0.7808980939849026,0.39559018766784537,0.873660563839907,1.296022391411212,0.4714391571758533,0.561161376100441,0.10367118370098227,0.0792615152961008,0.33010679350592254
7076,0.0021909898447315945,0.5692241187006923,0.6215718109540879,1.6213003371160548,0.28062407629752245,1.7284617917782035,0.02491271698225027,0.09866224791651657,0.04311438663474709
7077,0.7488145950048635,0.6607413409552997,0.17004273805038114,1.3493990472886472,0.6413380979284837,0.8025947375490714,0.1821831218033752,0.06914496766590475,1.0370361968867352
7078,0.3192128782189396,0.22528431562826223,0.32799937527594586,1.7990649024017134,0.483627843972103,2.0511720165944363,0.16171466459020542,0.07967319834280061,0.8996628759084523
7079,0.6789220769273097,0.013835232216209081,0.194171971239794,0.6242838892217547,0.7464820933871258,1.818127146448848,0.1459059602484127,0.14333877308617776,1.3993709865895132
7080,0.37039630545962526,0.42934167623398134,0.6404410224800026,0.7780061536577397,0.6032692690869784,2.0649478938864885,0.2603908822509844,0.13840147779728368,3.178408087311807
7081,0.5609264097482143,0.15430081407507518,0.19006826114647643,1.31485031510269,0.3302816932028264,1.1738990052283031,0.23343042377497597,0.1176366596830899,0.9341021081111984
7082,0.6070603618795664,0.5668473006054309,0.5115822426087426,1.108457506640769,0.3640250382340074,1.9447677067063562,0.11576869964412137,0.10062784128605881,0.10634108317338586
7083,0.8855932847840404,0.01003233169005946,0.08765921101153606,0.6469776168275928,0.40410329121124755,1.0260145808663705,0.02870151234029418,0.0801887663009877,0.7455377956732095
7084,1.441111529547795,1.01079046679356,0.6071058787531805,1.3313422060277573,0.3109667175791001,3.032858356112526,0.10059294010121897,0.09362095082199737,1.4049490013545411
7085,0.16587394703812436,0.4487533269516288,0.21707650699763936,0.8534363161684263,0.7121894862365696,2.081483776661221,0.15674748677131284,0.10673752273811395,1.3236068228984683
7086,0.17030690998286302,0.24379775332968232,0.6584339722326463,1.421245658195785,0.6536974187557623,2.3931050246969505,0.07394748143841856,0.10090940491732565,1.1641395764533615
7087,0.5042143610582346,0.23366751837225036,0.9490846923151872,0.6011559671306796,0.7112778638658852,1.4403094474621536,0.022928422537437376,0.090879272968185,1.0149117116691746
7088,0.04507606579267148,0.16807602731859067,0.42396259511853657,0.6797492721832162,0.9248602109079975,1.0230198583612435,0.10186112558674974,0.14155569722649258,1.3833587464752735
7089,0.8786758561117669,0.1272761982908332,0.26525559773058255,0.13070588167411012,0.8053599381126325,2.19388131382105,0.24787891578767396,0.093995052353079,0.22603445348665385
7090,0.5270301265125569,0.2342463172882126,1.0724265280655854,0.8308893588700292,0.22888263339810072,1.0308476428518851,0.04585705770386221,0.04898284350501634,1.0115786961600126
7091,1.1858475055795452,0.03541364938064556,0.21865250234008726,1.3342621530812337,0.3158537083892503,0.439702587411851,0.1064002163541057,0.024828372127013165,2.2467126256263863
7092,2.441807358349009,0.046204589156940146,0.14566710791132773,1.2392573480111997,0.28271280863307946,1.9576692219085465,0.2329530832850313,0.018413216747434943,0.5052742393762211
7093,1.2056434992659883,0.5072365551843843,0.403874265721362,1.1029334333432275,0.8319219010956058,1.5632652987738183,0.10078888608074946,0.08291245570945986,0.12677168440231468
7094,0.27805459286472006,0.5621248817556322,0.46233954041187153,1.4722726376438477,0.5556062274359244,1.7155246895314586,0.010897335752921691,0.1145874742124397,0.47719577442196653
7095,0.9801864566575229,0.37572211062639926,0.13811428915119683,1.8335720958436297,0.5798701050661036,2.7653224323935968,0.3442311113841786,0.0741774194388818,2.7741904544455824
7096,0.4535946054172749,0.4089186523244989,0.6378058386377152,1.4972534620423348,0.5117092923073248,2.6666997116265114,0.08412791802900602,0.06885505636314507,1.0206483447230927
7097,0.07501480996765766,0.7360504908180701,0.6960952424163199,0.9483026777068244,0.4611553992228828,1.0282860831898675,0.22189358338709153,0.07975037033356622,0.7142687927639153
7098,0.7400817299480956,1.07553149140171,0.009014091717210515,0.25917470186352876,0.640816655856735,0.8305475041926358,0.07669484646336286,0.044102268310718534,1.4567732702335965
7099,0.462699586043754,0.5875221766500508,0.20656614918212107,1.2488060175871327,0.8922183115111113,1.4629663278938927,0.002477149978877838,0.12917388889065332,1.3866637092377103
7100,0.2609425655578855,0.08825475576367176,0.5543559501777636,1.5065312750512292,0.6082029813533504,2.6821989563571393,0.16791646923180856,0.09493827139551636,0.6353740400896563
7101,1.0286958583462802,0.06975597460585292,0.8844404786349848,1.2116510151024942,0.32768745569837787,3.807135902151707,0.10227003765172794,0.1605922799140312,0.5695114447645784
7102,1.4990238681287067,0.47951977961527925,0.8782600029412576,1.7127362362943148,0.15014088778433843,2.49217905855296,0.09961245808917087,0.04956039209815383,0.9064184721276575
7103,1.2341426229287453,0.6688257592199329,0.09358044561411771,1.6127508282298102,0.24474319365442165,2.5090256948580594,0.3304447225894464,0.10440948754157438,1.6500478723852159
7104,0.6592745368055675,0.1709560629989303,0.3671760452572126,1.9781260059233312,0.7863681256818614,2.65043634592892,0.025027320021199895,0.13401537377153647,0.29962633095564584
7105,0.20915267167294266,1.428453683677537,0.2662965424230971,0.7060224131626107,0.987289140886229,2.729799135160973,0.15339081062262044,0.06218505598197163,1.8863703830202254
7106,1.0161667492928923,1.0733465433075458,0.386785489055395,1.264910438146918,0.6115695090275397,2.0054352299679103,0.11498938772508324,0.08586500374207764,0.1449944382350744
7107,0.4895423068976801,0.07194754871942194,0.30829183306788843,0.9653298547434617,0.5862365569119649,1.1617251138210722,0.10124116007158182,0.08128851039758687,0.509380750637193
7108,0.10336729524570756,0.5451375133579719,0.3246402383964442,0.6658865294686744,0.6922415823395858,2.001102720440195,0.048523772601976566,0.10921798739988924,0.8378301608717204
7109,0.26774942900917736,0.8912193341280226,0.673577471145107,0.6432141573168676,0.34561557359559164,2.6739683872711,0.17212788517525562,0.040579019225649014,0.8213282604709421
7110,0.32379325045389784,0.14421048155817592,0.5143322999497781,1.1591821488714351,0.17407742680213617,0.07547008960056178,0.19474107490610865,0.09803053506684904,1.068919922305662
7111,1.2186637661953903,0.02629445704037553,0.15079144852986204,0.8591534206062719,0.6228660101118912,1.281043954625685,0.10805456334016708,0.11507583622061918,0.7745791022783375
7112,0.7659866641162554,0.24547618647819303,0.25659256898288807,0.6421645477843925,0.22903852717410927,1.0436436078027629,0.10138129422628325,0.10088416487210349,2.236735227573927
7113,0.698881801373455,0.4470455127620183,0.26291726863175824,2.070250313269793,0.46317889934148826,1.9317796580961732,0.09586100818757354,0.1133685271533522,0.9928757708322912
7114,0.024598407024675473,0.048443313873040905,0.13969102683615303,0.9381645791633919,0.673243351088785,1.7042064067289011,0.28430063340427475,0.08400252692373747,0.8159233797037134
7115,0.8384827062459539,0.3552242098521088,1.0085727604424437,1.929819657305066,0.13243917726773274,0.7553555525623192,0.018295038193248722,0.12680483749464688,1.3643915833570217
7116,0.23103255981207188,0.4108945979537569,0.7210546887809444,0.7859588251512094,0.3382414598024315,1.6755017887318744,0.11840983074890205,0.16483793317102144,2.760640231533423
7117,0.6610341243122348,0.44401512425039463,0.44322270114871387,1.2954556118732752,0.21704194056271253,0.8072160381582703,0.02400037809818442,0.040291996407174124,0.19349359954676149
7118,0.5975763246648793,0.7791222980850079,0.6689840955272918,1.145940629413608,0.4206452530097198,2.1884736094203157,0.13449030993332578,0.09403104891037666,1.5442303755886924
7119,0.5327715134093666,0.15926742898190754,0.182562016856684,0.9149468709191775,0.6729845265808154,2.0224363792326274,0.14172215119076356,0.09915080737683095,1.4800867947412613
7120,0.901821692659085,0.22327432940178182,0.2817597614767274,1.4950438548214966,0.5039594702603512,0.10278699359118915,0.171423009483533,0.14316138728882466,1.4334966317254163
7121,1.297732553204357,0.08114579610792755,0.1440289523289272,0.9742948772352978,0.3152470415905212,0.47170439677778675,0.010514284049084277,0.06518197615906961,0.5285201084281178
7122,0.6072331826568957,0.2086882748121059,0.3073372307157598,2.008496224721339,0.21718836096883165,2.3398909439076343,0.1510286133700191,0.0816336681153675,1.1263771684769637
7123,0.08077581579707674,0.28615168568228727,0.029012005910737382,0.9259155222505496,0.5217266492631282,1.0227567706101932,0.10443407073154817,0.12063149201864931,1.5685629532709289
7124,0.1143630077019065,0.20363426629231737,0.661693269158377,0.7760631898843022,0.34887475584849825,1.04503607102644,0.13948267871282682,0.0966079807968327,1.2496498879500217
7125,1.8220638426592146,0.28737962377255394,1.0138350497852717,0.9751199720617615,1.1448888210892685,2.3876168578606447,0.06742097392406696,0.09182911889141654,2.36072292807897
7126,1.035293278512877,0.28745123065848605,0.6856680812516103,2.0276724309534884,0.27177547442018507,2.672000807773622,0.07811402324605406,0.10389943392293917,1.194201815776041
7127,2.2171876951656113,0.5816917257280472,0.4575052872280822,0.18486040426046224,0.43749579825140006,1.1822702495125341,0.06378843251629551,0.04490072035557147,1.1452365619931744
7128,1.4473422115609178,0.032398676183488184,0.6750777661016605,1.1577842449192701,0.8579467595807361,2.549242599446232,0.18941097231476126,0.042203365603361825,1.2534775321653535
7129,0.6487413899582062,0.37145026912418144,0.57180347089382,1.445535451693786,1.0206064562474788,2.6295045535651687,0.2006959437265428,0.06341283113264305,0.925645072732261
7130,0.9182883890041984,0.007615917917932147,0.36113782752499934,0.8398429975042995,0.3119945631834543,2.522567074083704,0.16371463892273075,0.07567253122848906,1.5410270519289084
7131,0.6866786945441226,0.22530807975443765,0.3317184815538563,2.1517958287196044,0.7066994898728831,1.2737024908331702,0.14847271384464425,0.06508248538736977,1.096690244710182
7132,0.5210245835485188,0.6698137248083611,0.5220931101934223,1.276165580124123,0.4748829813323663,1.3414837255966416,0.0514276559445283,0.08071294675418102,1.6420057089624196
7133,1.1197632173588559,0.7361524343194117,0.057166836656413755,0.1271770327109819,0.22210144526368464,2.385609929458114,0.0877364664476167,0.15658078055302357,0.7706923989039889
7134,1.3269906733116168,0.6263549266262018,0.4194915258765235,2.11012615134606,0.10950807814202818,1.6930807746177492,0.09778975774777719,0.11108778131417538,1.2141653889723318
7135,0.005871456189234403,0.6541937523975798,0.4705285153990391,2.1034059583800784,0.4597619635139102,2.055748318294756,0.07902952265796681,0.07927960484058277,1.1682741306307591
7136,0.32202991080321147,0.3630783481116837,0.34914011129602257,0.9311316401444026,0.2274134855296993,2.9256512660674994,0.04386975603738448,0.10307266885016066,0.0854367991752426
7137,0.321333960212471,0.4645517849302938,0.28881863315374473,1.9950532941715697,0.647502197519775,3.0649541725496894,0.21754464136123958,0.07599807914014033,0.7206051505246482
7138,0.15306729461273016,0.3021299178283455,0.9346398363914442,1.0568302416499689,0.6662707238478347,1.942799279619767,0.017747968551078824,0.08933845567669334,0.5066684063226616
7139,2.2595275555767707,0.7938637079890243,0.5976161623485442,0.7926469967453069,1.0558008604965559,3.1371215749651293,0.049893403858934246,0.1315278272245616,0.6447956956530256
7140,0.47231086144987455,0.24608315567823685,0.8477276501705381,0.8858865941698354,0.363707178811906,2.0722220370961915,0.25415295549677236,0.1764799709443665,0.76330167805504
7141,0.2769062746860418,0.8148833108781075,0.41551529519055325,0.6054946315727142,0.674790463381397,2.613586216101691,0.14899261748453455,0.054354724053186546,0.9886549198625825
7142,0.7637085478888875,0.5067383187744099,0.4326173998077286,1.5696629237540565,0.11587449179185394,1.7532408194017879,0.2966773135954991,0.1438254270889625,1.4857955216218595
7143,0.8189775933509811,1.60937329493548,0.5425761637670947,0.6388685447380891,0.10454944944988281,2.355113143226792,0.14577445785787502,0.10359126657736724,0.6090360973244182
7144,0.49477484589510845,0.20918700219480532,0.24047719121914402,1.046249337589281,0.7094886647581766,1.4763322282832465,0.08882641253143285,0.13010840835606421,1.275786597468358
7145,1.7380832566455386,0.062097224066438084,0.3689186290108458,0.735551121939097,0.9046620618959158,4.236805244309957,0.07115545607856681,0.07982462860284892,0.9911094906937815
7146,0.9362524217578463,0.18893638215415698,0.10903712122809436,1.1838280912519257,0.6781224199218849,1.220952405877266,0.023573578225073624,0.06010341628382888,0.00021734654186256197
7147,0.2791740102362367,0.7631234681888476,0.176076862097869,0.9697025674329515,0.3534385179235169,0.14948857604038013,0.06857138899521453,0.11487158818502213,0.29323562744630927
7148,0.33143752031182516,0.7530790870918573,0.30903027255597587,0.5132879204183296,0.044448522599159046,0.508586288699616,0.043799873325584146,0.08077015331704937,0.958382870656967
7149,1.6854207513386805,0.6375584369058096,0.016818464096374497,0.7942992382308038,0.24872222282628298,1.6591579486814108,0.13389569732819454,0.0740972361893424,1.8496325198074361
7150,1.0847188037470519,0.4124955642732621,0.036804954323563066,0.6807539154892025,0.8970404197708555,0.6577361510623996,0.1866222978795362,0.12518383079566275,1.8145618512796258
7151,0.8894646916803932,0.37589693023641996,0.009594195098188707,1.4097529492559526,0.47002717646180936,1.2677051936321118,0.21822704833944898,0.07632646527504389,0.76564678400908
7152,1.014475124994593,0.33873724386683685,0.7985459661597304,0.29025633809207996,0.4167355095132471,0.4601402166055588,0.12248140540210982,0.03174077193769479,0.32223115659790413
7153,0.06146537196749824,0.6129393599426554,0.18714376953172696,0.5533942827245437,0.3442437965616002,2.275552926086043,0.07298724818558727,0.09480110659905588,0.5958701050014497
7154,0.3996434400946094,0.01006848670951116,0.5205649625539507,0.7651740087214096,0.4768273113558047,0.6003201361156947,0.01265208033558432,0.09299099636313111,1.3924630582014998
7155,1.0335422271507897,1.045142084831276,0.1928940313611712,1.1597624918428824,0.5995662821645281,1.5868476039456203,0.05797571821228892,0.08304432793735758,0.5452924348343804
7156,0.49628143343053954,0.30239906785939874,0.06320046635266491,1.2950918469510189,0.5046221706913396,1.536870028190533,0.22891781194114025,0.10430030244317823,1.636529298411765
7157,0.504841901713222,0.07092180566630768,0.44064724838393177,1.8021910848098268,0.43029543623823274,1.6745948560526391,0.13476640569853987,0.08589150436732351,0.961019856371868
7158,0.24720325741010538,0.8321661481976352,0.3460411754108948,2.4271011151707316,0.604178763551531,2.427363306121113,0.15680330208118398,0.05490267022992196,0.7956804915901835
7159,0.6206559938221241,0.46774423792438846,0.5630745970653128,0.5179881549266387,0.20758785045122974,1.3155581967105932,0.05536502999394701,0.09444432046941227,1.0067671936030262
7160,1.1625384804540386,0.6999304645455802,0.3042519212978326,0.886496876845327,0.5796488606124297,0.6234413441686235,0.09330189827921961,0.10079653473639119,0.7664387288137221
7161,0.45795001398121754,0.16809447575163974,0.21139687002989957,0.673018510331537,0.5416201370484588,0.6895756667818116,0.13555777289472284,0.05034747902742314,1.3688121397117567
7162,1.1435583642894869,1.0501557363110148,0.3253687749328434,0.7274197210747723,0.41412448150105563,0.5169137179461158,0.15651037865019723,0.08785500738845783,1.2004880535644114
7163,0.37430113115225067,0.32047311892317326,0.8016582782211763,0.6019515879608837,0.3676057795084401,2.186609284707404,0.14937509934631443,0.14812412472671743,0.07210853924753813
7164,0.48704213768140636,0.3578383918045712,1.153853978328035,0.17710610237779834,0.8537064067225533,0.18997730970545135,0.06883449077239331,0.17391945124397848,1.844677440690965
7165,0.6532611004092855,0.4993231951312418,0.4134128668863752,1.1386268157508974,0.47976150321978805,0.02930326309797282,0.016421447294090147,0.054066938828431166,1.5931391118946339
7166,0.06994746932369114,1.0843215523047691,0.2837325783025511,0.4609868453117182,0.4326024997779598,1.8538519007989431,0.16255531689139527,0.07886620063428154,1.9678329998633433
7167,0.6307364095239186,0.052024054335248315,0.7823668687852379,2.025665873973305,0.670579159620204,1.5129584361651232,0.19821691706904532,0.06776583607085879,0.7555065693716363
7168,1.334331872958832,0.14096780079750218,0.354245070680415,1.0623634259673629,0.3996252471415174,2.0122825509091338,0.13151047341325664,0.10793643161840766,0.8201096459957486
7169,0.7311845183175739,0.6424871629887381,0.8883890763107931,1.0895185545110042,0.5725729519888401,2.1797087435919313,0.12184608534597811,0.09900091501934487,1.0796612468427056
7170,0.946612197818739,0.7614448619306127,0.16364475823876695,1.3302964231071939,0.6386133315089477,2.0730895252597503,0.09250646160187374,0.14050343670080823,0.12763349435222415
7171,1.3239550033173497,0.8729548317355738,0.03874937442958676,0.4521980735043877,0.6164706401167104,1.024132265759043,0.2101924925906954,0.09805650919390772,1.391454224468376
7172,1.1788337441554075,0.1912990652904589,0.2508603387480807,0.8638204401110647,0.46678467082490255,2.8061018158994777,0.18378963484044356,0.1134292257144713,1.5074960841817333
7173,0.04372417636149051,0.6727580880230151,0.6767954425649229,1.7570058934148052,0.4353996909424611,0.6292115224533614,0.11600570937367201,0.09187807600910111,1.2168559812912811
7174,1.1844024801944428,0.5034451966700345,0.6784053977599864,0.896960778242974,0.64303431234906,1.4590605869026068,0.1552817919951887,0.1305178091914341,0.655702392606112
7175,0.3523394587411738,0.10544269394404754,0.28709894663784374,1.1571519790056897,0.6946513439889862,0.02625716977100634,0.06494391188317278,0.06531213949497895,1.8303111505273417
7176,0.04146896243390355,0.43839565014650594,0.521733257720548,1.793441958976674,0.8421711515133778,3.644308775193913,0.23672045640230388,0.06815894929900643,0.18113902357926737
7177,0.6493900030571942,0.2630204540914555,0.33190404891855996,1.000497355967916,0.31495698395229343,2.0147962918344855,0.11900771924938101,0.04985368368125975,0.32380586868497185
7178,0.5232914899448344,0.3668285120868249,0.3444874527329554,1.9928670852422847,0.5723858542694313,2.4869366844245704,0.10969854665280282,0.03314441328424398,2.2805475924886514
7179,1.318759780622289,0.5906349746514156,0.36038102407309264,1.0901519258377976,0.7419999885099832,2.8641730542444908,0.11510772530101952,0.060762295230479095,1.048463498000981
7180,0.26783640231615347,0.37320944032762554,0.5913779269340189,1.4780933276458343,0.5022216822334437,1.4861562277316254,0.21378545929850667,0.12037188905925217,0.5148094674890538
7181,0.5477621464261136,0.011793461824029516,0.18097246083528482,1.3945237753678965,0.466679314381088,2.8892041550788403,0.1463545640179037,0.10620679268291518,0.6227146968639239
7182,0.7904007265125097,0.21083840115679783,0.6558386668027401,0.37920105892212275,0.25271155553342817,1.4714523827894257,0.2386024932501548,0.049299447319722044,1.5828066880585303
7183,1.8565195659282117,0.33622669168604563,0.008108419428939528,1.6196888759209238,0.5707651030879072,1.14264974302327,0.1467836085985102,0.08262414187247942,1.775756807684314
7184,0.119798407250886,0.5645412543815937,0.6686939660691213,1.329662058487279,0.3531018268325944,1.3766739401829,0.20982808938001735,0.11346750417968506,1.3979605560535227
7185,0.5238215597986878,0.4122778151596489,0.2746412181549438,0.9567470248855493,0.5422323493355038,3.6417091932902936,0.08728705645472776,0.055806306178036086,0.4592084488016634
7186,0.08729159776799406,0.261443300967501,0.12055423210719349,0.6673737499925185,0.5311654919016895,0.08943774852103314,0.14855333068795354,0.08789239335917434,0.19555179722674476
7187,1.1583432718102395,0.39067177588145785,0.449844422638237,0.8618420450727449,0.6017224060658056,2.365198295663456,0.001948491412854067,0.06619026438383518,1.576127694494769
7188,0.9570030398213842,0.4632674723183854,0.21352360510245477,0.9700598082147156,0.5918230567615698,0.7098985522920863,0.13960019988105643,0.12730039983616434,2.1277937168781995
7189,0.41349392690566045,1.037460863103017,0.5701998580224494,1.2243626947920005,0.6045219056889242,3.8477497572584207,0.2718241151183405,0.0914853874382921,0.7888432733023057
7190,0.47729539932809184,0.5389565255105176,0.22967327230757548,1.526345912917223,0.4067331331613254,2.9205292363730995,0.10419083021403219,0.12678441337766216,0.5794581821974354
7191,0.9840063421198062,0.07493915295141806,0.25753419044005643,0.8720318246544921,0.7090885214681315,3.5092167781275925,0.2071753638546452,0.0993090204352599,2.0214785523184107
7192,0.11342699264324949,0.551103536063149,0.4654077368957549,1.0193535725472869,0.2810217822427604,1.894535802889627,0.2176863126460124,0.08673428776870643,1.0959794568595445
7193,0.5667187336202759,0.8152525097247003,0.004230811854526728,1.1811364331720213,0.3679019164591829,2.294035939963857,0.29171221818511,0.04648259690207384,2.41561414670075
7194,0.8073263697046265,0.3509358202325532,0.13871392671907795,0.6263216689071567,0.39256313634690354,2.2036317550303375,0.1784810020478339,0.11859702910617147,1.1641086072210312
7195,1.1441595030537253,0.589311748249707,0.15243209273876368,0.7860029518947004,0.41200229091977236,1.9232108302811013,0.14230091840321638,0.10420250729592237,1.9753155814245964
7196,0.38391979255974074,0.1356480705821376,0.7583465984101314,1.1674623732519087,0.6589482164156228,2.2566417149615967,0.14670158156043012,0.0871671216430529,0.8040084232019116
7197,0.5510315659734384,0.13818080407166705,0.24494992951597494,0.877533273849985,0.22040114257755505,2.360836940554906,0.17335378588907308,0.11033842501708166,1.2288468126592575
7198,0.041050614195555,0.9809679268396017,0.38601612156675663,0.6807085943775464,0.3995329811062972,1.3579785541318499,0.08118258789539394,0.07349168822528127,1.1578993326858398
7199,0.3741830182124532,1.3737747425988662,0.21248902620962123,0.003528445676660774,0.7977608403982023,2.08861594368898,0.08520940568547919,0.05947140197133934,1.4584490556038372
7200,1.2869094711151716,0.1952329643119682,0.28970693107109724,1.9485870949281379,0.622678846473391,1.6535824020557497,0.052029720487138484,0.09195017333643198,0.6002094560104435
7201,1.961601599414673,1.5487915886831536,0.7551412458100404,0.8344873828181454,0.4050338392097429,0.8189716235725447,0.06273333150053564,0.08547240304976289,1.584033998146897
7202,0.6285342981220987,0.9763996281853837,0.5583468882700815,0.3647685111095298,0.5681788839367063,2.032784342787543,0.0891086051192275,0.14583335999738228,0.21652141716135676
7203,1.233332061761452,1.0287645006015556,0.21813681504701887,0.9168699307298658,0.5598425696828168,3.0631590915494327,0.04144119208652919,0.07498356891909996,0.8181878113805001
7204,1.2819534919504598,0.10673913900102339,0.47287974536941485,1.5134646638951474,0.6604432906602513,3.25773528915812,0.18093311542938362,0.06536388872866974,1.0489852804873994
7205,0.1517384877480937,0.29693566340620525,0.6529249463466714,0.7510357944643459,0.514622866609857,2.192570833856426,0.08115313800651275,0.10836617635890348,1.5709377576712473
7206,0.9057464550771706,0.31286150830885784,0.45222636978086994,1.4190865798811503,0.42926315252531305,1.3674974397692998,0.07786164962501095,0.1222347064397553,2.2447332016774686
7207,0.9733421888604765,0.4566391188826236,0.005957915304499073,2.1004433240298224,0.5916977143289991,3.7373447807683657,0.07381436940307223,0.10591398158528105,0.004214694823890919
7208,0.041861510644017635,0.08299195019229977,0.6364575016135994,1.9012678155340077,0.6766522891823312,2.275653890653305,0.027357227270236623,0.11354313520602777,0.4864729933438727
7209,1.4709441156539302,0.3387496279401032,0.26821805770639373,1.3519949707889323,0.8407435648207098,1.3648100116915982,0.11733716397482327,0.08481895841338408,1.0459653056915552
7210,0.7146702753907516,0.5298874043654822,0.26202775555444985,1.3726925030779065,0.4866971104532859,1.596084337014745,0.14830724168342518,0.07847746887296903,0.6712238343353888
7211,0.4651837806111895,0.3569134139850994,0.05993857456827628,1.4789765857577617,0.18922730393623066,2.220372784202931,0.3188190584209881,0.10263560815872094,0.2144939172186333
7212,0.23460504323602369,0.2779871251353373,0.5050123886756881,1.494310893196177,0.34410366567346945,2.8350876581186633,0.1491285491171458,0.1356855479539397,0.709934756073762
7213,0.6281298678434961,0.4414767479558284,0.7223393045270178,1.6822470621958563,0.6648431428219664,1.563610100403089,0.09352258566108076,0.09910336355963606,1.5862650299214822
7214,0.16170949596809603,0.4488398594276558,0.7161931327036029,0.4299210669332081,0.36662428510296463,2.2737417657192838,0.1905009711278618,0.09631852603813966,1.9023294821375265
7215,0.06956117163081496,0.952273218932562,0.29157508448513025,1.626195978131649,0.8016001807696338,0.8541911734180966,0.01779902012629804,0.1431669569798311,0.5656760470523136
7216,1.1722354429147646,0.03796744232512944,0.7114404932508102,0.5959453646625994,0.6154463144275937,0.33541151388001156,0.14745714429061998,0.12333125816184014,1.1965805303735937
7217,0.08852863664725663,0.7483353708826619,0.2093373200918096,0.29267402702850676,0.5997397625282958,1.2000375748759846,0.26600183433372004,0.0535486683012544,0.5366102275395566
7218,0.23222808281977808,0.1738299645065196,0.02343772890696677,0.7801563728999126,0.6912507653096299,1.6532463245480622,0.10646890560203122,0.06507925194513019,0.08542150324270015
7219,0.8921770339418615,1.3129732931477278,0.5289151479323116,1.8630718973231037,0.43021424647632206,1.1853304529420008,0.26597333292211583,0.11357708364715573,0.5589685499362244
7220,0.7296283471378437,0.12495100464978545,0.4778065237868393,0.8222679223613145,1.0311185345223293,1.8039134730882418,0.17467848056354962,0.0684269780256975,0.8101993501701074
7221,2.1018181144018317,0.5281918374509278,0.8328313858031059,0.6717114963801171,0.5752036050462268,3.118313621672052,0.3271244411320134,0.021911604748091812,2.6075497687330893
7222,1.4861865175500526,0.6530235161241812,0.54851847604839,1.100252750500824,0.22923699864627262,2.327004268028465,0.1823011497832422,0.10267526495015429,0.13057244301582116
7223,1.0207746333570875,0.6688244357752284,0.43410080977953763,1.7655937149202159,0.6392282964477959,0.7909419367336563,0.07754963311118464,0.10722205109113102,0.6386913777589333
7224,1.0020405439187747,0.35399907137234726,0.39583607030356116,0.018468748198027796,0.6361995545981981,1.3384809694462128,0.11621997408410333,0.09143112172720698,0.018960741842690032
7225,0.5389885089575919,0.3352546941620202,0.8036963954656489,1.5916434614407242,0.8278854814688457,1.7337542544308286,0.16810082484554703,0.12759652897375984,1.2146330010651902
7226,0.618948119719347,0.0866803485617168,0.5741476511413052,0.58932608195923,0.5837772063387072,1.8518652261258688,0.08587772569818149,0.15576735189276913,1.6253640148301494
7227,1.379218363241659,0.34776893313694895,0.04283736309582964,1.2792351018469694,0.5604945992062953,1.0442322963517225,0.13790573581194276,0.12244792076296614,0.5709413830725012
7228,0.3120709846069966,0.17643617625522975,0.29279833599237154,1.6345500512980042,0.20339070708281792,0.9401373651691094,0.16722112645310702,0.08648738199977117,0.6159503778555752
7229,0.6448335479904956,0.6869385784001181,0.5098453091750281,0.648968576112468,0.5981437406996756,1.3092705604491333,0.07493534156002779,0.10185563071675319,1.4714871101911946
7230,0.7986149261417799,0.9746341429713428,0.09482440214569071,1.0817878157464353,0.41474289176761187,1.1610210255632551,0.0473100093395948,0.07416803451000947,1.89132075840137
7231,0.5419073154410533,0.3650435556630375,0.7345435674151068,1.3060395319566205,0.4934439109907395,2.4976466380011226,0.07132342328291136,0.09861104604671893,0.7124836660643292
7232,0.6088522250827146,0.5015555523927229,0.23508781914991517,0.3230814558545342,0.5296583964997857,3.2141877631306723,0.24000010969475627,0.05517764783083772,0.9064940738550645
7233,0.0043377745140597,0.6475324255121604,0.30645728262169425,0.18875321827482927,0.4888619133740968,2.653526085726446,0.10481745691234677,0.015608473545631732,0.37117031771248804
7234,1.2261114653281617,0.05174016956917288,0.4026924388906729,0.39818128834059896,0.4162028508603106,1.2727748938439765,0.25863944033970526,0.05374387227462023,1.873299230544054
7235,0.3015612714483977,0.08828204438171672,0.5513261902246583,0.899681879652762,0.5641358115137208,1.4700120568011332,0.15594795790467283,0.09350332980537063,2.2963415924920634
7236,0.9683163596477129,0.37825892328757904,0.24155758634032276,0.0771394877462549,0.7372608722073467,1.4571296651986998,0.17481312141484717,0.13260753459220317,0.4198041849550048
7237,0.7468701324163163,0.880259497214811,0.05468466086777274,1.077154820462422,0.6403827679658662,1.526972107347056,0.04338043720366962,0.0835450770846798,0.19693565666576074
7238,0.9673836346634144,0.47391084282081064,0.33817385935435645,0.6679987732645941,0.5847611174002885,3.382345455295973,0.012878166025499543,0.06262805318197953,1.6535385914924425
7239,0.7100755561820158,0.8635965528405196,0.8883940289903324,1.3721501762562731,0.1593784274440519,1.1412275715277387,0.022506740702354172,0.08670546834462753,0.9157558785123026
7240,1.32169088851097,0.09897672237367913,0.6507443239455314,2.321736877322022,0.6645078492888379,1.3730239288035864,0.163206583544703,0.14389212493166145,0.05258212927775563
7241,0.12265270095201503,0.8693976687206859,0.7307090712962205,0.960306093415659,1.0297702952876384,2.2996111363660283,0.15330721435883207,0.06819570137116378,0.8885517392771021
7242,0.6461344456330306,0.8060522878904322,0.49727446803979763,1.1926513373397047,0.4557535998373866,2.736030355292778,0.15905683941855472,0.10955632301120194,1.2670231995623902
7243,0.07166787253934961,0.7617501555834238,0.46853594039171603,0.1708044435037248,0.8215450560469584,3.0561964595958533,0.15381032224567343,0.05068687900583969,0.10340404308706097
7244,0.4315104735713957,0.5615585930501585,0.0009918129611095061,0.12669084976004286,0.5723766808420734,0.08542175643677252,0.06440302760083932,0.06379513380163046,1.9373514607648512
7245,1.1534120155121819,0.5163755031734336,0.6802041121641789,0.39173745686307215,0.71828185285342,2.232959928384985,0.15113094847852016,0.06824968504663227,0.4682719027934916
7246,0.09531985580573027,0.36161289742783437,0.027014488297981754,1.6481206603953993,0.5688224410278537,0.29913766356514704,0.09503276096333596,0.06781134970169002,1.1757828997881976
7247,0.7681111926168334,0.25675012354061344,0.06847872527520638,0.5993513302721789,0.3050429330305947,2.0242532186070443,0.13405338656151888,0.1050375032869792,0.9816735014553526
7248,1.125079802531804,0.23855193367472832,0.6355804733355821,0.37222274598766003,0.8145590805532793,1.4322674898790202,0.12156654478936238,0.16793910004255197,2.4448120839827356
7249,0.8337213143302689,0.7561768623739283,0.3640814187255692,1.2992421215761076,0.6630589233479526,2.2035500764438964,0.14910811082940972,0.11435245447066633,0.681374607054158
7250,0.3782859970698591,0.0368416347148216,0.4880157063549728,0.38993421529714456,1.0320747980915939,0.8614711029396875,0.15715424931639313,0.04507170457976697,1.9219434770552568
7251,0.1180953522511097,0.06006148131080413,0.3585780404497121,0.4470208300809475,0.807393033680571,1.417940035423269,0.09759377452761532,0.10791730968987426,1.5056493650651672
7252,0.7439646309005117,0.8244763356334529,0.5708818836205628,1.3201308833877758,0.344611655635283,2.225337096239802,0.0895527963095915,0.05435687371512065,0.8375127277526533
7253,0.6399586066557598,0.836048586904558,0.16776920383966623,0.911462274302118,0.5603785670690575,0.805884775082006,0.16203125718087294,0.1001357230303742,0.14644140414260431
7254,0.1408139476283701,1.14275786654619,0.8346380453122174,1.4554919259449546,0.35400533899710934,2.806138820946253,0.10298774725555108,0.1435464490111733,0.9285988178385783
7255,1.2431186068278224,0.37060647776821587,0.4355812151724527,1.9452106299353298,0.03175208852003081,0.8045993717150887,0.10853641897226267,0.06455198821454983,1.1034510317336725
7256,0.9558935823644199,0.13709269934601517,0.3347840615441625,0.5904052848535961,0.5107036379923618,3.335683618500397,0.15910486131647203,0.09100023733939018,1.914190880235601
7257,0.000836711558537373,0.49756023968915,0.8414210560249914,1.6805542817991364,0.3021341386206361,0.5937468266036536,0.07515317885188938,0.13541976184892013,1.2104996131506445
7258,1.4989918380130993,0.7267697022462432,0.5477364404046652,0.3097667201886146,0.5588286777682784,1.8467012242615721,0.12199428596753872,0.06933682176320287,0.26548959634844704
7259,1.1351795724874,0.6326158554093644,0.8144403891667839,1.6679479775868724,0.4439452978641902,0.7985869330680133,0.1283739789010915,0.0496770185729703,0.341032392445922
7260,0.5434882905542109,0.12044807502231847,0.23060004098194697,1.6362279636161998,0.4119715587099826,0.960230322752434,0.004375319371330427,0.0985563499493703,2.186195120794074
7261,0.39091965312599375,0.4204022306499681,0.013808329217400939,1.7157543249825027,0.49479182734789734,1.4779983887134527,0.10277325478465746,0.12523424688356563,0.4796115323573164
7262,0.7042104217768483,0.8711486287239509,0.7476347462664412,0.9406632433907512,0.7518593051169711,2.2166123306768952,0.12896415487453844,0.07637674073688314,1.3466206547036177
7263,2.172023645432599,0.6039490795622197,0.36791732130661026,1.9182620563488602,0.42659060745425603,0.9275123063250115,0.07671362050253705,0.08907966014676208,1.795379921312703
7264,0.3839116385244605,0.6950394610240298,0.09259589880362754,0.7835587842869765,0.4432372231827003,1.276783756578284,0.05853768164202681,0.14382790818417884,0.6301453448894085
7265,0.0989250973113038,0.0030366131574483535,0.3160864942725196,2.2532020851205465,0.6300413848482898,1.0997434863116418,0.08014735800222568,0.13216035890684144,0.9477267313420485
7266,0.2934987000618206,0.8186298196702053,0.4743706971993066,1.709014865997477,0.45653345126757167,2.6298832258380327,0.2795607390958777,0.03741967659201364,0.5808149471633071
7267,0.5757707963215455,1.2572853885779751,0.7503204132808701,0.5984829381448711,0.5125192058588571,2.245918404424715,0.1833238312923805,0.10280032490279577,1.5434487415283846
7268,1.334956588619827,0.18278128577580266,0.0620281923365017,1.1294823806649685,1.0593673533022687,2.0117980702582425,0.016763412288013965,0.09142233494873961,2.5580625415337677
7269,1.8241322194494138,0.16125110714705782,0.19747783602867264,1.3279319943503713,0.3451326741380638,0.8356862286263863,0.011548740468757368,0.10925680829123424,0.6861611093430198
7270,0.051746497460236685,0.3475192314942229,0.14574690363778892,1.6717551997766187,0.7260431292587146,0.03298345694279625,0.1439277696078472,0.07029320789310106,0.7797999507634927
7271,0.46105776647486457,0.9639683793921308,0.16749262387772282,1.179043003873935,0.49282049477901424,2.986773177426429,0.1358646394203728,0.08825127166613606,0.38383056289875
7272,0.0782483129541609,0.5701933197653216,0.4657980915236915,1.9923462839208357,0.5117441724257,3.904677947014828,0.06155024724588235,0.04047800778325205,1.2135572370323755
7273,0.8384714561766782,0.7899584578795845,0.5386209219668505,0.8033388291515154,0.3103622356612866,0.19481529084485572,0.08035074805232269,0.07383771710435075,0.18913107842770316
7274,0.5693243685275433,0.30730619265722886,0.578727868091136,1.1262253733313725,0.6446574708303727,1.4209155609500952,0.111584042118333,0.0152475107910134,0.5322291313917173
7275,0.42155621573647073,0.7746404552998134,0.18455538912768565,1.0866483135380236,0.4341553127065116,1.2853634768910864,0.05235900762863113,0.139731968161591,1.038593490494413
7276,0.943946528069892,0.7802714418676032,0.2116653016751902,0.8289621388655442,0.3250189351165135,2.622586753303027,0.22516699596904455,0.09469654569117934,0.9466533346216408
7277,1.0168014555153422,0.7128442025327211,0.4599738976549239,1.0632686568152838,0.3973032175741211,1.0245992848538168,0.13450846791867335,0.13286921183268585,0.42852494072283454
7278,0.31594856791531584,0.7238345594921088,0.3078758889307961,1.3085530947680948,0.7170952748055462,1.9903395469287632,0.22453642397628448,0.11269420594405546,0.2025170475655379
7279,0.19027031621230728,0.7068431665468923,0.41800409548918155,1.6582993917820055,0.8352509278519904,1.2553066029324595,0.1316287766469966,0.09983479861923794,0.8358982673060017
7280,0.5468329173436273,0.010234869752295261,0.3145425198512787,0.607978257792573,0.34449898813742197,0.7750911691125751,0.14388494898111032,0.06771056049764439,0.9318197929917122
7281,0.5665095323124825,0.6680677226171291,0.2725128706778814,1.2540677955895045,0.22100870185291793,3.9053311284175996,0.16294185965331817,0.1390095947742509,2.9369581452799833
7282,0.8016539769101088,0.8114919234189942,0.602498369107983,1.6698423563354488,0.6496387104174969,0.5613767363366233,0.21304422952020963,0.05839250729980117,0.1698367713213519
7283,0.17335669096879325,0.6073278629765778,0.8804758684019718,0.2353556182880313,0.7106176386232793,2.510792807724018,0.13208634468282726,0.1424039733392601,0.646340804513187
7284,0.1602143438007529,0.4644833521913835,0.47851670422582426,0.8800100747194658,0.6368904289302193,2.8560901651283848,0.08730782305139036,0.05784851090197739,0.7124940456440627
7285,0.4926346062069555,1.1348690023497163,0.4556438880214807,0.9642305201145869,0.36841840262279413,3.26409726738618,0.13268542175891246,0.12821975381479794,0.1854686687036381
7286,0.0041762518113721,0.8017713215301845,0.5257573585290302,1.3000566282197799,0.5918649643362295,2.143339510439167,0.1887376955560291,0.08646951674723234,0.6650248840210274
7287,1.0308593789428044,0.40392387325886236,0.08992164758806823,0.49772204106610785,0.646564384921892,2.124084135604,0.21829173739608793,0.06577531069845403,0.6292916252369717
7288,0.2608655369922278,1.0106656659797495,0.752497053502745,1.528265748239491,0.45364475805587123,2.496205969655864,0.1771452853446372,0.08988462944713466,0.19360195951591574
7289,1.0466912658996987,0.5437595951718787,0.33230755844322096,1.9255051865078747,0.49866331192807656,0.5384903525964386,0.10614321726967929,0.10011748177046126,1.4270112320114519
7290,0.6687123635341281,0.7638659182072379,0.323380229455635,0.3710313079340638,0.6985918946002687,2.676870040660535,0.0024899364923266915,0.05533275301367974,0.11738346548685219
7291,0.4062827450706154,0.515542722536413,0.24701795699723375,0.9412066241212097,0.2812318912891108,2.9505233753534457,0.16053395922765373,0.09936476320738617,0.6814792802943533
7292,0.8407139966982597,0.03155802197929253,0.13276916922097545,0.926610842208714,0.514234482863427,2.68590059787177,0.18288049040880994,0.14078983132103345,0.19454576172288873
7293,0.991600446037749,0.25767207101863865,0.40945097036119327,1.4184651766529401,0.4804854662804263,2.6023820977300893,0.1693906101059011,0.0886704342130661,0.7405758476084978
7294,0.34380116066546185,0.30562841908076066,0.061414440558151095,0.5575236937682067,0.42222612106582114,1.8227133186147766,0.06286505988167493,0.079719010201004,0.11014261672516468
7295,0.8756984387646864,0.24621301119130307,0.1940544284749467,1.97394509611645,0.5311060130645229,3.2193813465327867,0.1138765382789262,0.06928180756122951,1.5546136667486752
7296,0.2812839590288094,1.0705146240434076,0.5817491625728254,2.3284646997393077,0.6138606593672147,0.9664930380613856,0.09230099883955163,0.0664306115076043,1.4835054900833535
7297,0.9541766132240685,1.4229175362401247,0.27688141786100806,0.9802202279144266,0.6528419719708966,0.5270546591200116,0.14257209681526026,0.10866895620979905,0.19250253702543818
7298,0.7550729526468698,0.05461948240178771,0.5960488362034619,1.4610819695276864,0.4952711425528076,1.92552796434053,0.2120561882906073,0.08805852432908251,0.14165882552031483
7299,0.41683765414597884,0.015143910127958293,0.47569123664556334,0.2496582556227861,0.32177641204417984,1.6585129752882466,0.16783461918709558,0.11483337071769224,0.7916499094979663
7300,0.5297641475476196,0.41055757175800217,0.3278285468551332,2.459738830873335,0.7087127029278539,1.0107536918916404,0.07185087149561095,0.08628527966261221,0.6673219381515223
7301,0.10144915942228497,0.18121391493167247,0.5015478699052718,1.4810680741139994,0.75538852846033,2.46240028207747,0.12027964117738538,0.053222470888203366,0.7925508714814882
7302,1.1822013490184504,1.144023538691732,0.31727217418117815,0.8864293474218327,0.48496814997942456,2.0086570691356456,0.19854670796583052,0.06624506794386145,1.4188678111894186
7303,0.8917994918074672,0.7089605906467198,0.6508045311867124,1.341635620617537,0.2865661755224541,1.485395712744342,0.07942492123951422,0.033934920096576726,2.2815642553674875
7304,1.4854435253185632,0.2056330546762997,0.19940982764988707,1.8866223986557948,0.4228654907189827,0.8086316579447419,0.20658239761839636,0.06485442708285204,0.6547324105691338
7305,0.19257480624590395,0.1192595083914377,0.16463676011280967,0.8563925839905611,0.3667875010306427,2.501448096453021,0.049564453582056134,0.09704773083513185,1.0974971927811508
7306,0.26370798899897013,0.8053655984016612,0.41702482192296697,0.9852396097073896,0.3307214993208528,1.4862376160741992,0.1290728750261544,0.09885517893488434,1.9858595747988776
7307,0.4204729769152495,0.26716789347375025,0.36269761243664794,0.08267508016747616,0.28833894766099144,1.9359922930000841,0.06208212009309903,0.05888089743333385,1.5041009545995876
7308,0.04142286546145793,0.5573787737908745,0.30719735561934247,0.016368200807654998,0.43289759828896857,1.6928987616517897,0.09298592917834855,0.06701244745921145,0.977143979098466
7309,0.029344785575952603,1.28578921825819,0.2718448589906089,1.331608176945338,0.8291921441324975,1.8734977199782163,0.043993588877702106,0.05679566499044776,0.29990857692681827
7310,0.47458527294843483,0.17982886069367046,0.6915161975319728,0.523237714024277,1.0021220829958657,0.5033643141655741,0.18322456353760486,0.07188629174827851,0.7108373512571918
7311,0.38795089406023964,0.14060088341467525,0.471577967123113,2.1873456271093006,0.2915303470253291,1.3831753968041738,0.07719280522823738,0.07042147324976315,0.9634022810624064
7312,0.421966214119838,0.542405504289685,0.33035642891409117,1.237517914543544,0.5553607151205787,3.242655488162953,0.11573615252089005,0.1294586570926542,0.7896964666353177
7313,0.20788954133918056,1.0404285317374176,0.544014900559956,1.6802482439775865,0.3372408569739448,1.1715431959398288,0.05703443017996204,0.10515117896936937,0.16200651841567015
7314,0.45312621791707575,1.1910947372978575,0.6367363566400646,1.7479663345890186,0.2671668213470352,2.850322338276819,0.03236665879249484,0.12297315923276358,1.1102563889893353
7315,1.3344634465624807,0.9207503897894445,0.332178064293951,0.8684939945239484,0.41574236859306846,1.3063156519961063,0.15487556539895983,0.13405941640074817,1.5674235868625455
7316,0.7065548963183994,0.9953410292104914,0.8757074664989148,0.4609458563900921,0.31052924233427515,1.6808946834554335,0.11838507898833346,0.09128492919023205,0.7727771578869125
7317,0.01631420980526377,0.48775590606262254,0.8256511837085886,1.714912515373841,0.7962738100987087,0.39323656450163536,0.16028376780110054,0.0566107243887453,1.7767556227468297
7318,0.1741131232092317,0.810249329085351,0.3352159552108515,0.8247271984161749,0.4382209737753929,2.0028328362532433,0.06752277070993339,0.0626246742614281,0.9680839627263861
7319,0.432447856777511,0.5640909312208161,0.225827332670386,0.6471498131716067,0.7265318487754576,1.8650251501669166,0.08731780148799548,0.10247831856445938,1.510865103455412
7320,0.4715443050173567,1.2289792923485958,0.18003572010012978,0.6739731023252594,0.4548155234891365,2.06609804336357,0.151739400645545,0.10611289965758797,1.8387484394352973
7321,0.8084990263286194,0.296530561983986,0.19082833683770303,0.5892378934963003,0.5010546402976741,2.3279994212113326,0.17040549293535256,0.07195323828111473,1.6374299777000538
7322,0.7677705967583526,0.48459921775112663,0.20159909143658244,1.4918271640826597,0.5282880661432072,1.617276418751165,0.16621968360678652,0.09863252459804646,1.456790756306909
7323,0.6354569320268637,0.18424331116286483,0.28770624401233025,1.662458119678748,0.6442301715911845,1.7706364212022467,0.10868924955838878,0.06801329486353053,0.7321034382575924
7324,0.2064097495683235,0.2557814142723394,0.3783614723580325,1.7761403297568763,0.7560338701757532,2.727587513060554,0.21091045944113268,0.08992274345583087,0.3499479246982352
7325,0.7657486834165108,0.3788871590807922,0.6763645151006203,1.0789423009334427,0.5217005649840365,2.8140023906520577,0.21442218762456902,0.06005454912776816,1.5231159256088878
7326,0.39613218236823267,0.9194284113706652,0.3093416193890857,2.226182819964676,0.5448271076278486,0.5275453738801419,0.04335576034235576,0.10907224738938905,1.2132427946038389
7327,0.29334038729567,0.1301002029444968,0.3473762726877383,0.53069495741188,0.46413635976627754,0.8620743268838846,0.09052186633270201,0.15115911458625791,0.20809960805122252
7328,1.3387029146751068,0.22611872928094623,0.2665613612951284,0.9943089531679159,0.5573664557052338,1.0384228516986744,0.021351680177316618,0.04402620418770464,1.2631244891175195
7329,0.3384506562922596,0.3345030949996872,0.5203677991366868,0.9890606332676373,0.8078819201134877,2.6646188695989466,0.04563827442286923,0.09897467046129015,1.7423072134258235
7330,0.3841633059178335,0.12671305551195736,0.9462048194477173,1.4132597669967193,0.10032545184821373,0.796639610160833,0.014121122684251045,0.12622063873570036,0.010446616983028623
7331,1.468307282125601,0.2847314956109487,0.6964942118239774,0.09066600744806685,0.34716875074486464,2.284735435824863,0.11882520507957234,0.13019420034011783,1.8378452978066506
7332,0.2679849838124817,1.415477002108268,0.5126266381977757,0.8648050489905499,0.3371434139785646,2.5013301929401086,0.317929311257281,0.1024797957767244,1.4784903456332468
7333,1.3402627137712764,1.0278678819652207,0.39729223849819567,0.7527197659004805,0.589593966597205,2.824884597391432,0.08852307374524868,0.12084665138417879,0.22076658030692065
7334,0.03997626004159249,0.7170524896342892,0.25288828845650624,1.7751856671607027,0.7357369016812952,1.5252967116746832,0.10559678043957947,0.03877889650252039,1.2050345978886097
7335,0.6828560632389873,0.1160341178657554,0.7396793178790204,0.9483015437119402,0.5909983247810522,1.484178030182294,0.1403293465737082,0.06813016658750126,0.9665544619805708
7336,1.4709489734175554,0.7613755097294247,0.054327380714685514,1.4141004179159045,0.8204831896342515,1.9149026282928074,0.1562244720772174,0.10648107396456233,0.41045018542283435
7337,0.42510738510456436,0.5566147283985949,0.7525184497420674,1.004407589687316,0.5418987940469673,1.1636373022491417,0.0871006000931428,0.1312057232439448,0.11096696406222573
7338,0.5244497642727793,0.6915074433055018,0.38339359012997504,0.2374101185907701,0.5230352178877746,1.2247444438128468,0.27013996996706935,0.10547846981781737,1.388322127221656
7339,0.250759046100249,0.2900309753082695,0.1863945720259387,0.31479362351827234,0.1810283974458119,0.43520387182274556,0.05187119085373732,0.10539965276843298,0.6084784424736296
7340,0.36980734280978605,0.2596303758989342,0.3881294971055584,0.49752119344694046,0.23656995470605446,0.10505061910241276,0.004356078066510144,0.08354323789741014,1.2631027773470052
7341,0.23314887288396835,0.1704679767901126,0.11588013133500738,2.319702069460949,0.3835047841862876,2.324197309875199,0.13127636940054502,0.13050860334918418,1.039730382689103
7342,0.32834372037688414,0.7844000530870763,0.46258825825980854,1.8754099157111104,0.1850683721352806,0.4922941443358244,0.13140072684652965,0.09656817248818099,0.06958144360196661
7343,0.7441568443354454,0.48469337792287365,0.29995211379121783,1.2886736739424673,0.3221526054671259,1.1243371024829976,0.050755820533875874,0.09568675732846686,0.8665793564190059
7344,0.1972278711598326,0.7083383043128666,0.5946888883599286,0.8671479826182453,0.33155947057439084,0.33392875678907163,0.11409943210966678,0.07472460860264751,2.144377391310317
7345,0.8591495185232829,0.17971061600741492,0.44523927292255056,0.30910526230195357,0.16779220273420892,1.3968869208303907,0.20249496760920224,0.12370046294703006,0.8465358745872037
7346,0.5199534425048149,0.48599055344366904,0.20637888107327146,1.1790784803333925,0.32001846510763865,2.542789903454282,0.19771850375918482,0.13466101550947424,1.2052448354334946
7347,0.15493597264882913,0.5393010653175586,0.351969397145128,1.9530704043826077,0.4030205577498808,1.8206412955222078,0.027411210557325497,0.09603319890051085,1.0634678760219782
7348,0.12557387355434343,0.10951381573536623,0.4640534018369056,1.4246470193016811,0.7266574888902719,3.572374153761266,0.18145848593226727,0.07611772476850309,0.9178107471632815
7349,0.33101142228058206,0.9283483084345017,0.7795006820810578,1.1225189843939718,0.2678153840420634,0.7984190332137813,0.06573115275928174,0.003111739617016232,0.8608080741147124
7350,0.5487862181206269,0.26867897050736944,0.2910609201542439,2.377423012686748,0.4017231020953009,3.9000545845589905,0.06682899100472717,0.09501707439278605,0.21088861186595964
7351,0.8251377889605633,0.47107939714955543,0.214784560900399,2.5373526790437015,0.41746454698296,1.686098088452921,0.08967767338664041,0.07354894299489442,1.7626200741137272
7352,0.4608551666330163,0.12797980485549323,0.5464486296833115,0.2620582556023894,0.4194948558086893,2.8702116598831227,0.09824626401413188,0.07748487248508495,0.47649068247641363
7353,0.6129502478395126,0.8814223642122203,0.8196102188078154,0.7887799851096469,0.49054799649031855,1.6690627295817844,0.112809122211839,0.08576599730435795,1.3207092659074748
7354,0.045261503911383616,0.25371942158812566,0.14937826898701753,0.6432416177644911,0.43820868656273554,1.879181901441154,0.08587515081839778,0.08117833128549075,0.19422015629296552
7355,0.6024266287725838,0.5837924643911452,0.06468084361448706,1.015357435483971,0.6368363630311515,1.3138414443450261,0.001035023274702021,0.12207217592582958,0.3557870238840295
7356,0.5692209425824983,1.4243645026742617,0.591595699245445,0.8490253204278391,0.36761259218994163,2.2074083485571574,0.11345636746535728,0.06707936652849897,1.4286136607271378
7357,1.449063777391272,0.23252555614848094,0.014289339470551277,0.15095126955019778,0.3787320632898245,2.3706010294603574,0.09988424316993363,0.0759779630663858,1.725910802233646
7358,1.118062023287107,0.8988996869612971,0.5399084339100575,1.1620522400452866,0.4776052999039311,4.43608974392263,0.04842567734526773,0.09305673905669978,1.979707651369051
7359,1.4788039661068255,0.9859755797164016,0.33049633298125186,0.015340565604482825,0.7818814689543798,2.9190183345555725,0.09084430744740336,0.14015027947718622,0.25275727495257283
7360,0.8630396751797309,0.8144485525253977,0.7541149146346642,0.6146815514494455,0.40229721559680875,0.8270792262434692,0.16453931704330738,0.10413652553319262,0.04427544830844632
7361,1.176286078091914,0.016763007263446594,0.7097328953561086,1.3584795486557695,0.43224017003952386,2.19145330001533,0.11955213642036189,0.0869192364596065,0.6348849372233203
7362,0.31405487798833503,0.1174403760239241,0.7422591520284576,0.9812444506131036,0.542784548615781,3.0048247154736005,0.14138927131491133,0.09224230570024437,1.5031041424835372
7363,1.8702856214966588,1.171482170110318,0.9242155628679463,2.188308208584988,0.4913307597508729,1.809665387331918,0.23136408753810844,0.15182783060984284,0.789104380200292
7364,1.1091939496368213,0.6115769132515589,0.7672883045196106,1.6285024571058622,0.4251439820626206,1.4857941405716972,0.15122816649936544,0.057641914415248456,1.4828968468558115
7365,0.10646967133444663,1.315774594784243,0.4266702449616316,2.538220471520306,0.5889611132912932,1.3302486706873737,0.07812823982443304,0.08665269146023451,0.8338730385298609
7366,1.9861400390845845,0.3669735719763408,0.5364533202402935,1.2584133036884513,0.9207637679605365,3.17384183410293,0.2913555672507936,0.051430361898466566,0.6995986441994677
7367,1.2261121146619771,0.03219828995550128,0.07260278031300693,0.4813483676555178,0.8556439851282885,0.5306529357991603,0.10612779851955825,0.06183594963715748,1.9446432317096236
7368,1.1208846526469083,0.45636758108686193,0.8018470250979268,0.7533494269442624,0.320402536458089,1.9871862620796898,0.06944272096057766,0.09593969695960222,0.9926444286309966
7369,0.3018723567353509,1.248880849188399,0.6605601915919252,0.33899111260953785,0.46483625999887285,1.4135091334575414,0.08227185154462098,0.06169500121687686,0.1572114600481036
7370,1.8975479555534973,0.6545629093576641,0.7407919332737622,2.449598590282389,0.7889628032752477,1.13369653609383,0.0712467571300739,0.12241209067110298,0.6416796971524248
7371,0.5621347141262667,0.2724597527012611,0.6392538702887964,0.7650944127657209,0.3482645591200671,2.598302183837754,0.12412631825770812,0.11507383315442127,1.6451271440671666
7372,0.4217071524548316,0.3761143787483764,0.6582985978530904,1.2965242759508078,0.6791959689398448,1.3071630642505454,0.12536709557626077,0.09851625343996602,2.414176358383029
7373,1.0513133689068606,0.746686310286456,0.163299574540317,1.9942346065333858,0.864401624509397,2.1072211920720756,0.10839514527883323,0.07062262807121386,1.6262612744513298
7374,0.12704601910869773,0.47417602648894697,0.23005406100817147,0.13379000613871594,0.5051887465195835,2.1333404473924773,0.14065009085926927,0.15006904849687502,0.624293539213511
7375,0.9291099167364301,0.8645310717760886,0.7583104024505692,1.434443966812833,0.8300422310334781,0.8359355723899047,0.18379095637625553,0.12056128651543889,1.146769275310159
7376,0.5380141067593973,0.19291023427483134,0.23585619276174186,2.1378844047163597,0.7956142972214835,1.0937577201701907,0.11833856780226008,0.07305420083237746,1.9849843034239147
7377,0.17341603413064416,0.05067276773198981,0.381641341743965,1.8914182779545354,0.5323982539750111,2.445996017970868,0.0721959093878955,0.11534540268544666,0.6424141088707604
7378,0.08426468717503413,0.3695028786871641,0.39902212413684246,0.8935955381218945,0.6517216918698471,0.3017163967102885,0.23152096908148306,0.08768953283907102,0.1058844552375191
7379,0.2868231428605917,0.8656031782273816,0.7789729328653436,0.8465236400074141,0.29781951744713675,1.2290265893582197,0.1354526570545162,0.12670357920970748,0.5974852081059089
7380,0.18606919770065922,0.8216243447816898,0.4363519936183699,1.5246921816155221,0.7208033938791826,1.6455657924625935,0.13814671573954657,0.1022981562551723,0.5470817012542497
7381,0.6607137308349833,0.18745883958164197,0.07713502103657144,0.779175521876043,0.9886089851545438,1.8520970990707517,0.16957822396145006,0.11108993448771833,1.6402896822290964
7382,0.10457033617869402,0.2422234405520791,0.09387619441726022,2.1871561728742197,0.6438295509901081,3.2199334012242318,0.14125964076130434,0.07897385354746586,1.265229840246123
7383,1.8714507786078833,0.40790620297597213,0.5452572740939011,0.10088770681505554,0.6412386670300578,1.6985084550803218,0.07825276153937813,0.13365914724970004,2.1067945487554867
7384,0.9849115381937665,0.3582836952284577,0.6141156805004852,0.9248805193698733,0.4700279522110683,0.7845120651883284,0.253118551641272,0.14079351456829137,0.20703693955104818
7385,0.5336258692525082,0.3976587128223127,0.25201193745181577,0.49212900358710243,0.7566831431202536,1.543191854452294,0.20141598851263132,0.10329355557081742,0.6943481402611112
7386,0.5637446760266631,0.4160727473730215,0.2595382264530826,0.9889087784908387,0.23134141884144072,1.5180555873038943,0.04004829084545085,0.11323565905883165,1.8400676667298246
7387,0.9430050287165819,0.4481660035569591,0.3544610807017643,0.7892285085935298,0.6064096503977158,2.1614603570754514,0.1725876127134806,0.01520967581055463,1.2385604375079806
7388,1.3546424763763238,0.17840490336886689,0.06600819885327303,1.1749740658908783,0.4264918183678051,1.4309518985180334,0.1503593208029021,0.09262617191439115,1.7422947034633802
7389,0.4689056360726616,0.9178571527235682,0.25602274111816714,0.6689190735955542,0.36372305927573495,1.3740921899946112,0.07172031444273798,0.10914396062117201,0.09617677882940556
7390,1.0436174343513684,0.821113833101138,0.21085918316502772,0.4898186072146344,0.5391117928980087,1.8334022919412463,0.0635478878773782,0.0969322552595415,2.5521156194884975
7391,0.6212256525312227,0.6503374634688971,0.5310870237159573,1.3074576067178665,0.673341916399407,1.3662262859874486,0.24332027408279466,0.0884299786533699,1.5064102821951395
7392,1.019182900602967,0.16455278312488775,0.500672680760955,0.9128676131064337,0.5680878391767762,2.612294154401467,0.21090450783136516,0.02870310717404552,1.3350156450066435
7393,1.2718635081051033,1.0801326526121535,0.3412218688701006,0.018539227625415933,0.6564427082125861,1.905238186034228,0.10248283267315128,0.0684425709982079,0.6654594524690077
7394,1.1413711375585034,0.2965056616131864,0.37756850985587004,0.9366846332233392,0.5121811042773317,0.5596331963547991,0.007828394008055087,0.11018596749812051,0.39059554600739094
7395,0.30602113627728156,0.1347476952655159,0.017617866697087314,1.3122142961816063,0.1577507018416447,1.631998846935893,0.12466343203091457,0.09227746254907163,1.1964153129816002
7396,0.35046266516790536,0.8420130849715923,0.7586695966471715,0.5550949536305463,0.4779192278032945,1.449805807864842,0.24764054391157259,0.16179982724267217,0.16151520137958886
7397,0.02069098305675937,0.6562902060390625,0.17335554868223385,1.7309891184119914,0.853197943407805,1.9979477118752706,0.09892959190494895,0.11763085165610217,0.978086675154004
7398,0.40426176138520675,0.40192708191213394,0.826202043686665,1.556426425607005,0.5758593076030165,0.7988206608846282,0.04320373409850985,0.10888286846928101,2.2878962291721043
7399,0.7426681029324723,0.10501942443960444,0.2251193791045531,1.8626732860868278,0.6192983307382431,0.12019742578053716,0.10168548515447837,0.08238922016668282,0.15462403363243749
7400,0.35069478328990245,0.17918110809574106,0.008365266226081747,2.2038280553951908,0.7723879947020081,2.2988234431899732,0.2338352847201477,0.11880873916654051,1.075966407508236
7401,0.4566667459861301,0.6241066663875896,0.07871527965053127,2.0586302756847723,0.4914591381973363,1.7960316985525038,0.08635090705148706,0.14023215068898948,0.8553626129698721
7402,0.16314542258851278,0.6509614748979049,0.334964137917841,0.2341732032440399,0.47819500119037334,0.7313465015790052,0.07226138412783353,0.06995407364774774,0.4285540303983448
7403,0.10348734436795551,0.9071229138990184,0.2709501772072327,1.0814129975745705,0.3814538665011139,0.780719540771416,0.07570325027681278,0.07542449011867376,0.9537765286744905
7404,0.234322279208939,0.7913556213227148,0.6190515161365597,1.0698903851516455,0.297186043716365,0.991547733030451,0.007021981737581784,0.08024997793943672,2.460422388745989
7405,0.4009793907084721,0.3691842149955311,0.13564089876241953,0.7791025096965906,0.615956301104296,1.4176370141510357,0.1849797031539657,0.17995965152126925,1.3254920270418225
7406,0.4745154139457699,0.03335112023668002,0.28060923619837314,0.5082423806949871,0.689612484078813,0.7369416488797881,0.13224605655023533,0.1474231545143626,0.05275670572416025
7407,0.03237508862136196,0.1389340515613666,0.5662294086267496,0.07280014339675,0.4917380236228307,1.1378104401676792,0.1873197762108929,0.03756699323412548,2.155093035611112
7408,0.5223288303832188,0.762277838935759,0.4281304017635046,0.9895391468109536,0.3901224565221226,0.4602359587224496,0.10066280038578249,0.0758004520088564,1.666123141537402
7409,0.6444114698188115,0.7938971306746175,0.002648097064455235,2.1519592871827182,0.3792943747596462,2.4594477131304866,0.02757385943521516,0.07210647483399367,0.9610735987187778
7410,0.21136065103596818,0.12036111046130876,0.867166486437535,0.6071947505719184,0.4120679361915766,2.6314372224387834,0.03102042851826141,0.10375242654476738,1.9871248910297583
7411,0.6856196358160291,1.2111341276113445,0.4163982865956708,2.402066320912894,0.7486732744482969,1.5124044038488378,0.20904537186695393,0.14918462965999602,1.364828521455363
7412,0.9707536448314811,0.7024457527001449,0.5287512028029021,1.2952276323716554,0.4378293600190468,2.100400553713461,0.18993706287765127,0.049962583948834516,0.614086627049148
7413,0.04070675707787516,0.5795911973433348,0.5587648724034099,1.1087284106347628,0.5270150444565801,1.096571727116093,0.06563654429048862,0.08512813631732315,0.2368351716606113
7414,0.7781066741171043,0.4952041799650114,0.5334988706688175,0.7024459593826922,0.3196162498664223,1.2961642024276017,0.1582211478374117,0.09313226291128798,2.247801125586073
7415,0.09194674545555165,0.83701995825745,0.6857633378276382,2.574603314779293,0.396351775572103,2.888628114819139,0.05516492589777934,0.10470177401013493,0.9982178762405517
7416,0.6597822370575688,0.22544773887650693,0.7634501758996055,0.8543256568656069,0.5740870489212102,2.2786003799534633,0.1283171895716267,0.10326541090536152,0.5020940164407943
7417,1.0377015903948383,0.6707344960050516,0.26974700267344964,1.067474414226698,0.5924486192708397,3.9163296611478726,0.03471268090290429,0.12565787065423187,0.0022685025991671104
7418,0.5132888472210188,0.7564869109407004,0.38035559490068793,1.8228249492005242,0.3909640295280645,1.31285932086677,0.025705969430833683,0.12981433703002443,1.9555357825286939
7419,1.6922155004402728,1.1738575470257233,0.49972426994098984,1.2812251282316074,0.5070214712934364,0.2864142211861407,0.17960256349370418,0.09924428673777552,1.0181833452073663
7420,2.103650804833895,0.5635059560734235,0.6450669500815748,1.5013716130180963,0.659934496536079,2.1611937087165014,0.06436329174228204,0.11253151384240909,1.4561078051834486
7421,0.2792770154191744,0.6978878335785051,0.33688963968681823,0.771797782385409,0.6277359989365501,2.642899944248107,0.18803913155632287,0.10971298048801853,0.06988672332451096
7422,0.5234386844812782,0.1468027104400468,0.524008659279196,0.7614642283898244,0.48129129205178645,3.1546618514729947,0.016664225036932406,0.10222587901945442,0.6794338109257071
7423,0.2849581649136971,0.22450845528152985,0.3956968538637944,0.8525492678683736,0.8825094940120267,2.6701641608063102,0.10661267549150362,0.14896428209074253,0.904389880845122
7424,0.5572749870835974,0.48615941273351393,0.14324032937920186,1.7393039432328148,0.47908874401692997,0.38888075641299835,0.16327941833600282,0.06394594921408894,0.9984122859092075
7425,0.24798279880097998,0.05671265843860379,0.5100927439842682,1.840125118132773,0.2452095316257325,0.9671881462681036,0.0941623011478332,0.12079391352330125,0.2359758937116181
7426,1.428357522850571,0.3247404314883331,0.8319440688689778,0.5327339492820173,0.7480475644278446,3.5804237811407598,0.17310057805053541,0.12851615587094242,0.6753339119645048
7427,0.15332224303636954,0.443041127979708,0.37954876942188587,1.4821631456857451,0.5188407647144349,2.411147569071714,0.1199193344332254,0.10876757277808657,1.8795813988464989
7428,0.6916627113770935,0.340698125770197,0.40215931231076346,1.004892455934672,1.137815605740946,2.0745358294107743,0.21869122127633156,0.051300929061187876,0.9554497204857105
7429,1.0447232662890158,0.5705928559716895,0.7393962913180889,0.08059632701832642,0.3256653478370839,2.6523790362551,0.1696040868020603,0.11358513593630773,1.333105353678069
7430,0.1359621914964991,0.7452485598109901,0.5135369867216434,1.9595919749435873,0.2337372654819032,2.57412764792251,0.07610173342097373,0.12378992153797796,1.9121702257394588
7431,0.525541800246818,0.012628924806024011,0.0814258487947338,1.9970053611863179,0.6777694314898025,1.0327120494269229,0.17263316130699458,0.0654528030787087,0.11378607091836479
7432,0.1902713807851713,0.45459363880129133,0.05849216640686555,1.0038203772205239,0.28337562096043534,1.4339405250194166,0.22315737589852241,0.048228745237278874,0.5903800969825561
7433,0.3574299142263457,1.1327269789591998,0.3981730637321843,1.2953736119780366,0.32910240904151344,1.579578356030269,0.08601292503431085,0.07121874867378539,1.0983928989483354
7434,0.9476024836640742,0.5200968837863001,0.17777655149093208,1.6076550920596937,0.28340573197779867,1.3520131434650746,0.07091534683158604,0.11077114454741838,1.1098989964922448
7435,1.1033503660638706,0.08690303344023426,0.35759593201161516,1.2135696239742972,0.33485451254741105,1.8179461645101893,0.21482668265483335,0.08939760337719775,1.2734897541733698
7436,0.9698641682366214,0.6924454909013936,0.009309854175451104,1.0101520025206459,0.7128872825808412,1.668193561094401,0.09713860718009193,0.140345770699646,0.5915872381180809
7437,0.1167646846409294,0.6663730064928669,0.41299276682277375,1.4588362803655446,0.6485967406677129,2.852307789307474,0.1554657036304431,0.07723912853002478,2.330986199516181
7438,1.0407441078989201,0.468915124246871,0.204714075767548,1.906006903456925,0.6878943646394854,2.220082740768067,0.18259891867297792,0.10532641939078805,0.8145094810961546
7439,1.3395422057019992,0.19746049009427877,0.5664490370167523,1.0515524210023228,0.4174106600183648,2.1182906468118974,0.07315660071247801,0.1255708515543963,2.0110160817559466
7440,0.2126322509140903,0.711853807131077,0.044335697570926424,2.330639646162637,0.44042797073757595,1.448317485874936,0.08160643734587075,0.09364291651221743,2.3729904833190956
7441,0.23044870466491557,0.3615883338321674,0.697701487043384,1.5366094413108324,0.35857762953960676,2.4019154089522483,0.1577843665077777,0.0573258092097931,0.16400963489997422
7442,0.8144532068779389,0.7049955962299768,0.5226003372455872,0.9081955374373539,0.7676930330128477,2.308113177524308,0.19558950664695685,0.07786215927097394,2.578247156613495
7443,0.6073742813523229,0.1637398991970066,0.4578818685591749,0.8732712308107646,0.2729259015184938,0.7872948619779779,0.13561189625142048,0.12138788934710298,1.010908264846226
7444,0.0617363229260795,0.457514460322632,0.36663410071302743,0.7510987218657317,0.7748163552710594,2.2787978925458914,0.17537146377199458,0.11404264638621209,1.437035782783246
7445,0.6934315271164577,0.3087183278445658,0.6353710836337685,1.7037887946782322,0.5341239125131407,1.128094150854452,0.03927273000450217,0.1246542373475627,0.09051408664016125
7446,0.54293813505837,0.8131827102630222,0.4311055998223203,2.2782043538909087,0.5882029338258175,0.4817731450292546,0.185036185581419,0.04509523937809431,0.018391300494240315
7447,0.20506687877166177,0.8414943531015098,0.11959936802228022,1.4554404260324172,0.6734412070785347,1.7347061017504801,0.06862923413020731,0.08609554349330573,1.0215224791746422
7448,1.6773134248801487,0.3816518639316182,0.25022685832214314,0.9626806601555775,0.3478234841242567,1.7937191857608705,0.07747365108003045,0.06441334171593924,0.9244755449781772
7449,0.6564563632468048,0.3764742922963188,0.624224830824291,1.3361016909182524,0.5482007314943941,0.33095808432446194,0.08987167469251017,0.08929481307882484,0.5073504089592609
7450,0.19665914995573477,0.14183491246632005,0.14058190961751174,1.0467844146944014,0.6169780735718687,1.7930860980543895,0.04308908919199296,0.10515428822798602,0.9695054623192052
7451,0.828725364113619,0.23464644760299835,0.2982440914832365,0.4323712034100702,0.9830447743037107,2.6920136654404097,0.06441921250216372,0.06613716959988894,0.6416016112985893
7452,0.4260467962073229,0.3328949070302481,0.7818070950317321,1.562089262054549,0.4884108499174846,1.9445337848461177,0.2874290079719446,0.025441806104801276,0.9183473204793859
7453,0.4093557559084222,0.6259845720881989,0.16696498871759238,1.6025820538641535,0.15516863755452276,3.02084105882082,0.05389405387738329,0.10573302956501594,0.6754880995685665
7454,1.9428802478981142,0.9919948497497859,0.1684925261085894,1.2451761537541404,0.7608233598478915,1.8207822543267747,0.19597115827700523,0.08254263860858335,1.0752079462096396
7455,0.24152887809755963,0.11854563846296537,0.5036278208829417,0.048624394014215144,0.374952760421966,0.40662848525371653,0.13526996974608654,0.07327489207502297,0.4283621117009487
7456,0.7069470707979892,0.24639653158498848,0.4456462599707881,0.9216493431623936,0.5774013440113801,3.711356361660666,0.05779967036843186,0.11051570206652726,0.3321233764051442
7457,0.608374303115431,0.23682256255772746,0.47524258230010596,2.225685052736131,0.6912982497004279,0.759391552538779,0.2162692367923127,0.10152813584455482,1.5609207747188298
7458,0.5061913982806048,0.7040847918899578,0.2306739656918273,1.3227041454129742,0.7145919506120507,2.009217201190806,0.10054097606577365,0.09031717770302308,0.4987944973172415
7459,1.0150935554681606,0.47268301829066295,0.19501634581640634,0.15341267583673246,0.3993870943415036,3.1772965150821495,0.09048588267059646,0.07362073185387845,1.2532459664582074
7460,0.8930853440913522,0.3191626841717,0.20358634758186198,1.0940124513123066,0.5852622130729556,0.8485815744230343,0.1357503024080772,0.05780532713467221,1.9187143186935491
7461,0.6419871740310972,0.45901388515407976,0.24578800573778448,2.265426682379397,0.5255703781807984,1.3481845750079038,0.008519411312977301,0.12523733263248446,0.32758051673353894
7462,0.19516202544825742,1.9075203435870978,0.48274238867415764,0.2777349353327795,0.6687942869981155,0.8625029212266165,0.10959615475762562,0.09602937082956942,0.7434710357954949
7463,0.34513574355011856,0.026397666417023957,0.3303275961141895,1.7462681952185726,0.41569034804238925,1.5095383652783085,0.175510830674029,0.10676012763044704,1.316751779803766
7464,0.049601855006538825,1.1318013748517488,0.6645285044435798,2.4892047845521845,0.4226453228930095,2.682910060818747,0.1277141611004036,0.10541189484749044,3.019672499227947
7465,0.6446436808341628,0.47599038822055073,0.5043781479892164,0.3619289688429699,0.5520321265800479,1.4480551874329006,0.029987479823402843,0.12726954106433933,2.820868932413382
7466,0.365901066893787,1.1108631198169587,0.09596839028980733,2.234622867436928,0.7739045595692917,0.4501910711985566,0.13203765537064888,0.06845065095094702,0.2599656468382773
7467,0.09633881115495194,0.9224839426554126,0.668242441659077,1.8341831713837147,0.34080176817997343,1.1541325760555305,0.09919824123085758,0.08251986933955367,1.095846040789877
7468,0.5640031760139603,1.0214020817532372,0.04778984748048587,3.1084367962009796,0.5657124119666143,1.2106248587605886,0.16684257172474193,0.1221862339797756,1.8740818350366146
7469,0.3501794647443986,1.0122318094829943,0.7146100962049934,1.015591086498108,0.7776174253147026,2.163957320436608,0.03175632210012391,0.11258062443921958,1.331833645763459
7470,1.0991479347542288,0.49291714353970817,0.5464681398315575,2.2228036740655663,0.8121237815571671,2.2959721070503254,0.003525168136692,0.07539241401602548,1.1262140749484886
7471,0.6279223569929242,1.1708884543772875,0.1936103826007813,1.729478615610696,0.5914431389881485,4.523595917718461,0.06966410864545411,0.04187613656074336,0.7475485559489695
7472,0.31178175950192066,0.9603280436181436,0.4498447605342705,1.317225426176037,0.6259621851816235,2.3979989081137547,0.0619207858829356,0.11187013373232438,0.9561851229371747
7473,1.3960103449475962,0.6467255370297464,0.6824629227879309,1.270740483500887,0.42612306678958856,0.12942053890705063,0.049756292292771495,0.08535969043868569,1.3700019924398594
7474,0.41208355057804213,0.42011485798977183,0.014663693117671961,1.8324102102073092,0.38474295484956716,1.7060739456701532,0.1621124857206575,0.06815817566184035,0.9217398246301368
7475,1.4738599932347192,1.2134515151916079,0.4397337156835425,1.4045660346801392,0.6102565581758691,0.44862781176690003,0.14108561979879924,0.13664220927846243,0.1724534421741042
7476,0.6359961384715387,0.1924076443547681,0.2212073833954334,0.5607069256856873,0.8190740326041771,2.6592659783180315,0.10766290344562802,0.09427355731320854,0.5399489376100354
7477,0.19040933116806052,0.5305150132767863,0.0023851471198529373,0.7711913689567687,0.5505549568385693,0.8729377870945023,0.19418574046112025,0.10125669542223424,1.0290827222624022
7478,0.8552286979260098,0.5019097295173879,0.5831976645468195,0.5508383466538616,0.3967588290798324,1.138641895752772,0.14442992694171503,0.1741162571310927,1.0232791751707901
7479,0.42969984143396367,0.9728492353754723,0.2417334429475283,1.1741499939570545,0.34931282982377165,0.9142408895816166,0.18032746745747316,0.1190896485276689,1.0745688794400428
7480,1.1828534845249445,0.8280385648206099,0.7592906354071229,0.35539175978005155,0.3262639625492234,0.085516372299131,0.08953339365913504,0.07188871094760474,1.2370433968703538
7481,0.4878036561454453,0.05031270692124895,0.3760579956964,1.4744452936078523,0.4696470389715622,2.0549900593741985,0.16073721123820833,0.051560255119732945,0.9528230543072398
7482,1.772858817758481,0.04188312420549989,0.21801634307223694,1.8189176885896599,0.6959709030049694,3.390731029192624,0.14952304537370792,0.06944829907053976,0.6230467699415474
7483,0.18701316721888275,0.07598442778592435,0.10500868458209003,0.3945878174882623,0.26338830420753123,4.005838318759059,0.19458738486718333,0.16165827296581925,0.7107761129312149
7484,0.8375624517830185,0.4030396439279845,0.893397637531818,0.2604250478319676,0.50343721351789,1.2909061371386423,0.09345824735461213,0.07666586569458461,0.6488681122540372
7485,0.63451405044328,0.49625613326485707,0.48979001390635946,0.8694180474076655,0.05073430290872971,1.1079024765196976,0.0896621382695708,0.13289800171196658,0.20081703949492435
7486,0.9694081609707039,0.4414510799721624,0.21595323269857195,1.8095704042481424,0.7037162144006475,0.8054524143788473,0.14670737062804162,0.06008334033147097,0.21746538324346965
7487,0.24193748769212392,0.5657560070460137,0.5882954645397395,0.0429122706638454,0.6345047621172855,2.5299239095680766,0.21552228026658493,0.07554201953723039,0.7677450452642749
7488,0.2055745281419315,0.8090507153121282,0.46721327356536546,1.8468112888311607,0.9445205408772405,1.9600621727680965,0.12259227103051072,0.07654883582111946,1.3114542018656454
7489,0.12341765799794607,0.8089715636327888,0.6307080106615064,0.7142095473070524,0.7524626827019935,1.5479509928461235,0.11500784006690418,0.053849913090728806,1.3277635388102278
7490,0.2198771342255294,0.7032139896823781,0.5237978310602444,1.4818859419484067,0.3123161090024795,0.09085270997753869,0.1899807344924167,0.1383501605434432,0.755494654230073
7491,1.6399635658916858,0.4098707622482261,0.506716734603134,1.1400939447834906,0.4333881653889396,2.5186660172853843,0.06720933321669678,0.05894299262839615,0.059437546387159146
7492,1.07784850384535,0.06788463485057589,0.2933799756195877,1.3439656881348774,0.6404336946780518,0.32294409377150535,0.23373663499691533,0.02763035902765691,1.9259980830900947
7493,0.20554897788917642,0.46602847459771185,0.2931041325977779,0.8154459426013416,0.4187745431567919,1.040434290535757,0.11194646262973262,0.13606209687499,1.3467890869954038
7494,1.1050788359839199,0.9943048736495952,0.4174215162545737,0.7211781132337127,0.6076071575416796,2.613476794290016,0.15273077273948568,0.12458422495496951,1.7033535278256318
7495,0.2695546426511863,0.4428649965522871,0.32700640461600505,0.42490973905637364,0.6726589370213878,2.2756443722933914,0.024123288899557588,0.11440914761961998,0.3936914701175082
7496,1.5735424209535172,0.739527375723823,0.4262136342525106,0.31968431278271325,0.28942463107142524,1.9465647964401769,0.1623318934154856,0.11140894768026954,0.08445821971099765
7497,0.46498829763733684,0.039687055025251605,0.16518404182787552,2.104893131204244,0.25231550966132377,0.36687568112615043,0.19584995091767737,0.027934361706296984,0.1342904041794004
7498,0.6682205696176311,0.09646766020045394,0.293766406323616,2.4708581591068506,0.6560268806952718,0.32483726041792327,0.043493190839712065,0.03276495986495914,0.4087541130397668
7499,0.33978272653106645,0.19864363541099275,0.4554731439373635,0.8965082902173986,0.11177911735070128,0.9913697184860458,0.03058673927616537,0.08623769639915896,0.3415942610890945
7500,0.18467928749693574,0.22933554708721227,0.6465583541653346,1.7387914478353657,0.5091353568983726,1.3714877695764192,0.044145626043121555,0.16577210656456137,0.6405227961981068
7501,2.02167515671227,0.09955789020112024,0.016779746550971364,0.3273918879322555,0.346084872951522,1.751426969060094,0.07083843359364086,0.15955635112536953,3.35218153954183
7502,0.3654479327046033,0.050342645407936315,0.3082122079051508,1.2715937298883437,0.6139195198325242,3.1400308362634526,0.02435120584217322,0.09163731822127923,1.6449413005152758
7503,1.202379146673301,1.0765206753844676,0.3139838295088162,0.9462538304978995,0.17761594690460997,1.9702081388100663,0.16891211251706723,0.10713547538532994,2.38915822480242
7504,0.2414722953318334,0.5985403855128406,0.13122883174401592,0.8518249821067871,0.5121839583313418,2.3079031052205576,0.09487526612874585,0.09818525709072229,1.0698000282933715
7505,0.08035654507125484,0.008425620320254845,0.14078768758687532,0.9686525408703007,0.5563492362906025,2.878288715592145,0.10479272262610857,0.07475001446806442,0.49506083123424444
7506,1.0504397269449965,0.29403309817651674,0.6321759723514702,1.9298763358147206,0.677876008399779,0.9786356988791692,0.10754761457355597,0.03784174900082148,1.6035174386734772
7507,0.20642378648005844,0.09993521705132666,0.0473376858265111,0.38412051808901126,0.22647077897250945,2.643454392192083,0.1381184949256719,0.057850258244274776,0.9252179896426407
7508,0.8542907700740598,0.5397838316470407,0.4603961723396951,0.25639664944438456,0.3792551355791606,1.8367812638407415,0.060438589675295085,0.1273101543177907,0.03339140668481577
7509,0.44920927580722436,0.9992563910175125,0.025760382317823183,0.6388096507131198,0.6494855457485811,1.4407718793987936,0.11673262750097121,0.13544097672481403,0.858774797254301
7510,1.1018981861484478,0.33010239189903356,0.38287615980581735,0.2204185082272262,0.7526757004818633,1.5204478434559825,0.09357830898763699,0.10019177624217104,0.8910833188702387
7511,1.2262646249992315,0.9214121158489574,0.49821650459503275,0.2048655146292302,0.7071353304907537,1.5137518340610479,0.1642294392440055,0.1576002052052411,1.449770446089305
7512,1.2099337731508841,1.178815637567723,0.7848583237267868,1.7822957949473635,0.3724696462145578,0.4504546354176864,0.05579560515355133,0.12081865477058418,0.7421422625480891
7513,1.0189416879233142,1.6612813342693098,0.22420935038483308,0.8716974994494044,0.5438843902208191,0.6517500135477345,0.16666738841071133,0.13599704007458385,0.6646669383089255
7514,0.523528050140989,0.7381430606109273,1.207873591885054,2.20949222381275,0.9578135264719441,2.9350488508710004,0.1675470135252361,0.14880564206883518,0.02937288383543024
7515,0.8221693679852968,0.168451138804977,0.32041260048845294,0.4492151609319779,0.61782206536256,1.3165797842587987,0.1497512228677713,0.02152144925651256,0.7987676380977562
7516,0.4527385931731033,0.9874824298306057,0.35521502170269403,1.4659070359104593,0.5087374827896132,3.3704749073401787,0.20773887384510464,0.06904540830628617,0.6576273381334004
7517,0.3509082144651885,0.5259565714459926,0.36544971080895094,2.4203034782028485,0.04884237525573276,1.0714668452584242,0.09561134676208365,0.10095162654739707,1.6435917096047272
7518,0.1813454374317155,0.37773817550473787,0.4075700970934096,1.0006445388131524,0.3832147235819603,1.9234846145192657,0.008051026586717483,0.12536243645331394,1.861770430967804
7519,0.1071574916030926,0.09074831387655807,0.1814355347477361,0.6148560046782712,0.7866011357467793,0.16169119352848926,0.17318563704243278,0.16558421457152678,2.2182656047766
7520,1.8485085577344011,0.5501032150719077,0.38710567106835925,2.124993003090546,0.4865555390545548,0.3693550735513429,0.12526256237243022,0.07023693359977061,1.7601773918348922
7521,0.2073555323798367,0.13770509776787734,0.1565105208676956,2.3964660534618334,0.43833929728458276,0.6403127479209132,0.14723761733720309,0.11165001940427434,1.7211159193203593
7522,0.6331376922451796,0.07246628655013865,0.2550297256419791,1.5241407367819382,0.17131450446288454,1.9862906805046283,0.12401614487635688,0.15800560803234628,0.44478626393322707
7523,0.6102956443463234,0.5906789832078001,0.46763111696408677,0.9999911638598111,0.37424842003156755,1.1823486419743428,0.00914779903878811,0.1022908252573119,0.6396622135942792
7524,0.6054482708150799,0.8882326740554596,0.7179691574166372,0.7371192597836298,0.4231842870477509,1.454760754182011,0.16513669874723746,0.10776301595872771,1.0458420904291372
7525,0.24901330952949866,0.5396721912018808,0.395698023980812,0.7089888109372933,0.7539661365945576,0.968752193510242,0.04378679268264096,0.09292181377477822,1.8253369294079271
7526,1.1378419495402796,0.3845112647684775,0.45999266262203115,2.183276566083002,0.27449950471022144,2.449345893015631,0.20401010726161223,0.052000464547996,0.8694775106342433
7527,0.7723613618459846,0.1439200506450233,0.39501599223924744,1.7088593926160387,0.6466450098541067,1.4390873900672645,0.19982062061707506,0.0773612057434616,1.5603519615896881
7528,0.3742799252293769,0.25009234858477086,0.028894398919996567,1.4401689822861992,0.4482641986012994,1.3424280768992336,0.22343962706779774,0.09298416554613109,0.30799026097391036
7529,1.5047720313196669,0.6481193272009356,0.6038107508614861,0.825834081560882,0.48880087144497053,2.3983157316697166,0.12163115930947956,0.08389886239467373,0.8980711641208773
7530,0.2829910497088918,1.3112211039765485,0.3685968268067973,1.3733013751442718,0.61782992497488,2.962158299836584,0.08744729512665936,0.17344401313942281,0.4860669039434545
7531,0.23367575281701486,0.16315727171897687,0.31506156358717496,1.5746968824527814,0.5761107880201984,2.223434217653677,0.06892065136963843,0.10393574555778308,1.5793173789922772
7532,0.1462156165676828,0.8429124988416188,0.3226492728970227,1.0934726582795276,0.8879631385844257,1.261785868068447,0.1553209226869087,0.11097313493317987,1.515337859429458
7533,0.7742056218437217,0.590064199984278,0.7186842292200775,1.8939233496662862,0.7534978165007131,4.223125846243247,0.13377373858071093,0.09110776992781026,0.07238110593941705
7534,0.8918029187707877,0.31747003808951774,0.15115826752655825,0.3571764344624707,0.37610127960265294,2.490437981905699,0.23988516318386438,0.08948168660870755,1.5643983567306088
7535,0.4740450155972228,1.2024639421722765,0.013602180487795379,0.7975756376729765,0.6977547161215751,3.277580393582081,0.15568355273352227,0.15390025778908212,0.07146542649874299
7536,0.8308171867699583,0.26023184641721936,0.42498436469605494,1.407712311489297,0.41614461919407203,2.417174237117478,0.20042415181924966,0.10775208387843044,0.20478675667950597
7537,0.25754657191793967,0.36387557810938287,0.9672665680840055,1.0705690662070093,0.481336116507039,1.7436454307771754,0.06950431086172931,0.08100565778016583,1.2878020344571928
7538,1.238406009652394,0.08715227419491722,0.3986774533135863,0.07410910818391725,0.8079518891458707,3.0222346537365716,0.3618746985064167,0.11812571265401493,0.294510442038285
7539,0.48334389527536215,0.38696804476483143,0.4039412336227262,0.9857600550719603,0.3738973040138421,0.9170373758291865,0.1233324332139033,0.07178347471652752,1.3573354859930762
7540,0.45074693583878256,0.7539567595110386,0.6005938218867237,1.6808657967086866,0.39419268487887593,0.40598021575090093,0.0312822828584329,0.06256448087234895,1.7754794677712733
7541,0.7399538215906861,0.9361603655883279,0.3801967825660982,1.301376813221471,0.7225860231884098,0.6786492866477307,0.07741812312909192,0.10164742475822063,0.2023117738996224
7542,0.33962955954064367,0.3008871268150075,0.3628522010636126,0.12515117389616548,0.4376274535144298,2.280702718090196,0.13015075240619686,0.09571504280465018,1.5236408816972036
7543,0.7782287199977377,0.5652210402805966,0.0708477819547797,1.5625646742948782,0.7645441568410984,1.7612551037039683,0.049052662130721354,0.1264098514729551,0.5140848407409743
7544,0.07333819636050504,0.2863079092831381,0.4038757463745659,1.1336933665426108,0.23032988016871098,1.2981557043768297,0.1382456159497533,0.07458619960658287,1.7030080062054045
7545,0.7409345279085555,0.6303173062880784,0.19181662831583324,1.1632434101797575,0.4553473291568685,3.2104062347916846,0.2522421119768607,0.10999220323475736,0.5846241543391395
7546,0.8805686920318303,0.32130019081049865,0.2311182074581506,2.5944112987531915,0.25260578491990066,1.745672764889868,0.1841414150062322,0.12130978452135627,0.16969646282277984
7547,0.0536732262951386,0.015618836473800635,0.5575502734826151,1.0375997670131958,0.4931916715319974,0.43892457853606115,0.0933197397589262,0.1399001606631181,1.8117774393997892
7548,1.2147974166764715,0.5762363816276597,0.2903740212997218,0.3673851953197075,0.3373021871176938,3.3660673381001387,0.1239579284930547,0.11436286941329418,0.45131704062409095
7549,0.06052383619448545,1.0978785777393487,0.28115125070486036,0.5296115403158785,0.7317713871137238,2.016712360432883,0.12797588536817472,0.06173939229696063,1.2998566897825492
7550,0.38611623542172513,0.31243190030620765,0.45283829642190776,1.3981892162203189,0.7560489055640687,0.9881135887179464,0.1558321137259974,0.12230692798383043,0.9946025718495364
7551,0.10457541598406286,0.10593105258317184,0.18886321208697393,0.514843309309531,0.476744404262377,3.0032471788624013,0.23433788707138736,0.1139642626874644,1.6393703508785253
7552,0.8491186974313036,0.44370360918594753,0.42404112072292993,1.0184998309173416,0.2830434119355059,1.7402723665775526,0.18402562111478732,0.08123607434301448,1.2095616082490006
7553,0.6562600326827028,0.04073766118376121,0.5344687902181988,1.9486387512585153,0.46611791523576074,0.3518317269071187,0.12054420264239435,0.09278493261037746,1.273184757808484
7554,0.3416560483875149,0.1655556848063585,0.32237032722307063,0.879427557361986,0.993283656908484,1.14661393336907,0.05491731688455049,0.1089154688178064,0.731412302425933
7555,1.7328815458424458,0.4697472295979779,0.5335871026055413,0.24435617173140967,0.46324884648790343,0.8560275545074174,0.11378433929253215,0.05583237119478985,0.9569682288342657
7556,0.7862007508794722,0.36009702682429967,0.7362197406136339,0.19031190509185048,0.35893781147128534,1.6512509584144854,0.05836102402830991,0.06444945273443102,0.40896663865790434
7557,0.3129393490313781,0.12672205618218546,0.09541863469772985,0.7408028388528983,0.0030692591453455043,0.9852015603773412,0.11492062110672932,0.1387336153741683,1.4219769789075996
7558,1.294463096950353,0.4699980184930061,0.46750105685174825,0.963043272309683,0.5564697324089704,1.6289131735966056,0.1522126831993808,0.1172833124360205,2.1946965805489542
7559,0.28708794497385093,0.30739567203902574,0.35230830572844984,1.5659473085046485,0.3383334401369886,1.5725201453817503,0.03615622878781992,0.13704820904671938,2.5035987558619746
7560,0.9368266072097851,0.3701546187394255,0.5760825012370516,1.7653027303175863,0.5752455214228553,2.665185984682789,0.13444358018627603,0.1163480020837392,1.5737978998511766
7561,0.6206831068316745,0.3571273272718448,0.8307151531427523,0.017116132991405686,0.34526734321649666,1.4712902277632254,0.10661525138523427,0.047414705193008826,2.5645627420704225
7562,1.1109220321548772,0.41483275487026583,0.3160896143273854,0.38557547772795386,0.5676465695641908,2.984947505451961,0.27224681880857937,0.021462703688434143,1.220557907314715
7563,1.6622843164687189,0.581726439478544,0.46469363739440406,2.2607941361436623,0.6820624973410995,3.562498245214667,0.17955460412265603,0.10117229773403501,0.19018707975981974
7564,0.2924981709374145,0.5894738792282475,0.8282300225812529,1.2039484285979383,0.5984247967017075,0.5602505179120194,0.1184667560551576,0.09008678387604403,0.9938524765293604
7565,0.2420511630077387,0.4850610971073964,0.4523965376644295,0.8669074457458676,0.6803694999568761,1.050264398205967,0.018699183637819666,0.08830011143753477,1.4509913704830306
7566,0.63430351255249,0.5663151827293583,0.8402888276117823,2.0309100310138817,0.3434308778019572,2.829851733998832,0.01555964140535461,0.1173878523550422,0.8070079690627718
7567,0.7592839035607477,0.4648205529168964,0.5525852210424654,0.5058283180034142,0.5002069798940864,1.7086033577640385,0.085102765064704,0.09373344190650815,0.5337549526629222
7568,0.7807341250315745,0.34419455919878983,0.7280105976875761,1.4180883417964116,0.8421530800940469,1.9129522730393194,0.08682192284071949,0.1483398323547721,1.0518195920408913
7569,1.3477190202783762,0.9667391979737903,0.5070815724627691,0.5151870764932392,0.4745364460320899,0.620788324460197,0.07402699844922891,0.06844014320731065,0.6419317048400357
7570,1.3929460371159108,0.6197189073394263,0.5559332267822448,0.7665338538064437,0.5360177377937014,0.7762626198222342,0.10720726834144445,0.053896707112752316,1.7263201223531246
7571,1.083300318106327,0.20710517050578345,1.1602597575946267,0.2126217526501415,0.6360858276761013,4.5755233114501745,0.20006141965989976,0.0960236532316313,0.02389291523073378
7572,0.49148894642090574,0.3995778193853711,0.6653512976857012,0.328755289070949,0.8806602607420596,1.1408261483007318,0.11694192515275374,0.11556841021626042,1.8062423056067525
7573,0.8650717112106172,0.23271220087589967,0.3809715693827305,1.2249802052078722,0.2862087295161576,1.6453124162506405,0.16324312320348344,0.020677211963010728,1.7262830942742347
7574,0.3239959944619614,0.7104769115210938,0.4752772516559687,1.330274739563305,0.8258948451747523,0.4847626984428772,0.10584052309381164,0.14522428625384187,1.0109329557859226
7575,0.17274153038192494,0.2112962366787327,0.2231608592514474,0.8092825220958352,0.32028074408293244,1.8220105023471194,0.02596885272839289,0.12963954049464096,0.48695195781274725
7576,1.0678528467080153,0.9792465545360791,0.6317362377867187,0.8652929669802468,0.12073330876991362,1.8402748114444158,0.1204891962470883,0.11887114754657342,0.7222881798586223
7577,0.19557700033443876,0.4543610772317865,0.9306023541100384,0.7995606442659442,0.3886719291134515,1.5892200988567962,0.0670130579358277,0.045072829293337204,0.46164728662589344
7578,0.8565449821716076,0.3595572337110891,0.3159287990545628,0.9845610835347817,0.5815840040131961,1.84546674985151,0.09389220882984399,0.04712389833116938,2.2474555578706363
7579,1.3901434741833638,0.3344405804966275,0.064150864799362,1.1166872172194524,0.6095062000249993,2.507189890559865,0.18576799627967217,0.078756088184057,0.7672173014960799
7580,0.8488858761842306,0.8700461194353728,0.16382843727143873,0.5378662303754177,0.36990921986228453,1.455814421898776,0.10364519722847744,0.07870994155714021,0.7360103646709912
7581,0.37502002155571623,0.36876902790898664,0.2503335668442652,1.1887955348799422,0.3780208071567116,1.943550549231345,0.14766413950715707,0.12417735702014304,1.2291148338080378
7582,0.8205693479257095,0.19376805151840112,0.8136669201917881,1.110295640199876,0.5329924776204249,3.038026032556069,0.10037337011269915,0.04619684925413105,1.036264914119555
7583,0.7787140369389427,0.7433102018474042,0.19386983898881882,1.6035258642148755,0.7345083100326424,2.1686048097144774,0.24232675429761158,0.08923614042512122,2.13294832467203
7584,1.128242869984452,0.5720783081580223,0.06251756095246291,1.7576867915134575,0.9714835742538012,1.4879628386593193,0.15649615313201892,0.0877312069488321,0.21418207741204354
7585,0.568050408607449,1.5776202478859456,0.35717461054308963,2.158057139022186,0.6983809200858379,0.6782331670870776,0.28034122613589085,0.13745072120114388,2.13932839399944
7586,1.0840893165135062,1.1032584413583164,0.850024841788281,1.6046636042416653,0.17055142445106558,2.1391759702200246,0.10403753245019987,0.07062431777598649,1.6487666695571386
7587,0.6659537460417915,0.0026768175342394285,0.04331928131610052,0.9693039696275454,0.34569342437770384,1.2602106137446598,0.06283067991861682,0.10229148928995933,0.5140342151913802
7588,0.37774141713164244,1.0615501599366315,0.11285640054708068,1.382036855437541,0.8153687648192749,0.7223209428927824,0.1656014733528563,0.08886918400414695,1.6968034802921048
7589,0.3880571078358374,0.6919131066725479,0.1201161586867131,1.03445496237679,0.5367625502346159,0.2163954240368231,0.15207340673498562,0.046730562488709326,0.9370318097302961
7590,0.8377399738575255,0.29654231466470504,0.36095931925347335,0.05640970718232663,0.3206220357976469,1.7051295607171144,0.1023658220748688,0.08307990611492037,2.1335522153484447
7591,1.1992000646241516,0.4490184152345765,0.14717612686068882,2.296396277772238,0.7211939902491814,1.3154863679880306,0.06924264652813773,0.05481584589269632,0.19657416429680652
7592,0.43636492895155454,0.44074115139056513,0.12797708848392905,1.3521387981821662,0.5708766178275417,2.0179568437492827,0.07997411243588981,0.16038547802513584,1.350065771979845
7593,1.1765723177450043,0.06114489045391808,0.3525990921296337,0.18489696389320254,0.5606450356387781,1.4279625257035282,0.03506851156760438,0.10669699855404842,1.4620998463370531
7594,0.7107720354080596,0.7752348844732752,0.11431068189060153,2.042058500247745,0.6204844648759053,2.688903523344818,0.011063252263171564,0.09319118874187164,0.7740979347891332
7595,0.04750300922195369,0.8265287251277831,0.14986681025218487,0.8140322826709456,0.2109213529654338,2.194064055990889,0.06304099203667829,0.1283250046806412,1.02713823054167
7596,1.7068938458839713,1.1162819134202775,0.3812806638244698,1.3532873748412246,0.5464227678953327,1.3337945365877766,0.14009217476080776,0.11421852931752474,0.12651155780128065
7597,0.6173869392248006,0.17780585397984464,0.39657324285407725,1.0035821892072188,0.6636103387180807,0.6425130346226651,0.1898099622347812,0.03803799497509361,0.8043747592557949
7598,0.7536531964723976,0.1847504809597919,0.5297678332594533,1.9702259802605355,0.6164199488685593,1.0899379772156879,0.06346277338722495,0.10058355432263992,0.4642309832078135
7599,0.2914238824673364,0.11038625891969264,0.31692327337991605,0.5783603889173189,0.43742868980154326,3.06291778293365,0.14956963940486123,0.03790375965114345,0.22547057789924574
7600,0.5556603471772186,0.19972474529908518,0.029277326064077347,2.1903791891398097,0.40664171505889996,1.9820917607874737,0.1323225795515242,0.09728120400807291,1.335468247074306
7601,0.8341332905368735,0.5116682740269466,0.4028601394474591,0.203437677265347,0.4662316398090045,0.5000879469644821,0.05741425753665254,0.09734546622894377,1.3068541159794977
7602,1.4010974956607027,0.037781626029957494,0.32088827379917606,0.8849217073167132,0.7962779671749438,3.781811982328109,0.1950333683301706,0.08841005947529497,0.13747904253879617
7603,0.13768581928515414,0.950033128826292,0.6106634340909393,0.03829918611523109,0.1637443876552807,2.008211478881339,0.00838457727703977,0.1123720151491325,1.9269782576722458
7604,0.3826071778716616,0.647992575872417,0.7105274823454235,0.5771686800890043,0.24405906305731134,0.49269145485973365,0.06340857894721744,0.14316902430789458,0.38119633085564647
7605,0.6651424298781028,0.33435474718259556,0.5992358950489298,1.728038822112559,0.3671882722733484,0.9045188074494096,0.1731594776539691,0.12835917927078344,1.5128519182365745
7606,1.3098768603421573,0.010773880641933853,0.7669146391649042,0.8302291230279676,0.4754064801613974,2.919869783955669,0.043684454625254124,0.12299192052739272,0.46293080780092705
7607,0.8768951279985537,0.12274325438034422,0.2997369666951633,1.2658270856592584,0.4061843286176342,1.1578486840373317,0.3009622424793265,0.07526381221717349,0.9165789927397622
7608,0.7238842365226122,0.05808748814159437,0.6423916706642461,1.8684836988705125,0.3825552490034792,2.0638422146477695,0.03445533294263567,0.09755048409919025,1.771470700525756
7609,0.5621418198083207,0.05989079242822182,0.4694764575711459,1.0403934503342822,0.16063756007153268,0.5781173757895002,0.1172492894532672,0.07418510845178276,0.38900450442823953
7610,0.010183138713228401,0.33543407939374675,0.014425351345892512,0.8276461637185493,0.5857249035609627,1.137550262029249,0.08610979992161,0.10624348527243951,1.2884512761811213
7611,0.19985643851306273,0.41155088351971336,0.3696193836808449,0.9758372615769108,0.5284189996625414,2.776520094030748,0.24519499490463764,0.09047766927734821,1.5439770856257198
7612,0.13936249669613357,0.3542928055445038,0.08369013211867457,0.5723172350493764,0.7063806459044595,1.5272899290262387,0.04503962234711707,0.06255209286535175,1.0756788320231285
7613,0.24795323570070285,0.9517446078847465,0.1798619953899444,1.4350312117069448,0.4845085995886541,1.2549475890184703,0.08199679718048117,0.08369453401772277,0.7197492320185754
7614,0.933501096849058,0.08267378003076092,0.4636079657221689,1.7286134446671708,0.7001819778772413,1.8812347398475935,0.01482649046259582,0.056688498594535515,0.5249365510570259
7615,0.2865264088726924,0.7224070605537706,0.32305881549570087,1.3988478001859816,0.42989972447172775,3.4070872372238576,0.10089517549736367,0.10240024978421335,0.1143520868273743
7616,0.1981634386615286,0.06714613012534221,0.31187422557321137,0.41237824143233304,0.5608467775047377,0.6409311925193315,0.12178413034435692,0.07082421647579164,3.2041789151711377
7617,0.004531506523331175,0.33040866804460983,0.2181966159497275,0.9242055531498695,0.6137156859125402,2.2086379908073424,0.07728590682117881,0.09150484587086777,1.1517573146228668
7618,0.7298559271354101,0.11114920596967989,0.7403214310465871,1.6996048301968205,0.4178010118488412,1.5381790762040675,0.163581326184654,0.058155353371491324,0.4744307681925644
7619,1.1666056466218748,0.25968115431217664,0.10138276944603525,1.5983005349469501,0.4712299671705114,1.6263866282213923,0.11284280236251917,0.09926140398471806,0.008741371411003285
7620,1.0827863437487384,0.09598955581425034,0.3779943592934235,0.6429271793931701,0.47519160499002316,0.9348972311335215,0.31553398345424166,0.138828594367149,0.0027394059626238976
7621,0.10981706843853681,0.04697661338408077,0.2704136119818328,0.9738771507549749,0.6990883328183807,1.5536729397417783,0.18595854739453532,0.11915996923064208,1.5257155668139033
7622,1.0656906383200664,0.320614537117048,0.3443374107586223,1.318168000887028,0.8753641272882806,1.0669786017374965,0.14659544708318048,0.09595379157956523,1.313616915181792
7623,0.9018672001528298,0.6000187538011517,0.20891540561841448,0.17106209840995312,0.6753647618475251,2.132603919334325,0.10714838220525275,0.07415273906370158,0.8367313368562684
7624,1.367438763358421,0.4210904633982631,0.3480511846368152,0.9283674348244167,0.7755838016580348,1.2858915674252516,0.22271576049241898,0.08412931392513791,0.26628341476878326
7625,0.1825650097014868,0.5150465237129385,0.6083959114544095,1.3918582327832314,0.5341690601429984,2.858403076402536,0.05072410872764125,0.12242453696269119,1.560538965688099
7626,0.4945353051068605,0.6389026336830674,0.16565729812232355,0.2852428932790455,0.530802378216584,0.5161416797585712,0.24839676741780947,0.12991037938352984,0.8728481182863103
7627,0.18290254213716317,0.5942225115153066,0.14066894102537,1.8217759043447104,0.4482583685791905,2.089703311302115,0.0832003032278715,0.11353451109468726,0.9445756280372901
7628,0.1451742252298418,1.5765608678100924,0.05420142381248849,0.41397091102694616,0.6555261827804015,0.501388686562944,0.0726519776815666,0.017871760883814924,0.5385847432846231
7629,1.1279811048671262,0.47294975191384225,0.14053059248107466,1.777936117817625,0.2478692524366839,1.2945489979275822,0.12846987462396328,0.05511090280750916,1.707556115261137
7630,0.3074769969826624,0.9122915578340924,0.28983301839583575,0.2271010914253353,0.5202630469290295,0.4444520266036347,0.17307327462573524,0.021911871349438283,1.0227309164667842
7631,0.9565036518619823,0.32081722144914504,0.16596330002005313,1.5708352207475103,0.6923229592750384,3.8309328678291568,0.2095002148487456,0.04795437426364695,0.2918295583407693
7632,0.34682670444519237,0.38707571117096373,0.34570856012163387,0.8354223149711076,0.41183960619122617,2.4465669351226365,0.11902315944676832,0.13552207134157235,0.281995579563025
7633,0.7510337279637926,0.046362397368522934,0.5131998826452845,1.6778033693400847,0.6560548583393997,1.287287756677974,0.20008878935577284,0.12023864383575476,1.7408524546865611
7634,0.8549267730913543,0.3537900959635913,0.10379513674060858,1.4477911615758297,0.46167092590876085,0.4700918143786379,0.12476466592583205,0.164055366370942,0.3327003824750253
7635,0.5527073918577559,0.9895673755633978,0.13274149735596144,0.7226482751599668,0.7374705489345988,0.1633657665319248,0.03744607527000017,0.09515016462206809,1.21812600682901
7636,0.4241962691298823,0.7019959762464036,0.6874804955820779,1.267639851891007,0.7456169638152798,1.9747998671797866,0.0653252617871262,0.09701921160058147,1.870250839780723
7637,1.157926407236104,0.1321123543717424,0.8884515694764604,0.7135035602257589,0.4093231152322314,1.8502817959556166,0.02945638300468037,0.07316563543403092,1.0404148658100112
7638,0.06314233346345194,0.7090338799280692,0.2501569598751344,1.2885811622677785,0.793422039841606,2.3291887206883217,0.11314304877986472,0.08689467257334636,0.23205593527501833
7639,1.1836246645870294,0.3422493406642565,0.19216052817067147,0.9939186831924858,0.6266943890525899,1.5769750685545554,0.20601669194706662,0.08864304517791086,0.31458771465079616
7640,0.11448579052335292,1.3971712691852491,0.3071803912785564,1.1202040391420383,0.6453612587394518,2.500207385379113,0.0660531111815501,0.02183663391662928,1.1854265843820948
7641,0.18125446225894348,0.3180789104131613,0.5524004927414559,0.9487404510249821,1.0051823311921972,0.938352159553528,0.20667723138068367,0.05872202089819525,0.618704679071326
7642,1.1390759967096855,0.2142348041095493,0.5580160904370957,2.539761483966938,0.5300522036776758,0.6024614127697356,0.09947093811480777,0.1362476235970855,0.9226047914009498
7643,0.5032483529721146,0.1465443244769921,0.13808260115329687,1.2845481729765174,0.5491356194300807,0.3141585989672302,0.2062365847790827,0.05598868355465521,0.5375693607918763
7644,1.5301740235817567,0.21466016660145926,0.378712392326237,1.1817749144340561,0.17510653718153502,1.6994872952495188,0.001767527346839659,0.0727351117246448,1.4767443045029176
7645,0.6157828370712566,0.8485652424319579,0.17090626061682887,0.8024402974844623,0.460664128312614,0.6264627886024228,0.09785789878117428,0.13281367969270066,0.18061866608812482
7646,0.03762976498584872,0.23654163116256072,0.02726458251664865,1.3049135274271666,0.30143895155466127,1.1695864764350934,0.07582234652448963,0.07235334576225669,2.7998058405931863
7647,0.6736038109568074,0.48454833349148946,0.08593605710692687,0.4326837436094054,0.6091415379723739,1.6550163051103328,0.0160290326596947,0.10033797179569191,1.8031572412536332
7648,0.9867961399426093,0.3010508741267791,0.3317756470084823,0.9280315011006215,0.6176073268407956,2.6261158113135092,0.1409607960781085,0.13030259012824996,0.6062891193381936
7649,1.5094486602494033,0.11305633354377392,0.21648307706544773,2.041565570784929,0.529801829387139,0.14409484820389618,0.17855398155623878,0.14543162148603245,1.6586771051470937
7650,0.28029016442066673,0.5386057914366469,0.19942252973582483,1.4339103202878831,0.4972638407829908,1.786105613439314,0.23794868359811305,0.07048587598530938,1.1864916349128063
7651,0.06578960564377051,0.48921274659133146,0.7677618298414669,1.604501580225259,0.6647001633227132,3.098499557186788,0.15414132262082986,0.09555833243955383,0.9058201366584983
7652,0.7124588975419268,0.7423150754250268,0.6190519227031707,0.8148495370673527,0.5511668398793079,0.46466391447512834,0.13680462030433888,0.08312043968697685,1.3358246925139945
7653,0.2713098046663769,0.847613420674119,0.3426861340278803,1.2089508282407475,0.44214691184497157,0.9087014816217877,0.13094080854233578,0.09233564726585908,0.13515299124398417
7654,1.261419158460739,0.7899049506960187,0.2414059050869281,1.6177423223593512,0.7690283629494358,0.5772028174165493,0.16822609902076063,0.0740791919349846,1.458790345341146
7655,0.5002032835837493,0.9050923703778266,0.3835995873968799,0.38414750742653037,0.5455400335254547,1.4903843552695883,0.21739125577273766,0.06464617983518449,0.6860913525959982
7656,0.12000942314218976,0.8493349691213425,0.020352886622830524,1.8494389746409268,0.6337270194937757,0.8796856225575954,0.24883172320539781,0.1177597823878974,0.008916386496204964
7657,0.5566387152453782,0.44012626563563334,1.1434621683351684,0.2179965662669383,0.7981205509370723,0.9185146624597751,0.07559452657118468,0.10964852086571447,0.4991382821359867
7658,0.3874608400026633,0.1626040930955603,0.6769705780013402,1.0917633505609685,0.4549920056017578,3.210342348082235,0.011981893777385622,0.15586688427549913,0.31003176244109165
7659,0.6161499306134068,0.3858975460339694,0.4451646527730264,1.5045368518897477,0.8834467342857433,1.7286287661345252,0.014832566327822233,0.1203068227907623,0.22781570438324872
7660,0.35561933812887747,0.48586497557574543,0.16718942207514556,0.8079582381913092,0.4154729198982743,0.9227125578590937,0.2747337023617668,0.10265988268792224,0.20801090174705372
7661,1.079336495629241,0.32714611048310105,0.3834768923354457,2.1374605966714335,0.4799716781319427,1.2601167073173243,0.18561055938445775,0.014308320540070057,0.17424659064455716
7662,0.3139318182925059,1.2023836247118775,0.839499134060563,1.79091707130286,0.13070477636844652,2.2109550220667806,0.10614585062298722,0.07903033475193649,0.4231260733657795
7663,1.2983117414125345,0.29675322959912664,0.18304945637767875,0.6505708321110104,0.5124992037602224,0.867356438744332,0.05195972174450201,0.09262067069344125,0.6917917078000617
7664,0.7742556848135225,0.7951738133747115,0.5258719088917818,1.2263140684867286,0.8702099519008473,1.5411955623233822,0.04779409975298696,0.07553452581573859,1.9159168804740478
7665,1.4405413891945513,0.5029509221833848,0.030143040010102207,1.4697430576814061,0.4856295670238543,1.3787952008270066,0.19886837548617267,0.12331505798456745,0.6450319235772741
7666,0.9230276850723784,0.3531445132654466,0.40599741580571536,0.13895954928688647,0.6182050911390313,1.6809208405185732,0.1619003373732043,0.14394150734798522,0.01200659282909855
7667,1.1461512148919601,0.04038358953107285,0.11344983436264613,1.140283026661036,0.7517863001492124,2.5647528186279738,0.10822878663545857,0.08735481569376304,1.5110281897188356
7668,1.1330861528792529,0.4618337468400971,0.05163091575179651,1.046933623123557,0.4712860253583969,1.81352180034597,0.05647122408639305,0.06449940561514547,0.26558290494059655
7669,0.012780018575294927,0.6594538058073629,0.022813950947148998,0.2121622733240095,0.8143237476033258,1.388705280263913,0.1434623751105205,0.15283019707625087,0.9233660877816879
7670,0.8352689987370143,0.8791703187171065,0.38685998340177885,0.8849364955328644,0.5449765521280115,2.9842869285462497,0.10617954190241616,0.12987249349409,0.39949339168131837
7671,1.828862022893073,0.5674849520771557,0.7293727778874228,1.1964161277821053,0.480207885826875,1.9328285746875418,0.10327530499103227,0.09643636245555907,1.0411258277154543
7672,1.4512347981612572,0.8529196633964453,1.0480058422471352,1.1114389279344552,0.22363717801879773,1.6066025994838082,0.21458858172331013,0.08638723441350389,0.3863950845388179
7673,0.4533799805314085,0.37706858162028156,0.08725700288607499,2.0415525158117656,0.4816870741629651,2.530497389944223,0.17000682783939614,0.12309390314936076,0.5103866838045414
7674,0.5791463623368199,0.3412472610958986,0.43755542193268177,1.826423677571913,0.3602473477198027,1.3889620078224936,0.1155408402804088,0.07446353712644,1.1557097686481599
7675,0.5910127189773955,0.9335496037232116,0.44192016971713655,1.2248437681038806,0.3118713905881726,2.168520175792059,0.1255934621397492,0.09876663548441492,1.3043464834840222
7676,0.3104697614712068,0.39768664736772485,0.5438183549836457,2.2776515021672648,0.5587289353009918,2.611246071514212,0.021278090127673108,0.005603655802660049,1.7561470957422012
7677,0.37856375456955876,0.31162509474540767,0.380219523330031,2.031713617704405,0.5368734662131063,0.09782329584688676,0.026529347356168395,0.11397975137844409,0.5249428846955282
7678,0.23758185975448678,0.40115607335160886,0.3784534344620212,0.49004627845570925,0.5922193950824867,1.9803575266911209,0.10843124935576993,0.09450835196996504,1.9298687490577426
7679,0.5589160904915202,0.24401058215384402,0.4838804716669285,1.651595987799397,0.3117807015071712,0.6747861309447338,0.05540640835625999,0.05667233979741424,0.5322322947619702
7680,0.02621269653645447,0.3023976356887486,0.41731884176726736,1.6501044700330054,0.07498148003547472,1.757947651242248,0.20525407719702451,0.06135738721952094,1.8729437645784885
7681,0.31534129864163246,1.6278897158604684,0.1567272750065274,2.975747265666611,0.6212449299225811,2.2621264095241314,0.05652889349486075,0.07020826160591728,0.7754750679071604
7682,0.4562957216778083,0.3023582759355641,0.7233511423541399,0.9686537924872642,0.5088415881652626,1.6888693026793755,0.29795982017177874,0.11223078383035456,1.253070924771965
7683,1.0869185697902133,0.338713069033902,0.7872889120474624,1.5806172441946322,0.27545002990889594,2.8712599638238867,0.16824127220617424,0.13254335942917375,0.815469274886783
7684,0.8698887710891665,0.45471231883595586,0.9123734203407171,0.5553820185875247,0.6314924521659959,2.546847402429182,0.09498015218192231,0.04571397885345088,1.6439735014817134
7685,0.25177136996592014,0.3846803976284443,0.48582931598247325,2.086243640984673,0.3445285916015578,1.7210571782818505,0.0674273237157306,0.09457899629712813,1.485501444053658
7686,0.33520691421272236,0.6166979524132826,0.7711302616598494,2.304203003972237,0.696081675753033,2.8865796198179585,0.06747447038321214,0.11585303935270189,0.3902439560212525
7687,0.11546371664658528,0.4702696414606024,0.06207609633630612,0.6896572668665485,0.25256354208337894,1.1219307593743197,0.05219814686061747,0.10841552791450293,0.5009803417582603
7688,0.1878041825967855,0.46043131496635936,0.4234204242497711,1.1008731664854041,0.33292738843885467,0.9130453127671067,0.2757279161570063,0.10231836764013742,0.013913363557388148
7689,0.3499465061407821,0.9586355169482872,0.12089664801863975,1.0230697862408773,0.6652397316035636,2.0144583632194526,0.016743792936769877,0.10152774203783752,1.7231613160734698
7690,0.49602444670770235,0.39118388669023174,0.053320077703669866,0.16923364113857808,0.09396594600405744,1.4249357049129894,0.11449251222065343,0.07614018723367827,0.7535102390639077
7691,0.42443301734979083,0.013656395126958487,0.1695934643262133,0.7382836066419571,0.7492458167332439,1.9356528013974152,0.052054817505330156,0.11712706800180292,1.6146163412455854
7692,0.6053812410504467,0.8600486724638576,1.2631476281355192,1.0341542704590787,0.7066321277439193,3.061948653458409,0.20018519241596494,0.13167144965855498,1.4120223590019583
7693,1.2381260730618642,0.17968519579028336,0.4746106509931153,0.506221755775156,0.48663604953450024,1.4195752004996276,0.1839362750461499,0.1149496347318835,2.5757383751038376
7694,0.3572726267581987,0.3410686539873418,0.708332817838679,0.9379916578758265,0.39038979084096714,0.6582125817931819,0.15494512711448769,0.037947845419964606,0.8168198203268479
7695,0.4950209966584832,0.6779946710504334,0.5413032010296649,1.4455325453331742,0.36225630262016095,1.901433715178587,0.0391106278321445,0.11226542155691355,1.5970154667562075
7696,0.051774962467858954,1.2555883322482373,0.13137157227936108,0.11601234147136674,0.7307164420437819,2.0136738068942406,0.202196766979258,0.08448731298469303,0.9755088429092089
7697,0.05078746266781359,0.7014173229167057,0.44880788626211393,0.7278570601904197,0.6007836516040073,2.596782725364183,0.2950271915362515,0.12077971278447795,0.0132344977191855
7698,0.21189189581672666,0.8865976957215016,0.7106914512059981,1.3669974288628657,0.43170812752433896,2.5933282553062638,0.13501082602873682,0.026008456896154344,0.5225840370238113
7699,1.063256522724376,0.25048101991959104,1.203410521811045,1.9635075200885082,0.415940895575728,2.792268561464252,0.18428764229609185,0.11695498291075267,1.3606849983218912
7700,1.104835311245887,0.8711065420222635,0.7232979039189203,1.1685758686654206,0.8510002458472109,2.8703190946895285,0.11759155703339384,0.11194816911179047,0.6432889334971662
7701,0.5454051043585489,0.5301466921257199,1.1720043451319642,0.3932296670917377,0.4064959362899009,3.1226686547161364,0.32964267187292956,0.15384155896319043,0.6864942181488027
7702,0.6303355260883244,0.615591888908297,0.28369921229885425,0.6115928143229122,0.9729725512964552,0.6871017173500973,0.07587595343721601,0.07422384614720884,2.0171995640873837
7703,0.12000261060660153,0.19990435733629502,0.21821630721951543,0.471680027892762,0.40481615121176606,2.319833237327151,0.02330582715217204,0.0964414257384811,1.944507839558245
7704,0.26835073753015953,1.0028754009455307,0.6549089835760344,1.5422589081185425,0.486458380872419,0.16953929790695965,0.06930960974513858,0.03471251075877399,1.2257930765285585
7705,0.23685971537464437,0.9045544113265145,0.9988029771246654,0.6233434016385027,0.1966604713658407,3.238733222826979,0.10762159850904683,0.1170431874778579,1.2242314052078656
7706,0.22524721954046223,0.29981274265016705,0.6038645116488981,0.428217383005594,0.3270549734943173,0.8860601540462381,0.12223768752903248,0.11522552698783661,0.9403524103350227
7707,0.5613710906812217,0.34907793988256647,0.40395200040230167,1.6569580183363617,0.5054934421744263,2.4153505148762324,0.1933947367411319,0.06351688001835575,0.45935138844555234
7708,0.028414229734844865,0.18425398650054778,0.319536418165206,1.065184612253212,0.39281243054010756,1.3003875109661862,0.178069193742375,0.12711308370353566,0.7040283471506987
7709,0.3737604517126938,0.2263738075147294,0.48658017707521917,0.5415474461044261,0.4034359098963071,2.055562464906022,0.05918441425030949,0.07655453428853691,1.0135627198704473
7710,0.7275711572036863,0.32227097854444703,0.35231890959762185,1.1500019577574465,0.21278156195100295,0.21831659436596396,0.09910496532109137,0.07776023494671028,1.3423175778934429
7711,1.2682076920056982,0.6547250587584614,0.10464857178685844,0.8480162253520312,0.8268604358775832,1.5111346485598174,0.11710085107150832,0.10115946507639144,0.9934851370503083
7712,0.39793283275953883,0.6217593542115321,0.8752360445120175,2.5166324410330163,0.91793529274716,1.3605557126146413,0.07876810827046302,0.11479895845728735,1.850106721221041
7713,0.37542855341548514,0.32765322696324123,0.02605977445935137,1.0636277726585868,0.42650681735072865,1.5060779659635064,0.23643500093773512,0.10699828076471282,0.5009589845013467
7714,0.41964733100833845,1.2638918473394816,0.8770413530558919,0.6210039859065203,0.8846042908376849,2.3268428250029993,0.14105496399577286,0.07814546235063072,1.8162237395522507
7715,0.1366790816951053,0.6032019294186381,0.09226871559340274,0.9887760043386801,0.8159326883894689,2.562687486906187,0.16299641965772435,0.10413408823963177,0.354315258205548
7716,0.9676513251658554,0.1839441598099915,0.6987935064313472,0.28136989258594824,0.6422119901339733,1.0899512768661852,0.06822447286126734,0.06993814438177458,2.9828748223296513
7717,0.2821892001037229,1.1052237383469832,0.03765991933309437,1.4543655918098124,0.4047925219796019,0.6921683519121198,0.0374168002450931,0.13401494014729637,0.2776952561748406
7718,0.213177444296899,0.7998932521223932,0.5699529997202025,0.5992338380033726,0.17690995168839518,1.6456243693654402,0.06659450549742887,0.0879946098732953,0.5939809264145739
7719,0.17316988594582328,0.2751192256300702,0.5701169879499096,1.094419554312945,0.95797660997345,2.2867288916836808,0.030192604938201154,0.03140635039652514,0.8400413820075215
7720,0.5347402921942266,0.2705388806300102,0.22806217732809286,2.5343311125722376,0.7726057434467926,0.9308460786539801,0.05234764751845992,0.1388515100508215,1.7026395132504528
7721,0.5182722594584918,0.3172760665576043,0.8541226119765883,2.265772527656243,0.5684641057645848,3.70731811387365,0.19285373528025054,0.0574508457709482,1.5527829162254938
7722,0.9261768383375264,0.8422961857935457,0.643310219825241,0.42211026024821796,0.10829585681059573,1.2271228553240512,0.009559297402523745,0.06371371442216806,0.6874227178967032
7723,0.758337879910792,0.30091919416652696,0.4435757530284554,1.6268215514266455,0.4587116591401363,0.7176208625938777,0.1074795107517945,0.10698700317956032,0.30047421663979557
7724,0.2643825854973929,0.41237070233359985,0.18536549445915082,0.9888675862688799,0.3325520636837215,2.0156547546925747,0.10922493846412228,0.0242446240170726,0.9429172145607935
7725,1.1123243338605233,0.10265148829031576,0.463671316151289,0.9797658904035164,0.7547635729620032,1.5514194993760837,0.16039955533113592,0.10560748911813661,0.5679742935159657
7726,1.0157954985445357,0.13211488373352498,0.027725427359761246,1.6168938667013952,0.9228855130269751,1.940263095962957,0.13336354692522306,0.1510463241743878,2.477540568005643
7727,0.4822552037988755,0.326399151830204,0.4372268449492679,1.2991826362872414,0.5540935994808801,1.6597389112837013,0.10567662854861194,0.04524319893986833,1.5123229267650933
7728,0.5636978318046548,0.5371138837421126,0.7733361384960308,0.8810210083406147,0.6107023840073598,2.5177963211073457,0.14483710779878028,0.052925445629893444,0.02284628268045452
7729,0.27089693499875983,0.9006832142325576,0.3734518014417275,0.7137329393275693,0.15003989776806542,1.5660877832657676,0.19586667291959542,0.1198349753234024,0.6470702319112047
7730,1.7248561798071242,0.24602807009008237,0.5972543956613754,1.3843639253133346,0.8965437499882927,3.1049017551806894,0.057847297549703046,0.037984665821221016,1.1736027628976093
7731,0.5585751858691623,0.8911311760082183,0.47187618623436856,1.184553871725855,0.7618875599374231,1.0168359691173805,0.024658295614019346,0.11752217423909163,1.4550972620304374
7732,1.582538897105615,0.11005514498710861,0.4007417814175743,0.6392715071511843,0.5981694825546442,0.7565863657714065,0.20497276365102768,0.07260889602833986,1.3677229108914393
7733,0.66321609740781,0.0028642812858344358,0.20341861831884805,2.462635544059071,0.7924656814512929,1.5153673614319574,0.16666491001845724,0.09220226539718479,0.722561709806492
7734,0.8033163059691553,0.21731846314870543,0.35489324446343706,1.9038603991561325,0.30274551627268054,1.9691135278128349,0.07552062565228065,0.11522151683849646,1.0696280538410603
7735,0.793923428391121,0.4267771286705992,0.7383231249872069,1.4096038652125025,0.20879035785783728,2.913193278590509,0.3006789953806767,0.11136500214774467,0.4523749574264057
7736,0.6665023544269468,0.17304706003509843,0.5875438031939366,0.3426769989657149,0.5780297196372527,2.4362101106601375,0.27201939413700943,0.1203037616526153,1.2332352030298674
7737,1.0428593700501454,0.5923935412096797,0.28155402100515503,0.24026867976751454,0.6917163400742952,2.256529158887557,0.22509579173517325,0.09066461785456979,0.000430071295720591
7738,0.9007892097329284,0.3271580718112299,0.3775890307021853,0.9391334265347066,0.3671423665679163,1.6277534784335705,0.21377184572976465,0.1133045310080032,0.42961761677111643
7739,0.18876716645303654,0.43621075729772896,0.6620245630762291,1.7056937352675963,0.902740724487171,0.6228480017947751,0.1091240647997091,0.1360772146639173,1.0631320897494405
7740,1.2209497431688714,1.2741767831572826,0.5307559500535146,0.7613157391833136,0.6375392812752615,3.222087211172493,0.07143741395072259,0.07811382416132837,0.00863271580219449
7741,0.2412851840825439,0.4642753421102246,0.1320708420733555,2.7487816260448614,0.7165316556617869,0.2058423424446536,0.19542006912013044,0.037110545773233715,0.9776401283679994
7742,0.5866037043357012,0.1808171921510673,0.5329125491245919,1.376160875019992,0.6243864919926942,2.2459564661085096,0.03483050528336361,0.10901493141704423,0.5119284058489262
7743,0.6161567597285378,0.9889773262904438,0.29209670880173677,0.9036335595402147,0.7703882296796072,0.8902209059903934,0.13190624558690422,0.06592061866673093,0.5202184443142126
7744,0.7179630891219091,0.011517373750927207,0.7252642137598777,0.9867042723455817,0.39973961497073013,2.1739087166730897,0.19052380294413693,0.07485658526673328,1.1991823089935862
7745,0.6729699828447353,0.9987958139659017,0.19809575185232797,0.3538629499254171,0.38938515448522215,1.187177918849831,0.11412752435588053,0.09507873175721572,0.35055797836832103
7746,0.4734243047936954,0.13651754066436597,0.6867082661886705,0.8968087985829185,0.6122575698448803,1.5610716819108035,0.11164346188241035,0.08406016137973087,0.7829563223317805
7747,0.02591427876700897,0.06023587124832469,0.5338257124804285,1.952194397571908,0.8047148329956075,0.40921094096082644,0.12055632079676085,0.07201574796911075,2.4535360302173475
7748,0.5787553062904822,0.46942485756419755,0.10156808223282845,1.1070610393376965,0.41169300360388633,2.7227227867295953,0.14871243910856322,0.10549867043168092,0.3388266072771756
7749,0.3901454752070864,0.36752755964875117,0.4725259321308887,0.7556247395747211,0.9217978971295999,2.5574769584512187,0.1701794980222042,0.11097146024076891,1.0347438680728134
7750,1.2102704070900594,0.06122378267948281,0.8635308965150467,1.3281975726902648,0.5842573704885117,1.7280960025500445,0.11024119661929266,0.15773940115853444,0.03242025124641257
7751,1.5965811491056352,1.1327977802176339,0.5225840078156484,1.2101185502192207,0.8034758316994441,1.6020030582306606,0.022377637158765548,0.10464032501634671,1.4002777829584103
7752,0.24456086920383283,0.7880403897964363,0.11521173777644092,0.9080852717861805,0.5601223689070274,1.4573183569840304,0.03664278149229436,0.08335100425231769,0.3748878752346406
7753,1.425546053068197,1.0843846764818805,0.3756050723083244,2.3328221490611476,0.2709336876841788,2.1045112163458835,0.19073081486428145,0.10444457082109737,1.4465350613370123
7754,0.7792867057572852,1.4889628316148018,0.41308728575903103,0.468661027345495,0.5050428910459099,1.5730675839547654,0.09656372820119508,0.07708131522336933,0.08525845425061285
7755,0.41893458674549944,0.5231461103051638,0.20735223547601772,1.747347029767996,0.08110747957705383,1.9470313217771413,0.04527697223519836,0.13847522929414396,1.4029655925429312
7756,0.3111753363324452,0.20865544554595836,0.3760529255617436,1.4815817137569938,0.5095817736136682,3.0441661639550412,0.16113500478829637,0.12733610184761118,1.1043471856071698
7757,1.0431031167686644,0.4294338223265277,0.33330164909353616,0.901106449669788,0.3289453082138711,0.5108394477290616,0.1823984326170736,0.04554630826663504,0.3466758488148104
7758,1.4106649223063858,0.8574535144169486,0.583806498939025,1.0050545065225402,0.48205759162864215,0.06275230598867432,0.06076560104879251,0.07480849176499446,1.8275578824695662
7759,0.842763349825945,0.4290649512686123,0.6008678955006799,1.1614142349084497,0.3140705298694262,2.495017290239982,0.14945884630573142,0.0708724381419085,1.1759607457071006
7760,0.7133368307091563,0.3874255105629181,0.8114951849034091,1.1648921848769096,0.5634553302642828,1.8811883885338487,0.12999529549024702,0.014852250460006877,1.8301602641529902
7761,1.472491493122958,0.5277150729424058,0.3720991568899665,1.5009903545073464,0.4768894144818296,0.47936468831960166,0.03596287963074504,0.07040603524939607,1.2951084162159614
7762,0.4611983394052289,0.13630394232192983,0.29941397786619994,1.1087423401827154,0.6116655937387325,2.056669088604502,0.1366980011456818,0.06672094450359439,0.7405229010119886
7763,0.792364701912309,0.7653510728915642,0.515339434735055,1.7035936887679317,0.46802478844543927,2.033196312707784,0.04515876694752012,0.08026805464412946,1.004917568481266
7764,0.5147562056652214,0.8056568299469155,0.44952145814342925,0.3229913058762257,0.3588370580457696,1.9217880364001427,0.15031234498714763,0.09699828582338076,1.228030587075225
7765,0.6741420647358752,0.7512083242131125,0.6631963739041573,1.987683444497781,0.2499015026231241,2.9039835638384974,0.06886566659214463,0.10793033155703134,1.145483564126655
7766,0.5316572599142848,0.6729250950238687,0.7642382659525548,1.4911084959001664,0.4295217238019574,2.059052964486979,0.03152389924708933,0.14746548800557047,0.11381252857044921
7767,0.08924520253015786,0.420170034445756,0.7244762595339755,1.8167186036094853,0.835661526864601,3.105758286044376,0.12880730952619618,0.007496028092272511,0.8355239225065909
7768,0.31632695096119484,0.4611162823869945,0.5282416672370176,0.4734001169152875,0.6199805043010618,1.9068385520863582,0.1411960340933674,0.03590912567346427,0.7565661528539132
7769,0.414244719399403,0.16989349030013565,0.5219016341425431,2.18198058379515,0.7535875499608193,3.1487049451342446,0.07400428686350664,0.07418317775660453,0.9685476047634187
7770,1.0160546560146069,0.48031824139025925,0.2558176705858609,0.5809578561346104,0.16040495061308074,3.805228455086719,0.04517873368485484,0.04081780101730295,0.8011139927677219
7771,0.858636751889075,0.40327259444675007,0.42857785830289186,0.8839251739203375,0.2724613751718525,1.323903267285954,0.15108187104381882,0.09946398444760006,1.6815014005395652
7772,0.804372214349766,0.7976827384780762,0.3638093136139856,1.3756739805701717,0.13572553772630302,2.406056754700921,0.179170279537053,0.08243899063684694,0.3355131033431136
7773,0.2223183757776312,0.5325243753520759,0.14941443822167544,0.6752808901956937,0.3305325244899081,1.5294165576134913,0.2080232663773744,0.1247108165597807,0.5709816358361313
7774,0.8061971787198519,0.7839936166658302,0.710289104299611,0.6396325627701813,0.6107462873228179,3.2643009575291138,0.19618931965129094,0.09756865431570108,1.1060760860161365
7775,0.03849760108101549,0.6449216899566155,0.15091835053285355,0.9284395575066904,0.7780479766435253,1.8047443131221326,0.1774777669571661,0.13061704976126493,1.66581511876718
7776,0.7803695376044117,0.762709420676879,0.22048875825282127,1.2929471783645934,0.5350598911710558,2.0273833935469345,0.13170449906554843,0.06169793929702759,0.3282603415155725
7777,0.6649323260296305,0.5533256364845619,0.3440553541346931,1.3942318780726595,0.5164043879791502,3.511904435736487,0.10716369517294358,0.07183158588358343,0.5182266216721286
7778,0.3469716243625668,0.6219340827615669,0.24835738200248797,0.46658793578089425,0.5525786606469121,1.32710750185958,0.11503911018905225,0.07713706114779162,0.552792484030855
7779,0.8723603254498957,0.2293202535294676,0.35358551688011486,1.0513082588905298,0.3699621440012083,0.4672122977510802,0.05509467855278864,0.05289693065600337,1.3145489357836524
7780,0.8596965591058687,0.1598812777451956,0.2638806362275953,1.117364667483941,0.2655306004405691,1.8168065060263061,0.07801037637475397,0.062225067328236766,0.5233000373774916
7781,0.42359951250322336,0.024805486276756494,0.5629024479849329,0.289304819062176,0.3288918649489113,1.4872154698900635,0.19948925279442914,0.07800038275067363,0.8680709321655571
7782,0.9229592359696912,0.43538636702221983,0.05416114217030693,1.2229651711343559,0.5187117485249326,2.045977702979239,0.08357005582796394,0.08104013390592785,0.6006437765085787
7783,0.032275891238873144,1.3302905582727704,0.10231982618001509,0.39304377742952457,0.4684672404085889,1.2090969570412335,0.06944589425260944,0.09402183133698587,0.5546252981706106
7784,0.3785474849006861,1.386146107024206,0.10390811641751638,1.4441638736265934,0.4191300485372631,0.613698663548627,0.10106372390093296,0.12525236860653904,0.426661452221937
7785,0.47052316283589635,0.3050376011726987,0.31853813873824827,0.307183213916715,0.5181238652283642,1.486642193255354,0.21231925387444578,0.08380821807897701,3.2578116742060947
7786,0.7691634362716717,0.36278846908801843,0.3959911560482655,1.0246472800447866,0.35917959071180766,2.9337014655966254,0.2298930622983724,0.13862238417446712,1.3898234311017095
7787,0.4264581427717883,0.7667741756755294,0.42414615275356865,1.2316165939661934,0.41826634980833616,4.109155036986135,0.023980669148516598,0.1472095170184118,1.4509096202724083
7788,0.4666750584190128,0.2095937115407243,0.5075862441489235,0.6140709458644908,0.784182508051035,3.394854464548194,0.13131658714322839,0.1221125064023749,1.182927765711094
7789,0.7494460077313523,1.3858312609534158,0.3454123326277507,1.245889260951489,0.5038665531391858,1.4762892671545265,0.23650606603780333,0.16095399502713675,1.288098589821932
7790,0.9565899887322764,0.5169021146763211,0.09039284603055747,0.43993131355401127,0.8597898111449666,4.4815202506286465,0.1465839012783415,0.09312897396574844,0.8314983625252558
7791,0.08184946035471838,0.44178414885131045,0.5049909179442212,0.35891210799755413,0.6276865306572206,1.3822913004668187,0.013413178235720316,0.09190351060911717,1.2015051689134602
7792,0.6607304351464718,0.28272638149859003,0.24483391800291687,0.36615940915411105,0.5751847160657231,3.064079005435634,0.17164399023077534,0.0373266839938805,1.0169174427027383
7793,1.1982840405266018,1.103905589059561,1.1523546991509974,1.2106553479133166,0.16929875947151762,1.257055497939355,0.03550362737346098,0.10504723808049543,0.6822347041536838
7794,0.2573940444855425,0.40944937440842516,0.30980709172181675,1.803524356604538,0.46449439182076446,2.212803196191988,0.07382786391356436,0.07375418450866206,1.9250409281324672
7795,1.0356445980960005,0.8473005799116866,0.17672604642246806,0.0071306423104104955,0.7861319980808472,1.2947181061620867,0.15958442230234599,0.08977051929494147,1.0906216172518828
7796,0.39930664966128504,0.09779557011856077,0.3640288766336867,0.643916981614994,0.4937697131520674,1.7171019247536767,0.09619238336785085,0.1089204092019528,1.6721913559656205
7797,0.5061103332713801,0.4865569965387988,0.5134803400214576,0.9828944708329972,0.5946605112648036,0.9609626820862336,0.008847511623897686,0.10062573790128829,1.1186752719467516
7798,0.7252007089863846,0.43164871836524704,0.20526991011670936,0.1593406659903065,0.14427291391092723,1.764029355195692,0.27750708888241976,0.12296127965349428,1.1467902967875998
7799,0.7850367053048057,0.450350121391885,0.3046323028429303,0.8186502357070201,0.4191819356773292,1.8031915162274075,0.02610661125418945,0.08537682541126218,1.8218097683066086
7800,1.458764018536758,0.6699209023938733,0.5698438057212373,1.893519762580528,0.4421821398098292,3.036786726711044,0.10907923438774238,0.07443283334254833,1.3196157470037408
7801,0.7198647413364296,0.6105318216001474,0.7615484835411788,1.3929910483781676,0.3144100650571747,1.690688427977855,0.01698324180565361,0.08868143264808331,1.3217569515278245
7802,0.6286900058670978,0.16783818663605987,0.63587169032354,0.47207666414168864,0.6851742155059763,0.5177071049621123,0.18455333615292807,0.061510586213970694,0.8372286747923369
7803,0.6737030577443447,0.3779206780697804,0.10685552263832093,0.7081024190712133,0.29554351079003993,1.130355099816399,0.03290260751345135,0.14032650300870542,0.4362742103612734
7804,2.1322155996420022,0.4132562169951193,0.8878102157845374,1.2254952801328804,0.7827407802272792,1.9787174062367718,0.16734815220239035,0.13976095486344398,1.5229314196110466
7805,0.6847268402885451,1.4356707181887098,0.8722785097202098,0.8798756893153716,0.41975305694013193,2.5384254836971603,0.1341092760903928,0.009677431860510441,0.9008261535616757
7806,0.7659945014690548,0.2045186037721566,0.8196235413988131,0.47189378076308486,0.7615400395554008,0.7806318183014287,0.1382251854754395,0.03918676867578638,0.9998225532434232
7807,0.925444416309964,0.23309433138214958,0.5260033398843907,0.7735873506604116,0.37087416613217417,1.5000715675770533,0.024020344772935492,0.07546309012610501,1.9250937147009348
7808,1.3581544317931231,0.16628676706636128,0.5464756547211803,2.5454215978740637,0.7610269602803446,1.7271775596660341,0.00048135590763688507,0.10610232322921268,0.866384166343044
7809,0.2716356396339913,0.13627594104469704,0.44072105789707217,0.6475193729184809,0.7397207134295126,1.3764123017197987,0.03676402905055641,0.10567165836969346,0.02430342255156459
7810,0.029982479699162845,0.5763441065526984,0.1608903234347313,0.30751217585784596,0.38733470731107716,1.2127985584760075,0.048081030810349056,0.06257759890833657,1.317698956255521
7811,0.5822374777170343,0.523923506964308,0.2520898291531416,0.19709587516767257,0.4018261223334055,1.4323854494255974,0.14485652613847805,0.09129186806395649,1.8234728636813449
7812,0.5320601569334898,0.05076216735483374,0.5705612609309156,2.249881499839607,0.06316996522241497,2.2588204378434575,0.07446762358043496,0.07636983073062913,2.425692267151316
7813,0.17108339619633653,1.3382851064225487,0.38966173595223197,0.2396099610211705,1.0620203338331375,2.1826313208769546,0.16228804542595146,0.029927557762692333,1.4025386508059587
7814,1.8106450376735894,0.06605222304065672,0.05995269474213083,0.5362185334536952,0.5713027682743649,1.6563994679960181,0.11933963581416784,0.11578579900244737,0.6980115814358344
7815,0.5830007111060416,1.2024360450078346,0.423941538087636,1.0549862597452047,0.5906459757864013,2.346260831246089,0.14369139552506596,0.06784554933022843,0.5749022056465757
7816,0.5445293576453072,0.707152766725526,0.17334137175105266,1.0777118995879813,0.3469936887341924,1.1288552777766845,0.20138017375673084,0.08100470421297824,1.1387420042525296
7817,0.3660528022173677,0.43035579760285486,0.07455019074132929,0.1761598596170162,0.5379061944407103,2.1225251529305424,0.2639303673629576,0.07690744450166088,2.2586365959773973
7818,0.16922876633921774,0.10631983001387196,0.564109701527876,0.7106542426927971,0.5313538541504098,1.3443882731142853,0.11203076539461966,0.08055038550698036,0.1793977615758705
7819,1.03212797464319,0.9099025369023839,0.021559411566655695,0.4980921861922664,0.7120291678963967,0.26685268287825337,0.12872339582490552,0.07332577001261992,1.1810785497480225
7820,0.08623573164778603,0.4327662700098236,0.45168461038263663,1.6481244894726044,0.5629983149284222,0.7246600817829884,0.0717819591674998,0.08626496015450312,1.0010160991316335
7821,1.440176170912563,0.8323208066176169,0.2573706364481566,1.8233114603038916,0.8229934189041095,0.6525393587288886,0.10217378983123418,0.09459649165229925,1.5904724789268512
7822,0.6613220015570995,0.22737709886432678,0.2515261124014312,0.6774162552804532,0.8052672402315626,2.267944990240548,0.1894673630215326,0.056118791219496825,0.17040604807409343
7823,0.23783466264139208,0.9044445404964321,0.245383738556547,1.5146267067115717,0.389991763375743,2.672743311433395,0.14271967130313706,0.03666335193159802,0.341561727649648
7824,1.1734059246592203,0.11219820398126784,0.7251579340523489,0.6817872263191052,0.2341731744147324,1.8139760590551817,0.135572590835044,0.021492509111044736,0.8124314235426869
7825,0.30602868531189925,0.8493938191365764,0.24585185514479374,1.0337412467864622,0.5530502154820587,2.238050492967574,0.06181938876666983,0.03505582046010089,0.9361123490546586
7826,0.35231367269101244,0.19675812497363931,0.025084356566926203,1.3434408693683522,0.5260965328809479,0.9195935485817945,0.17130200295141929,0.06859958535255123,0.20411043316376598
7827,0.5884265610513646,0.47316455796497936,0.42966636415402837,1.9289310855687873,0.5998580438967572,2.1180227113795853,0.2049999326974354,0.0923531571814978,0.4800190538263307
7828,0.5183099934730256,0.45676536437042337,0.18581418982006936,0.6428271754411949,0.47244715333716764,2.6645846328763803,0.1259457572886789,0.07967804952799369,0.6123318882984461
7829,0.6747406205828514,1.5390273806710626,0.7262274383909426,1.4698470525807381,0.5195411797760882,1.150644623708894,0.34204969835594906,0.03188048852903244,0.49553536159580475
7830,0.1637062858684925,0.521948924911039,0.6067198016481948,0.0038863448875394724,0.47784370488824796,3.977406561584342,0.011156158043984163,0.14618189672234272,0.1893149228958596
7831,1.1688305723792995,0.5027066800855674,0.35779610634903597,2.1943893038455107,0.5286983285211345,2.5265012880817777,0.17509632045331544,0.08087882161028902,1.2327686585264273
7832,0.19352711164119185,0.09707630184021901,0.27830457488152405,0.2585618161384067,0.24500267909041706,2.545754768531266,0.11316016520517735,0.10771381853025581,1.7383480086320433
7833,0.0428756582115494,0.3287271693329506,0.39663413617403853,0.7131300205076162,0.2563664998035242,1.1340803472786987,0.1793411921290577,0.06998262966294881,2.2819219783472193
7834,0.541779934371215,0.08416138149628638,0.4545366643701586,1.0144847122284537,0.6282306114475467,1.5180048522653853,0.09144095691558377,0.04985329192175159,0.6615463058147131
7835,0.3498985496318517,0.12838050525031497,0.12463255792579553,2.0723617588505787,0.8958549210503192,4.658681616244204,0.16176953039038888,0.12943042637234728,2.2364975095415724
7836,0.16766775403364323,0.8628116035976112,0.29744928538929644,1.2244856584247639,0.8931306361578246,2.2284769115466787,0.035421565070484995,0.13348347068923944,2.3044620707173173
7837,0.5587626349344819,0.6331882827066293,0.19912408296194858,1.465677124155182,0.23018742797279956,1.3392389346659075,0.24133970762970308,0.07627505925207265,0.8943435667341131
7838,0.31264421483218047,0.2826299491230028,0.08781008537232743,2.870276582354868,0.5638652959796605,2.4105592775708016,0.17210890380807695,0.09206647873690715,1.0975872551517458
7839,0.13791667294265667,0.20951675441025455,0.7587181316804472,1.7380540056702825,0.5273983532871797,2.969908955294563,0.12135726311903587,0.12267484479660047,1.3100434240845222
7840,0.14669681690549294,0.689557268570664,0.3138223270718422,1.1937278409619245,0.8415737063654983,1.085695293079414,0.13585380557895468,0.06443079242577343,0.44027959634381186
7841,0.5512215409339868,0.4156221772242632,0.4154905911326995,0.8007418100427429,0.4186209961392381,2.0089551328974866,0.13457715947525944,0.13241017066061683,0.7451645056884633
7842,0.9371766715487215,0.2658765924260044,0.6160549398992732,0.8510238852866527,0.196876146604394,1.8957101486456636,0.15747257254052238,0.008763522570977234,1.273925872229445
7843,0.9654025168911511,0.8055474799874421,0.34930304901233605,0.1461549080367598,0.4151831757339698,1.4392368454000364,0.1649790271623458,0.12899689123109473,2.0034231185975013
7844,1.1669118796287266,0.8191009638174986,0.7110819644417219,1.8806079000904319,0.7025063305208123,1.3241265777385218,0.061412274480680325,0.07397641703708381,0.6642962694012385
7845,1.3549202812448173,0.5577302485979767,0.6077623106493161,0.22636558173882249,0.6341911473128775,1.0521601866473163,0.06865704588530384,0.11642111846734723,2.0461786032532983
7846,0.5716055115283443,0.8303988314496435,0.4001435265405208,1.767470445356401,0.6080315460316649,2.3927180517628095,0.22591437366820455,0.11836721471888438,1.9996505599992387
7847,0.05880108930212144,0.12932721181760798,0.5296720785456264,0.5604473416388106,0.642981531039964,1.923786756571447,0.2180549338186223,0.11095940525304059,1.2087647982812126
7848,0.32033202428180113,0.4507128816995715,0.14846333302756243,1.8459217724315393,0.457413383589289,1.1874907752669794,0.13226813411717211,0.128976435447661,0.04780254635550718
7849,0.8501080284834435,1.5189628993425952,0.5161869032326004,0.8199549506758826,0.818333805845243,4.508952209006475,0.16692134164008346,0.10544055443513876,1.2417278140189183
7850,0.9630330740793798,0.8173163967786357,0.05330509432626013,1.6674027886137412,0.608213895762713,1.4255862900104175,0.06788816012968703,0.16171321278472586,0.4168639113173564
7851,0.8592764485369655,1.1224240969195007,0.40523922100049325,0.2643190155138291,0.946877855341304,1.949803784330096,0.11775186820573791,0.17923824517478898,1.082243460479433
7852,0.4662196607237995,0.6061819439074093,0.2830084635074573,1.564831278038132,0.43394258770562066,1.68687796689764,0.16441816088331176,0.09182696379717324,2.139020660040124
7853,0.5789261884296149,0.4360435177622064,0.2602748823475831,1.5595723490299784,0.39915034495564844,2.107000749733239,0.1301655497459798,0.05315708481907163,0.36503693185758335
7854,0.753950911193013,0.8951570449936095,0.14925149569677815,0.9071386749062348,0.7154199643103882,0.07229730247759769,0.03601292249488375,0.08473575539765615,0.9190050412708746
7855,0.531387521563073,0.003826435629032565,0.6055061088597441,2.1619469585484405,0.09417497535260483,2.1937015724801556,0.0069477128356089796,0.09989349619543521,1.333927042958712
7856,0.21122158596283597,0.18216079915777864,0.40638260815862753,0.7817647276891442,0.0648752333583863,0.507269808572717,0.22722945531265523,0.07853538983057065,0.9500759434586907
7857,1.4654818804901586,0.649528004731943,1.0197922010584555,0.2182495911938399,0.5330956510586257,2.034242055050377,0.04348072404840554,0.11092572032080227,0.7930501808326067
7858,0.5062555541540548,1.2795633151169385,0.756913887646099,0.353740546108783,0.43178888927433706,2.850374351554081,0.0515006320346599,0.08039377681345948,0.05896514382732432
7859,1.0907687773574666,0.5885426537107009,0.8021217291607698,0.8994385394731377,0.4017429219292459,0.7615976409676966,0.13228648343292057,0.1119603683140144,0.8137045769926711
7860,0.9168342846030888,0.26096075506377875,0.9256955853143621,0.467889467066221,0.4286966985330704,1.1133878738882754,0.1817871510516495,0.11612936399076945,1.0556082927528285
7861,0.42966865646992447,0.8785050527995506,0.07140231964434263,2.074253187521247,0.023633394844620903,2.732825497832577,0.11302946782354914,0.02990785791756677,0.8765316054258614
7862,0.8624838899949514,0.5941807484579337,0.6439699706158519,1.0247890606173375,0.4872317882541202,1.6530417556165813,0.16422596515025017,0.08456863661256743,1.0317576201241603
7863,0.10705988431040694,0.424246045098883,0.6356981622711929,1.4686129127752108,0.5822768540602932,0.7051961861791057,0.2552603792010713,0.0448565432570732,1.1372944228567685
7864,0.756361144510808,0.04728157274295458,0.5062633558066735,0.6633896820605418,0.5983230862998732,2.662340509223409,0.10869229084329864,0.03598156489876745,1.0326716778204779
7865,0.959681513423198,0.7099458615599241,0.3865492341963368,2.0585805729159303,0.49242107640486005,1.5114274095926985,0.13806210557976,0.04760345154541301,0.7034365495037593
7866,0.9215506938428415,0.8831302489353059,0.1556577710374524,1.8261968311131829,0.38574220626770983,3.559321114212481,0.19629610291910649,0.17228451596788377,1.2139435863683599
7867,0.29157845633283497,0.30005408455405064,0.34085229561314173,0.7212417665631076,0.44268564290514195,3.9788813981347007,0.27881425153710276,0.1038427291345348,1.286259720174314
7868,1.4088441627617296,0.8959875058064768,0.520268914179456,2.179998537744478,0.6389466470015082,2.8069142866536905,0.05374894453741427,0.07627618037799067,2.14760238727525
7869,0.3440420537630989,0.2925696954510226,0.04877690049347155,1.6993110916257805,0.4946631708366044,0.6813806200416763,0.2835153602118028,0.11574641852715045,2.2886481958568314
7870,0.7407143944687237,0.5339921845649829,0.12492819075703906,1.2113563489068275,0.4586082289402841,2.0445275665745872,0.261262070905667,0.11371412289507844,0.6545593048239023
7871,1.461964514649482,0.48490261163656184,0.40982352014658185,0.8672517425938197,0.8849729412660634,3.366351452112532,0.12085429882229883,0.09932164098472647,1.2827854155632517
7872,0.6714140048207545,0.6565734617978977,0.39375491544989316,0.5389661215044155,0.2324634409454744,0.5797283025798023,0.1401528305866055,0.09633445470061565,1.6491235339737003
7873,0.16239098301968993,0.15967072699071247,0.584307584279008,1.2865685530410804,0.4635714983240849,2.588441658197694,0.2741147257978517,0.06059518763647366,1.739554020603439
7874,0.4657438327601466,1.2386525769657233,0.363551389994114,1.4970481774737787,0.645862798781594,0.9227741778780132,0.11742769866193692,0.062383272607437035,1.5768797912051444
7875,0.49212092994964074,0.19310711079475434,0.06273545558459254,0.8605025889272939,0.6935047086712623,2.324603204958291,0.23740899232217372,0.1649765237942737,0.004261601292124273
7876,1.3571031352727232,0.44560308431347156,0.5454499348098776,0.6684117574940069,0.19284761564162756,0.8045091787250017,0.19083052520226132,0.11196553354140217,0.10172454484420224
7877,0.31947708179158846,0.04385714117279471,0.4482885072915558,0.49643631221971335,0.22018577790733918,0.6807986948817322,0.02777124710628827,0.07074646964916742,1.1216466830415064
7878,1.4038103109069466,0.18089424810387209,0.4489193033319069,0.40625322582012924,0.3703369883980427,2.7349430945771744,0.06581054515606533,0.17693246773398247,1.5805577329740546
7879,0.0422406810779061,0.6092935646755765,0.9218607916729327,1.0792054973085776,0.21267098736988144,0.7984417813632733,0.1918237622488141,0.06797731501968673,1.2481519375654084
7880,0.8770652691358898,0.1335231997814584,0.36330739427185677,1.9098398619793517,0.7219652292472329,2.610160498812837,0.29411389813847233,0.07792597674129863,0.9830205989735551
7881,0.3481664979748583,0.31985139927121287,0.4632294505406719,0.7805370293355479,0.4604415645444625,1.4044067609712925,0.15307660016019503,0.1598776182771965,0.06893601668812566
7882,0.753975623311998,0.19536213045542253,0.062189881143934034,1.1127220878573985,0.538943347566541,2.2761854186308192,0.06992316503770064,0.13900243877405583,2.669915307821848
7883,0.12629827831336354,0.4496182339463096,0.06588946713323607,2.2256262948440777,0.6353099401164303,2.2553166971357768,0.20647232116131406,0.16508099541238014,0.25284924395557096
7884,0.3060832356245193,0.057039133897391237,0.11767586816794742,2.0589982597205645,0.42624324684860293,1.5325709396249731,0.09014980922084577,0.12438724357253327,1.77599556603598
7885,0.6774141516566805,0.23387337386617302,0.6297654280678953,1.6659230326626577,0.45743705520869893,1.9600167179573365,0.12391873387361177,0.13065562925782345,1.7843896017059975
7886,1.2737694068496663,0.867617842837527,0.45625699670885006,0.6308071125082417,0.31256246398415344,3.0827248097777584,0.11739566433150561,0.11234458673578135,0.11086779014560177
7887,0.9813172970518214,0.5347797988633293,0.30348570929678065,0.40372078040404136,0.06652440295348583,2.212945719121083,0.27424190739863175,0.10184563825610497,0.8666637898248902
7888,0.7019001948370882,0.7956203920579755,0.30100953923830465,0.2822810195432415,0.8029538473855233,2.125962134768531,0.21946442480740486,0.11150431215513264,0.923305293758256
7889,0.7207535853427467,0.5046354623115825,0.2510352776108262,1.640092497674298,0.5685155277969306,1.679680464822671,0.08736253359423084,0.0860444376066455,0.6860235248857144
7890,0.11594580104356714,0.7167919386461521,0.19090843304920468,1.1226071908335757,0.37625913578669434,2.6418738847900474,0.13131836773053762,0.06817958553710012,0.5394817413415778
7891,0.25034353250955776,0.3193942116077212,0.43296845145604634,1.6597653560736627,0.38402636299729553,2.387249749537592,0.21037413539305144,0.12836391944252104,0.5798918594505769
7892,0.38329659793969867,1.3950144344084392,1.000574092540392,0.8236691266430509,0.45008450979206016,1.602129188188768,0.12047864247363282,0.08130375294231978,0.8308554631800804
7893,0.2815421423080482,0.31259171674685077,0.5547248706075341,0.8937417036143062,0.5953053861845137,2.763309173593754,0.20085782879087793,0.11935750681586219,0.4991242268522543
7894,0.8071671207390798,0.12983633722820698,0.48154989761038947,1.2155080399129874,0.33048445450885855,2.439102272551989,0.10876816885122013,0.061471759476820965,1.287231278236064
7895,0.11346757876252664,0.5158390264371555,0.9937925161450774,2.6262775987117783,0.27175398754867885,1.6888493451432107,0.1444763054095927,0.12186397206291291,0.7796513555812428
7896,1.4675790825556152,0.33918311781876825,0.03289326429145728,1.9010136857841684,0.7174262310106996,2.277288775525517,0.1631685964358792,0.04958669490738635,0.4485115969972889
7897,0.3324963392923953,0.7211661316501534,0.36040964385087804,0.7813299511814608,0.7187313020078523,2.4450270669450713,0.19314377928985066,0.10257546312776437,0.5864888427951886
7898,0.19586909195764207,0.23530088728217458,0.35358541753753003,2.221807985157373,0.4361413480558382,2.102912549235717,0.10396986822914506,0.09559058798472057,1.8648658466415418
7899,0.4395352330997072,0.40855434531644597,0.5214591914085467,0.7657631197945769,0.051243904383338146,0.8636157935321858,0.16607729913428673,0.12811771092908972,2.2400879618535057
7900,1.5364287748857097,0.370868825028528,0.6123456262791518,1.9240898050141837,0.5983743912917565,2.9663076950782763,0.07532114607884238,0.11185352507029123,0.8235753595831378
7901,1.0264456758174718,0.9879779501553039,0.19360910493967817,2.0706050930864106,0.1624921321306641,1.53090098169641,0.0492851662335964,0.10523905674702155,0.915027243268974
7902,0.7668677318339863,0.4978472636296861,0.9485861980174946,2.0704058006795014,0.696470821705268,1.5327593883565311,0.13666396115102034,0.06959637440252714,2.099055746478056
7903,0.7511102298682184,0.9790598991279484,0.08011422748124092,0.5659959429886242,0.8871543272594783,1.791845293180035,0.1291723823898755,0.07816275278318596,1.6747979407329323
7904,0.6981727833263032,1.3410928577083452,0.18667809266253643,1.1245083634443567,0.5446791508100187,2.495674935885847,0.1815129858648949,0.017007833381408502,1.4146785355736078
7905,0.36138464999911624,0.606866975248401,0.705827861746336,0.1450983397517086,0.3664638762534172,2.0670095514498215,0.047679036982776944,0.059608077113593796,0.7413512757637941
7906,0.5961593017877257,0.04038055687739239,0.21260984313346976,0.6735073284816281,0.6541965701109375,1.2431491781098638,0.07057804151687691,0.11429682730477682,1.0001580328356157
7907,0.1192835538441818,0.16625574433438764,0.3006559066218758,1.397719809722878,0.6183220035645933,2.447355137511903,0.05968894184545952,0.10415300670602516,0.15169622534112104
7908,0.3563194200796736,0.46648832162617676,0.24340908427310148,0.9014477752447652,0.3427940750907269,3.8853388275867626,0.11300312239324986,0.08975881831877823,0.13880981585097762
7909,0.9110728602919831,0.7766453514759458,0.8123927289128432,1.187767514915524,0.41263718797479043,0.7171786562429616,0.12903193622232847,0.11369440397312294,1.2591761500086434
7910,0.41032853909049066,0.6664574376306531,0.15502907395387353,1.1057360782167724,0.4188930506077363,1.4254484931047822,0.141004509372576,0.08181993735883028,0.42510210443641383
7911,0.07209243666420914,0.7102984925460081,0.5610715427213048,1.9918164787743824,0.8548874207157382,0.41584131328900864,0.07304451058537395,0.11900326138557739,0.8688119315337154
7912,0.21103431541980594,0.4892816926902266,0.163871299519516,0.8829475661332993,0.22712239718629768,0.9059586423671177,0.18956593610339062,0.15326142511122634,1.1584109283678716
7913,0.08776374174120094,0.6782839749798051,0.24309382710369548,1.3892609996078256,0.6149906593258015,1.2754886170775661,0.05791921401180254,0.12944991147937832,2.401970578628198
7914,0.6996121591408081,0.22955125728442183,0.16452417444691608,0.4813942559246731,0.5649542718689535,2.776591892449913,0.08582486336751732,0.0725061427506653,1.4443560518152383
7915,0.9250680428356717,1.131203380860694,0.4475267584350971,0.3371892035976758,0.4755208064916231,1.7511757548316695,0.04117076447379607,0.08884529804437352,0.3089073550130409
7916,0.7584559206820213,0.14507929199230243,0.5325875604022255,2.686967403602225,0.4162671281210987,1.0754811327049865,0.11280317919466878,0.13710433133235722,0.8585701122259477
7917,0.005425997282675454,0.3544776665632609,0.6589829831700353,1.4289457789333155,0.47671032542261677,3.041925254224114,0.20529707180633497,0.10348701786252304,0.18046810361689591
7918,0.22085892039048538,0.7634579844665288,0.1863685181992456,0.6488146529777232,0.4274708135585129,2.457010558583176,0.19471108036646612,0.08529214419005005,0.6799467453178905
7919,0.2696761633760457,0.29171941750470526,0.6262297524365346,0.3531063743561078,0.9221532708549485,1.4944133734219829,0.06467354852290227,0.08789548828187513,0.43899958928003874
7920,0.1574172892684116,0.5807820674963079,0.6792735835458042,1.5886908097002703,0.5971902480257714,2.37674231983093,0.241191015426016,0.058323796926585514,1.2931056970236536
7921,1.4110060399991526,0.12352384097429484,0.4708272308482079,0.9135093242331812,0.511429103252542,2.451099708967817,0.1576577529594776,0.06194083543744281,0.9342312904280887
7922,0.3376982993062477,0.05504567792848303,0.6621533121000501,2.4723409460892065,0.21380282691938612,0.07737791110122161,0.23594944342237234,0.10316305085260563,1.4009248586265823
7923,0.3720579951549221,0.37859378485728007,0.08657390177777652,0.28370901733523113,0.42757209463166057,1.8558601236102328,0.14304012148985779,0.11317883972106514,1.7098695947917442
7924,0.22819826299007845,0.10976969055165553,0.43072673592504634,1.497063912947568,0.6385036011653086,1.7344328844165344,0.021002569341224575,0.12370045954440123,0.5365969431841251
7925,0.467543043538437,0.42173848642407796,0.12046045246736803,1.1343465095165763,0.7718126967096484,2.21364996670676,0.13080613146514936,0.056354206794134644,2.94784663715651
7926,0.07370280521857683,0.6513810915249086,0.5980076513939675,0.943105512356095,0.41751506732430277,1.677000402908357,0.02954109987545897,0.07789382415883163,1.7660567852396505
7927,0.587335551020264,0.3066910732070005,0.1869538106128509,1.0713960065837704,0.6430141181190829,0.8651988987394795,0.017342796196005414,0.05862490875767456,1.8289791670797766
7928,1.1907972015569799,1.4669777236365837,0.08909011238443923,1.3973147337344702,0.514147931863261,3.022522005898677,0.15373084747923124,0.06437046313153957,1.3361546830785045
7929,0.08991463214402418,0.03647630955358622,0.7242656910405085,1.4121089193243532,0.42036055161131414,2.3159769026748376,0.19191955128628368,0.11496049118271155,1.1034127223131025
7930,0.35847052933327184,0.5556896818917516,0.6939853010009442,1.765853888162015,0.5958666317703394,2.533047248342144,0.09302704743353209,0.13088183614313353,1.9624519540788197
7931,0.3344421737322858,0.6420974143534961,0.17723540043156222,1.0741771816014365,0.4647558836025741,2.0927945502286507,0.18405754309380296,0.07768971712004315,1.4484006320673757
7932,0.700304534624004,1.2766962839702725,0.7366097639231866,1.434066018507717,0.7298828847306007,2.4145561975823675,0.0017462137859906995,0.017152350992349935,0.9454128787761945
7933,1.9973548580224558,0.09829427850517869,0.40108923932562757,1.6006402991867672,0.5969781062454089,2.32110900951057,0.30571373554854564,0.04361629148601061,0.8347966708968617
7934,0.7900033647422617,0.2847176597446385,0.37921300569764094,0.24941716241035572,0.5366104572759223,2.3665792517140423,0.17070986404896193,0.07553926857794631,0.45177939693667574
7935,0.6542875020067388,0.48134053720785497,0.1682792534507498,1.1789958553900952,0.5302653063734181,2.823023762015196,0.13948944311950265,0.11599781491306677,1.3050565240476566
7936,1.1439349103051812,0.7820532310951323,0.4555689194923496,0.5086305622122544,0.46402239550311114,1.407768778503753,0.0738305154860697,0.059699167502537835,2.1338213171306957
7937,1.4731311515895809,0.7188005563690085,0.6218832395355645,1.2041558843912321,0.3057677679729596,2.6723967303377276,0.08943112549062074,0.0645162286656094,0.17716119734783442
7938,0.25034698191655574,0.5331113398583396,0.060634493945549595,1.0080127552689615,0.2749916902836289,3.1929543750804776,0.13917200667011265,0.05961472883028772,0.30950751106911345
7939,1.0017644833589539,0.8676910352800071,0.25975912082825914,0.19852284782166407,0.264134444297301,1.620558599011179,0.24342668049654748,0.07561079306450985,0.6535280532348265
7940,1.2132525860495675,0.32247389382082536,0.14648052321498437,0.402481478534661,0.9070068174566279,4.088179702975291,0.15245385490368624,0.09733681472013449,1.7014742858214968
7941,0.3375008071593708,0.07600085276714746,0.4308559689326915,0.08527957702084965,0.7441199754006407,1.5902696252388449,0.05206127323055155,0.10665711878556733,1.1150033414128613
7942,0.4572676842934623,1.342549593983042,1.1843933696589564,1.0753005918238692,0.8225285026318925,0.542169664883462,0.14784048630498348,0.1054521905143699,0.9778734182067423
7943,1.7394159588986724,0.6885440629427052,0.6679044754166876,0.2529673464830554,0.6040829037905693,2.081069003715287,0.07181009934065191,0.09929078221569315,0.2823453911222089
7944,0.33231227081052434,0.07763162797267348,0.40238531829146473,0.7978837723116713,0.2753396101346165,1.4250155344975206,0.11138582569152233,0.08832970700343477,0.519350946723002
7945,0.6865243120187731,0.6627189430135592,0.4328705790057369,1.4377020823707338,0.6585295709802109,0.6871626319001061,0.19805886734231848,0.09308417103589056,1.8666185935699542
7946,0.32342140389005813,0.9913268732315677,0.29996952396975984,0.8992633655359271,0.3309334899843349,2.0638647469150575,0.191145475489585,0.1339995683205417,1.7605666727484484
7947,0.9555702099719761,0.32697303733937966,0.793925322601197,1.07806239367411,0.6509710827362764,1.8477995369422524,0.10422004047710265,0.1052003398910915,1.0743288325113902
7948,0.31467063202922674,0.8804691515356287,0.2821082219255782,0.557992910817642,0.46774252968657043,3.20187538393845,0.05335694872365506,0.07264171345868031,0.6997569540232517
7949,0.290288022957613,0.6099288022660687,0.5754670687601682,0.7306595872983901,0.4701521660588242,1.8267510883876938,0.11977898051721521,0.1353335753355715,0.760576254690354
7950,1.2249786409099883,0.453264492385756,0.5115749056566328,1.8204548306433965,0.39903087614351096,0.7545617122113295,0.24172807318589318,0.09177863949101416,0.39944131735040084
7951,0.1062641205580743,0.7390482262947713,0.5927373878937633,1.053909191913483,0.6657409085552028,0.3941951942194497,0.1606492491853209,0.08488258730048232,1.1024902406078403
7952,0.6874398601396864,0.3653029236394798,0.5355045126380928,1.7609167406265342,0.7587000061280743,2.7448328428215216,0.045575038545662944,0.09154597573395824,0.8778234201731745
7953,0.7560016697504705,0.8063543311952206,0.22085811157710522,2.188669249815165,0.5774666444268691,2.0587639609652313,0.15278419691240766,0.08527149926690598,1.1766427606598433
7954,0.4706456618150794,0.5323329884593212,0.4258545967166003,0.14818743007497825,0.6649066677929015,2.8472540289279316,0.07569322267841438,0.08355266159704566,0.3961654591785648
7955,1.1424638178821587,0.5758966758233102,0.9539993785179253,2.747978404364808,0.8388480718097786,1.4627060102584646,0.2118146564520207,0.0660861661318068,0.959781723729033
7956,0.18694848609113196,0.42806515478724644,0.6069594180484417,0.6120333576851851,0.44249601241810477,3.3775255337934684,0.10281471873062815,0.05639211075359689,0.5329776633053824
7957,0.6189939803562856,0.6658794543881069,0.23495972051878966,0.40361485311008183,0.4325507043409008,2.2408720457909825,0.17667236303977485,0.10354779201740849,0.4869790696828117
7958,0.13544568947997512,0.2418690893202409,0.13329574168259983,1.0054722270586474,0.8587533068676361,0.8919924377471484,0.16206403514944592,0.09328877198194245,0.16224672173932408
7959,0.6101128640755252,0.2883183429919261,0.33524642571591595,0.134300380550197,0.18277746340468248,0.8516980538030569,0.19761862442009512,0.07055735875597158,0.9596553250640363
7960,0.539531918474415,0.7653471866261194,0.49013729618550794,0.8926544061593824,0.515754714825917,0.2881248150240183,0.18199299671441194,0.16449839953655548,2.081299682092493
7961,0.09174615622006702,0.6961607507365108,0.4244997399469529,0.7955150757480502,0.3808918261678383,3.00524301296495,0.13756089057630203,0.08339854172981023,1.139691005304457
7962,0.3775812559960832,0.5485758187985921,0.5153080650669579,0.9618352337773479,0.14262479069505063,3.7509379851124507,0.12393675087864088,0.0850947543386886,1.126359446711117
7963,0.44096776155131046,0.1384401226685958,0.5839108256923244,1.278391650776232,0.15207994803009955,2.018109308771566,0.07371355963998469,0.09079909785272333,1.1610001672262436
7964,1.0603942022537511,0.5524730786044988,0.39903187167331167,0.7464167868394835,0.23672823503487433,0.8065031650670199,0.12059500945261305,0.04812853399327509,0.24257541802475346
7965,0.9418519718069573,0.9613494062046211,0.3478392717618945,2.6044233560812917,0.3786089397866498,2.215138830117956,0.18170212362363491,0.08638630904235849,1.5473359832485585
7966,1.0834569976620927,0.6572900716414474,0.21403178442046722,1.203480570258558,0.4458712872007051,2.8351998624538886,0.15769293229581471,0.09423913090534165,0.5429128076213087
7967,1.4189184168993418,0.43926353640609506,0.5587960604575333,0.9985644790770773,0.5545336217214557,2.246962747155905,0.02580844408763598,0.03974889834899676,0.9841696159762722
7968,0.11079323827054649,1.0005749543787477,0.33334350410864055,0.5924145380495225,0.5080046608596634,0.4348490019382494,0.18899604257543087,0.09128187242942996,0.5465417642678216
7969,0.3230758016158678,0.6207513208398592,0.6390065266713834,0.5531580980490887,0.8488453847423234,3.257072635631017,0.05581309961464418,0.13518349510907512,0.9890687084236912
7970,0.8720059813370014,0.6254500510748054,0.7322513678131373,1.7114855502959416,0.9137068866241291,2.3251071525388256,0.1480221512747536,0.10790184907780508,1.2945801776601709
7971,0.46356474104288314,0.2395593750727606,0.3900760002706085,1.3324720500759164,0.5391282098684316,2.787170400758569,0.02708766056999927,0.05014305478004578,0.3110106439778483
7972,0.6610027671393417,0.631230614975723,0.13570772686394297,1.4003455079539866,0.29559231513039974,1.2602870453351658,0.09054732503301932,0.09880054428822133,0.06645020586529005
7973,0.785007918537793,0.25444121148322735,0.6166539784549336,1.0827514817221862,0.44581257499147414,2.4849650649619512,0.25671823983373193,0.09976884288479271,0.585007508264499
7974,0.5687054675697214,0.35520676589879896,0.5765331913827596,0.8206910922696636,0.502618378635276,1.1747036368842192,0.057199390404772885,0.13336457032942836,0.5917000777143735
7975,1.107110511598014,0.45780384417312314,0.6524368585147087,1.0080026609105017,0.38240305831838617,0.5276848586145162,0.08342566181356222,0.0854256874339983,0.3374918517472091
7976,0.6336564911024578,0.7072058111726321,0.09447913769415192,1.1529275619413755,0.8637922721023791,1.9603852673226,0.13239863115391307,0.08515877410760761,2.667075726599143
7977,0.5492187908042045,0.7718587241238271,0.181000163294218,1.079548049081884,0.6830374262247468,1.1646284767988488,0.1051189214966028,0.128368309494805,1.2407160949136196
7978,0.203489129359207,0.9459943911767184,0.6590001155616725,0.9009990445639032,0.6465863266639457,2.4565612227736873,0.00984169643888827,0.06124839149965286,1.7783638945687859
7979,0.39387148392342897,0.803182997424224,0.08446629828778993,0.6868210598775253,0.2616420638075602,2.4934414511992093,0.12062317412916347,0.10190694734907986,1.8009670251680228
7980,0.45010036456724145,0.05365472447029124,0.48196729659434145,0.563268846844153,0.5010944649895639,2.2224348723188627,0.1577218080831606,0.0958092957774703,0.8231357107460867
7981,0.8294123589476128,0.35770431327095853,0.7087049429911744,1.9724497066627507,0.5471238541385556,2.119109533001749,0.1430874358395762,0.12589044242041475,1.0909629802224041
7982,1.854210158051402,0.9384184958129442,1.2109784103417054,1.2641986999739339,0.6145704641488364,1.1808647287205516,0.17672881061855197,0.07897547648226026,1.2246720134735178
7983,1.6323626963733793,0.06179885602050089,0.4931064204031154,0.23099965452471638,0.702853853107894,1.996343136444522,0.023964866852894964,0.12234322722369273,1.1002102316555022
7984,0.1167009617317773,0.8679782193158903,0.5381085340936527,1.7691155317575986,0.3817837680138324,4.284614802122889,0.06259399518725023,0.11419201834307613,1.1673292623411444
7985,0.012875961925005341,0.4041045276951359,0.5932462474154228,1.9575716280159006,0.4556396448587505,2.169273888405485,0.07963446646074869,0.1178641603103831,0.6151662856717977
7986,0.13659009091928875,0.18088423136613882,0.6848956302830356,2.3543750298066426,0.6609626927719633,3.008153008071818,0.17418745103580296,0.09459214043540187,1.7216278978127955
7987,1.2905426553092352,0.004366277067004487,0.6338724919132379,1.904103756930947,0.5918567906555166,2.9057070858594747,0.09439140434049421,0.11364104176423612,0.8553747740551704
7988,0.012393834350087451,0.6334856339090522,0.15424228037531243,0.5689131300576075,0.509385798589188,1.32660956555952,0.248906387896916,0.10776049719152514,0.09046246571017413
7989,0.6820806022766553,0.12739299834337847,0.5374155243101656,0.4408430885928095,0.43390354464741065,2.2681226058900785,0.06755015141701065,0.09861209452397815,1.6538084981831735
7990,0.5462950748043984,0.5358196237095272,0.029708158233124393,0.6953343650635122,0.586072198773157,0.44984963294419233,0.14636437524012424,0.08239145771126045,0.7166005246548897
7991,0.1754087754283471,0.5080643180394342,0.4505085453151346,1.6432095089244223,0.5873057409336471,0.9531940934551077,0.16659991858458242,0.10845994218214838,2.2314795425313863
7992,1.5759590285008573,0.7712668791525874,0.6671686168763873,0.5641188437905551,0.6124534545742142,1.304819211649491,0.029108504698867027,0.05656959167817131,0.9183320760610264
7993,1.2686940405344678,1.0326552912607985,0.6691004566262859,0.8774508236735253,0.3136003461547333,1.214931716617056,0.008863808572996457,0.1404840298100378,0.9638844158354802
7994,0.36893076771983035,0.9470383207152926,0.9911329260249245,1.4485456125846876,0.44844413972183544,1.8961963199747616,0.12405856513354288,0.04243723093846577,1.0840495942737165
7995,0.31449295094608387,0.23557326755376168,0.47298141404532124,0.9701900418629202,0.5825823066494525,2.7099532719441974,0.11079115502478179,0.11280207871190201,1.1649706547336356
7996,0.7427677233789154,0.6687855888584197,0.7479657939399078,1.42302775832265,0.6879355099733329,0.5112616310231919,0.10839339229986446,0.09019261211079235,0.09154929411974144
7997,0.8916958645432422,0.4742857773720346,0.5161609854070986,1.6444533780444737,0.6296452247629891,0.9194140649592168,0.06736429725104864,0.10271663607373052,1.6289184643051375
7998,0.5303327279571907,0.5028347518806087,0.20354495787828786,0.8698403687896933,0.6794614707895038,3.3029002250951667,0.23427425315355677,0.07043189200894828,0.12546076978787812
7999,0.2263299368268295,0.2895054395624929,0.3862618239426146,0.017139227318322292,0.32995450405049676,1.2601601919074805,0.07260200410994214,0.10536062705796476,0.6119291172723595
8000,0.086282126294352,0.2883074648947183,0.5172482845480472,0.534388073666108,0.4542234248193687,1.9281260438276626,0.13866987772182807,0.10824610569949433,1.320911805070896
8001,0.573091958207064,0.7286086994580292,0.3881187016186641,0.9565844544151403,0.17469550476434076,2.1342740859406812,0.06830192576808057,0.11891816084049933,1.8134849425433646
8002,0.7593178173118006,1.1633142107169836,0.31892311018898956,1.157827657978644,0.5721860338065775,2.490138170281973,0.07161155728130153,0.12807559766971496,1.6701036885410656
8003,1.1307577076670856,0.11063049814475884,0.13935339755388682,0.7664968044863896,0.2909124252315149,1.8034111147710687,0.15705027792293086,0.06512827888824085,1.235491630456419
8004,0.5004105692856438,0.43506975931107417,0.12637321846058036,1.074562932539412,0.25428040439537125,2.0085468028577074,0.071967696089166,0.055044945753401596,0.8186305937870466
8005,0.215187426866541,0.40871504116046975,0.02022993452291111,1.3617700208194046,0.4315379317347112,0.8582448679557809,0.10417966612600561,0.05268358942711765,1.2875458582129515
8006,0.051184754766613855,0.7801479480360618,0.23118269267381236,0.19475042918367869,0.5727696752719521,1.0833742386131298,0.03588950476947601,0.11745079933245903,1.1510312377192276
8007,0.09953283090855189,0.64349775393308,0.06380875427269089,0.8923475049930054,0.10982157626788785,0.6441971946959395,0.1619152543266838,0.11467676838880235,2.2611930935227162
8008,0.3183270444083115,0.7242918831508725,0.36662729751439677,1.7598777606579328,0.35754107286601156,0.5895909793179352,0.0654741311034493,0.08065174455474113,0.33796106396715064
8009,0.16181057276541394,0.38247031008195426,0.14613068493241463,0.14297296978068097,0.5809255649428166,1.604474905663075,0.15976647909722488,0.06690632601809113,1.5661178969269436
8010,0.3497693613833094,0.03199760588923373,0.939025589197483,0.9072367970714322,0.7497471023404263,0.5047038919147941,0.07673118710448987,0.05164609357247047,0.7411530991103386
8011,0.5357480944804413,0.017354730191739776,0.519521162038094,1.5621044668801023,0.39034779842693607,1.4153878007112068,0.22981799374760978,0.06817592454342428,1.7041287128812845
8012,0.41758780098628173,0.5607949362697449,0.243326160065226,0.6290927312206149,0.9661165443043634,1.7349358061116082,0.29888297950796366,0.10222078943496352,1.7263449511827986
8013,0.23150198224084606,0.952284063260084,0.6997543442156478,1.3952692556000577,0.46003779312215304,1.6730570621096341,0.1815923986772648,0.11236891432379678,1.104924654126883
8014,1.2289387932253808,0.31630968117497565,0.35055216164744185,0.09550538228873928,0.5655336933788816,2.9570493962330295,0.1385695946242262,0.12512938220833023,0.9111188208309741
8015,0.019266178784222543,0.6076487981947049,0.27121992420990504,2.1557014375227017,0.4380362352477648,1.7865889064752019,0.12070054075013796,0.10435133592362915,0.3056964514572591
8016,1.2452981536901815,0.656273325422611,0.4773351148249475,1.0704558544124478,0.4841862403259879,2.7148035937482606,0.1305744008969042,0.07223191803215509,1.1963767780122272
8017,0.1837778380171652,0.6143893242685912,0.013392689544828973,0.8547667850757146,0.5961673657966202,2.0097905520836514,0.09227698132180043,0.09970506906303378,1.2219226501190616
8018,0.6041816962845188,0.2444477685473772,0.4318559506620579,0.8630010986738699,0.3754010959903683,1.9842514344965445,0.08811481082653064,0.08589438570696592,1.855610400183647
8019,0.5532988632766311,0.7288176719947581,0.25387626996114343,1.097647840331895,0.6400675527135784,2.6661064479318837,0.18055531615612863,0.07897460439636536,1.7812383044344995
8020,0.5132972694260455,0.07375206638591913,0.4139600503737838,2.4014733158877664,0.7120842379600093,2.843832111858992,0.011508494190092894,0.11074017855491756,1.16834268899827
8021,0.5761017036379898,0.18778430004390087,0.3041443963590774,1.4417497201560807,0.06557590575413313,0.7780843667139006,0.011149047083852559,0.11207115178981089,1.420302893993717
8022,0.6972352449377028,0.6356524810672979,0.5537681234340227,0.7855991545471308,0.3422927690538469,2.6090447541499446,0.18006132906612873,0.03022787173459801,0.30887018064756744
8023,0.634636454124822,0.40391616063182456,0.3926295129360379,0.043590803757673435,0.39569272174117975,0.017445629859570877,0.017115372934228143,0.11023849884849653,1.0807594534820153
8024,0.0960866572978083,0.7253496933918347,0.40605977520813175,1.4454142947563564,0.46943329315409393,1.5108865287664026,0.10785550163865819,0.1096744293804231,1.5177064295976654
8025,0.6035264867642334,0.014996827952865777,0.23373623582671954,0.9944238511832586,0.45767433378860434,1.4134471630929153,0.07171683387664393,0.050255125466345335,0.24337949355843658
8026,0.9003563371747185,1.1591274858416594,0.3798847991839184,0.8137724372406897,0.5756337635867032,1.096942246442942,0.2579611305884912,0.07705707474307395,1.0478091426232377
8027,0.8830618427338153,0.14647048948166344,0.021133003396811068,1.0166464741164472,0.3949201133056006,0.2926837138845946,0.08498371494375624,0.08484948231332803,1.663305060103336
8028,0.5723515907078995,0.03722929332017899,0.06507208741827925,2.0649791115934053,0.20708391633154077,0.48098154122442427,0.2207855894613573,0.06600626272301183,1.1906942088273684
8029,0.30042058537935895,0.9719546382004631,0.4268060523034123,1.1576891803858864,0.4491510748711872,0.9725091249870866,0.26686485985685265,0.04785889608803204,1.068446901454326
8030,0.5516499885568411,0.4238069680868966,0.01580996704333837,0.18107585220438027,0.6264524818011514,0.9846341566109366,0.3683097613246932,0.09600458461216442,0.08312502191436733
8031,1.298326042805072,0.7659475796943715,0.5639048049148261,0.29113674592167593,0.6125337115612409,1.7478889266510542,0.10482104555838899,0.09956138947770546,1.2797171958368192
8032,0.013126232612412025,0.43672277076209104,0.08054707076134987,0.8369525590353015,0.5278112286773274,1.5712053533122472,0.10142373163498877,0.1466904211577293,0.16503551851466702
8033,0.8981038193294335,0.16508070855127402,0.3070482705950307,1.7719139866111124,0.2609420833378599,1.8692621587060143,0.046390042023010766,0.09471562203127631,0.39309523639766975
8034,0.755899960076831,0.26971967086374304,0.20371593866109278,0.5617175456433239,0.42520317649178274,3.0144721119573585,0.03500951046833914,0.12632139563405015,1.2136001130927738
8035,0.07694129313814063,0.026586887153902283,0.886836374207452,1.8461232228351672,0.7624261219940112,4.228947842567981,0.04388033381788038,0.05678456537587963,0.5833884336204609
8036,0.21273026358488248,0.8588609461910421,0.13640487239868954,0.9809132389823139,0.5756111751593015,1.856966578312846,0.08329267300671496,0.08814017652478187,1.0468384495617564
8037,1.5490053918765485,0.630878665278765,0.21443482860510477,1.4978659749827896,0.46475710043763774,2.5757185666819313,0.08570737483019114,0.09361304591520334,0.945906512136495
8038,1.177037419818399,0.3947570194510097,0.513989766435746,0.9223925386868433,0.7046015782158892,1.1440856206485188,0.0033892417237300354,0.08586502246589094,1.6817132141796796
8039,0.866048992626143,0.3968211838407707,0.3895698701357344,0.7096356843779924,0.3861355043853648,2.532976150566199,0.09114150450415288,0.09837933837781919,0.5360273664438312
8040,0.05805249175290372,0.01436393586652035,0.3749685145213149,0.4205029575657705,0.19402605945803142,2.300416498528707,0.06398605118692353,0.11005189495893829,0.6331241556774724
8041,0.9790334938535141,0.9226204300519092,0.37124391899612014,1.0670503009603705,0.4972753733346172,3.471497571623731,0.17632323237293834,0.08916807239853095,2.3897693440549723
8042,1.276673665791431,0.02734660818603979,0.2478896380666356,1.329537742612632,0.6679668963611209,1.5526497748653756,0.1015711235335552,0.10902115473192381,0.4680667170144754
8043,0.22739889861311124,0.45462218161215856,0.4179420536350575,1.793191987017883,0.2784075935248933,2.3829827894529356,0.16936344587680424,0.1263511204897008,1.5169343597664229
8044,0.07344733046987431,0.9407527835539651,0.49480745864070813,0.7748804080328091,0.2802371225905819,2.480274188413045,0.28830121479561027,0.10529099545958664,0.6919991906373505
8045,0.14082957094049048,0.038217488554909584,0.6955896405837816,1.1797024518188823,0.7550417000145759,1.0223474295437494,0.11666752435257569,0.05602057490889009,1.3305392937377882
8046,0.4776668718416558,0.3328314451914274,0.07855464256047018,1.4964835408019384,1.0264472087647274,2.0410539034082844,0.24298120512812338,0.10841482618696542,0.7802433097492257
8047,0.7521098213423207,0.7227257966818743,0.3295194362583314,1.4183338938429526,0.7834600863832326,2.324322242497423,0.22694282905112184,0.09576975687592632,0.38295434185095206
8048,0.1862343437426054,0.3704157305453677,0.3695893535600508,0.8322878843613762,0.5215609776300297,2.351784826692552,0.18035563677652286,0.11098446688396783,1.31080112020444
8049,0.3715301615943453,0.6075376513983584,0.34546213463304526,1.0535736916005483,0.8606104459237509,1.1281804878994648,0.06828895657900784,0.13984943992549723,1.627669872401748
8050,1.1488239136436051,1.004494452078405,0.5108563259061021,0.1774595260092553,0.5381773210480718,0.7470576453312773,0.20075323844466758,0.06013397325174843,1.9040266649282476
8051,0.6956838957435892,0.6603348191098467,0.3052316084676499,1.101834375295728,0.21621877792482475,1.2742854279295281,0.09331966652502016,0.09432539479447655,0.7388287185050377
8052,0.6367202555551981,0.030020431356047095,0.1139992924559278,0.5772439180352511,0.607261664324175,1.7183462204927238,0.04370472901781018,0.096708191903465,0.1796014425564879
8053,0.6338430448082113,0.5949179836029979,0.866485538030588,1.5522795558247915,0.49779997344589405,1.4604670082250957,0.15034564617969856,0.12785614839762768,0.31614228267490363
8054,0.15450546284792924,0.7500302517518873,0.30633434197658654,0.9191902405368589,0.6935207515250583,0.5862336095417859,0.20889753638134145,0.08451250470478362,1.1915002239976915
8055,0.08683753545081144,0.8586263818518594,0.47523851222594155,1.1708964189081634,0.4905991065352298,0.29171444150890546,0.09222230697148075,0.135733547327126,0.9208641246353082
8056,0.03228891290004354,0.8503445558988596,0.07856560367499221,1.2315138060610522,0.4071208476864187,4.323183129148634,0.07294632909544549,0.10552193979287058,0.8672785964480679
8057,0.35696774191579805,0.3248368460968341,1.0412578762774263,0.5951966010730693,0.5676199631703428,1.9924829251256313,0.08437704391264621,0.14234424491872044,0.5106456322876889
8058,0.5811451297151135,0.7030092262027973,0.376812648425995,2.554936885091982,0.30056773937129855,1.8536007063424935,0.1534879282725518,0.08016600488447037,1.0775037821463636
8059,0.17240174650376056,0.5959329267916462,0.8048296115327286,0.7277853436907041,0.7293174610773945,2.526241809362437,0.09402226673208242,0.14002435104280542,0.6315510420740642
8060,1.1385491701391655,0.9247274099264704,0.5353996379780761,0.8531023590841593,0.2589776416211095,1.1160586309546572,0.19409003963260724,0.046642826428120725,0.9804643799010515
8061,0.2316000951202023,0.6283699672170467,0.25929542413226186,0.5894891096142689,0.7414454705756017,0.18484136399591877,0.20038224006095626,0.04943980814598152,1.2622308157959319
8062,0.18380636318005428,1.015713512468742,0.5504526576462705,0.2174562482375002,0.3122700373320251,1.8392645550959057,0.19078957626187407,0.05085607055481106,0.4405227887830758
8063,0.7517727638039986,0.5115480928643762,0.4866782067745082,0.9393379052271834,0.8011904968149416,1.6199542931709894,0.10839858755382462,0.13602778205028304,0.7771565249756215
8064,0.27440783996888884,0.26815829607850106,0.2806277468809306,1.4784144881454182,0.39764042724330023,1.2239042769092525,0.07993384606094,0.0601867321540695,1.0284924056234472
8065,0.31216527531924243,0.1703130466364046,0.22386722735810421,0.6759247725033088,0.5052015986879311,1.6622568791398926,0.1170618821926383,0.1600631589812796,1.3745984308751433
8066,1.7141966501385277,0.31228160711807273,0.19172254513126338,0.674621002242145,0.4499777342106013,1.8826580508994697,0.1153350354025233,0.11258807960605885,0.5112473151662302
8067,0.7710252754819568,0.4245924150589111,0.5489299914032066,2.0862609768420612,0.5292373068642554,1.4881603105071073,0.07082177729632268,0.14050862255332106,0.6268946264019211
8068,1.0425834664722453,1.8551171471501702,0.6579654874281908,1.5481076229388862,0.5552657183341116,1.1381042737792733,0.1627846860926719,0.09928398585462483,1.0824369629196666
8069,0.5713364166360324,0.26570742617131077,0.31946131344578255,1.2978306367688135,0.2686083537522457,1.8800339315279662,0.05360732301290365,0.07447296633169433,0.5257875329977357
8070,0.7140590259730719,0.6503808034914162,0.2814452969831914,2.1786524892733907,0.397459459749682,1.0717042801778853,0.08711453737459962,0.08165445343444104,0.6048159767308572
8071,0.2937285040761991,0.696432126309736,0.46129324569065666,1.6607467721668976,0.5863588694920872,3.052900903206484,0.2725417885924937,0.10534952013573105,1.2445559265050654
8072,0.9219647858099838,0.3368164624713523,0.8365891820935161,1.7838836940706377,0.46961912435750314,0.7152896805758201,0.13811870146411398,0.10679923247541312,1.6455450292332823
8073,1.16591376504099,0.6453316875331718,0.1489299751995734,1.0102925738752997,0.3610715042345927,0.44279359587258016,0.10952597991270063,0.1228354006568178,1.0402569553005805
8074,0.07449392331881308,0.4264940785422374,0.6742012027137744,0.8740233237749165,0.3495412755537541,2.258033203634888,0.03307069081258536,0.099362356500927,1.8229573347421089
8075,0.6838218576621236,0.07887171182070257,1.3520545441091754,1.5071420796294261,0.5300157911075212,3.2985642818792273,0.048668232686187474,0.07905264456927444,1.296694889389975
8076,0.6377496509780475,0.21740401800009815,0.3330005883925285,0.8764058848278263,0.34796544861624856,4.103550848058956,0.026502059627955987,0.15400108830700796,1.4239596921467526
8077,1.0765966602964054,0.5867841972228507,0.48561205658121476,1.866575509847248,0.30505651759115404,1.952404424969435,0.12199631458128649,0.16636432978843535,0.8810381244030675
8078,0.5258802188841263,0.3368405900605806,0.3453250291692761,0.09954536672514647,0.7136566088206292,1.3596806126498915,0.07762794142039996,0.10776053259282048,1.208007749618668
8079,0.5273832148418127,0.31219185308551056,0.3041147753282277,0.3302450978616227,0.6654984278439774,0.430069357134373,0.05920658745444476,0.08582155155997971,1.5405701509354262
8080,0.6146959382086257,0.6760414999872731,0.29352041858431677,0.2827156396408014,0.17728588106000787,1.0966809625762088,0.234933750044862,0.10529263710867287,0.9973737474175296
8081,0.4649621743224127,0.39539451226938477,0.11267710713686649,1.3838509879165846,0.5226867553806551,3.0060248771554576,0.1750794059085944,0.09893324632666538,0.8711193209072876
8082,0.507298362277784,0.3491921521413169,0.46777957138382653,2.020480975661912,0.76298350730508,2.2692637394784674,0.13616043710861253,0.0019976415835093464,0.6271215926796153
8083,0.952128645941619,0.07550000342510221,0.8274647652445215,1.5577837796215075,0.37394813008156075,0.9497396321567566,0.07410747490585161,0.05543415328335266,1.9833895448598409
8084,0.072440540742293,0.20135730582338274,0.22859896413723946,1.884683504536531,0.2926742796399766,1.9862184960064138,0.09459348252852878,0.07901212841098004,1.7405174398858438
8085,0.632071718896269,0.24187363683858265,0.09025723026504229,0.36266936410878214,0.4773312293908977,0.4868999899986075,0.07632673230336148,0.10633954774813212,2.227200205059872
8086,0.5273861083290852,0.08892896176293813,0.2749924784351361,0.776255409598509,0.47852799204851,2.5811460266011967,0.15257373331386398,0.03386682096974268,0.6264472802385777
8087,0.5445213701493221,1.106785233185508,0.09355404886858895,1.1419084259178218,0.6258664828918885,1.1629357221070145,0.13669134368441832,0.08053720454081681,0.43152482637519557
8088,0.050305157010228224,0.8349027632596643,0.3502260609159632,0.4683722414071237,0.8615969949994574,1.8962323368946647,0.067479067989,0.07296226601042527,0.664397042745763
8089,0.03495705857920531,0.3527779377768698,0.38608873054029397,0.62089875369982,0.6069996303864119,0.362879726560871,0.06837278178134971,0.07196449145523405,2.625398801886094
8090,0.6491512812572184,1.1521061091651097,0.344791525449407,0.682301770032079,0.09549168274431641,2.4970234205974866,0.023065422596444285,0.06115915839020679,1.947095496592646
8091,0.9614392558746121,0.5243485786577413,0.09503901012113197,0.4422864107391641,0.7766596468201292,2.167926500673737,0.12295887221529,0.1297037594687849,0.2043768512214147
8092,1.236932087179844,0.06729891048576125,0.3292939288851885,1.213679041664358,0.734125296751353,1.1380984090757127,0.0025938041306366316,0.15282158490850672,0.9192778919841759
8093,0.1677442734964224,0.07635565539572542,0.4734196950556886,2.1871234940934596,0.7410473895562775,2.319447921023519,0.09985051755553165,0.08176228403326732,1.0030174420466385
8094,0.3283679427955495,0.12091180746897867,0.7969738273013109,2.2132150162113224,0.5532062349889546,2.298635934086257,0.20303755475827784,0.06583609099404496,1.269238921560922
8095,1.4062511937821471,0.3008791836346498,0.010134634433286327,1.2336571945833672,0.42154004058857625,3.276213501000945,0.1319936963249284,0.05319465897146685,0.6441374353929334
8096,0.16951755291648823,0.1511095956077936,0.20149870054997043,1.1042707868134825,0.7271190735659692,1.6046541731697437,0.07857361520458737,0.12170029243876387,1.4014846265717058
8097,0.33402266604958236,0.3310617724809561,1.1569953451357342,0.42766847752278425,0.4308745729633355,1.7622299187558719,0.0007823681066963378,0.09109454351363819,1.2189038901365865
8098,0.2708666191596705,0.8251925947855304,0.10594917075197588,1.443160251675742,0.7176766788289994,2.4137883993253713,0.15456255443901873,0.09352951879830243,1.5798965788758452
8099,0.38570622358341283,0.09291818727232748,0.36036378723360496,0.37688302861113554,0.5171329004964522,0.6514585735962459,0.007536954245204397,0.05733188553544231,0.9491640464556295
8100,0.43632993727959135,0.5031508717434812,0.524611178576672,0.3072704020801227,0.38668526961546756,3.114789953193166,0.03835747165657734,0.15143339047009927,0.5191437127618785
8101,0.2581590612546371,0.41928087762345734,0.9830868280278716,1.6369578385118824,0.6402520463544797,0.9590804893493544,0.16550767791333804,0.0731674971376684,2.4201591152149553
8102,0.020832099881886335,0.018586545125491127,0.1439106225074976,1.5136637026856703,0.45882961081662815,3.0315912475989233,0.035947987004418966,0.07454784495069178,0.04005752156428399
8103,0.13605583544312116,0.4708251073975021,0.6207087461459067,0.41914340572088105,0.8749746071069855,1.6379405127242626,0.08057329134114334,0.0631334616200371,1.4005937924513978
8104,0.1661973359969763,0.9588121611804503,0.07352269263470557,1.2151092582359855,0.51938409495212,0.8323280629886952,0.11483251304580677,0.10055054120896738,0.6835753287079178
8105,0.4226309762548305,0.5634533802818655,0.1149883858211797,0.2642585245256799,0.530640441825376,2.7110969985142024,0.24891893043836344,0.10553333438059524,0.5897451955509716
8106,1.0387582807742508,0.15243946786692794,0.1974771940313125,0.7334377312337659,0.38065134665827793,3.1083671893000733,0.25303019914299485,0.08379540900962616,0.5812141219377831
8107,0.016302118867722537,0.2688425394832467,0.8573838150879313,1.214268509720881,0.7460769434998595,1.8402880259212342,0.0638652181673838,0.10582192093719656,0.5321045971651411
8108,0.46652382150874566,0.20551229730926726,0.6093760962741863,1.838771069599479,0.3070975082162557,2.8090757252945666,0.2564683148311377,0.10672883064397591,2.4024257456471387
8109,1.2926189671578592,0.1769757708155318,0.014824427690557807,0.6765522551537935,0.3142430408811956,1.0864195381757265,0.13046963541244833,0.10032439416183968,0.9637806857903218
8110,0.2972167138909908,1.2819784365066695,0.1266399924982905,1.2797610337413967,0.4827782874696436,2.2069756003614285,0.18544376899696025,0.07696767144884221,1.057739870839907
8111,0.32328442348782677,0.42668790832724945,0.18647277581426092,1.007647826123187,0.3872849126901164,0.4364013261801172,0.2034425710440515,0.0697086590851229,2.083258701437548
8112,1.6278787052949883,1.0165624545260825,0.4996531029172738,0.6613642049715979,0.5883180636924412,1.0695389305584757,0.22872103606115707,0.07695276645885167,1.3050720987276736
8113,1.0078020415610214,0.298774551505895,0.5266342763484217,1.058549844873377,0.13697024412933823,1.9232786597562515,0.0589047960126474,0.10487147882074015,2.3079547195745853
8114,0.4028365782380639,0.2664209766981122,0.34228407922705273,1.7546693619359575,0.3618300526406028,1.3086910446953526,0.02431661306858178,0.0945122395768504,2.083312987026696
8115,0.2658699235817355,0.12752975600097316,0.30101869812455856,2.1336622186743277,0.6903284140126131,3.24371692478025,0.07244688520290785,0.09014055183936436,0.26159247568668
8116,0.8543300245067651,0.9268830617944959,0.8692314285315796,1.683011813320801,0.5111419680964432,1.5982259212239824,0.14119619249793894,0.11294334686976822,1.4572366563824497
8117,0.4863833320972404,0.26059982786006514,0.4321605785085861,0.17308241596839113,0.9043403252107788,1.8867750944771995,0.10066266087364888,0.07586832905248032,1.3869223943317603
8118,0.3927666296036488,0.025964887933069947,0.5251894964934866,0.9451629580865146,0.26476792557366824,1.420462630611663,0.09782922395591273,0.12509802822411506,2.243545361528329
8119,1.2465306703376933,0.14041740446111908,0.1614838014379136,0.7877687010514535,0.35152620890666053,0.32114845802919234,0.13875578909741684,0.11293268536814863,0.30196585059011216
8120,0.5899268121534295,0.20883929841041562,0.6268873703861066,1.6470884839478297,0.3738745003669186,1.9105044052112052,0.1916086752753296,0.1230374794307261,0.13050973613570727
8121,0.12766177357522895,0.7235834048231113,0.5468314798315469,0.17925906076410436,0.48363394869027226,2.091660639664343,0.02503522204768127,0.07304418978362036,0.8711604819121448
8122,0.7676422038524804,0.9600686436026298,0.072594206723465,1.1869030972293153,0.8049814675593037,1.7751533764416465,0.0815877771115134,0.09477528188437792,1.8350983695220429
8123,1.0139753080098841,0.6144532690892395,0.37472868711923557,0.4666503702280801,0.5357735665259763,1.920422984295954,0.11968033933810263,0.07020604807929752,0.15942029048478767
8124,1.359602326364558,0.6003853283972757,0.06062480896867112,0.6957528857427726,0.9131271800566326,0.8812190803238027,0.25482652221183494,0.09899099906104496,1.3601551661702596
8125,0.5214239790204827,0.6201267220035729,0.24973317531681347,1.1984504308634807,0.33514383624611344,2.2274865173132716,0.11898420482678462,0.0599247276847185,1.0906859177469674
8126,1.4042278535767723,0.437934810873829,0.6119073528027279,1.2184136263532577,0.6813601542222137,2.7320243376531774,0.03440245114375748,0.09743417878867909,0.3573201613361775
8127,1.291789757617776,0.3743113511508008,0.78444279987453,0.6728414609362416,0.7463525996739414,2.9083352295777805,0.13017783425015708,0.04511685134399779,2.5578273731290624
8128,0.7407080025353406,0.29671889917004124,0.49206947656561567,0.25391968883205773,0.1909604199808006,3.4036403420581305,0.01415117076978993,0.1177012395374915,1.5023801339727592
8129,0.6993118481098201,0.6649120822341544,0.3742476738271722,1.5346976350224466,0.5044037063009169,1.5954739202942891,0.04937312046722757,0.04460200843691698,0.7969859579067129
8130,0.6409093296050502,0.31009391451996454,0.10790294879704329,1.2634323854247809,0.4095375708303919,0.9687382949363154,0.05193799807147957,0.14189496169749635,1.5353228185369105
8131,0.6526165525031458,0.27926329904247904,0.12911667244786718,0.0952278245607785,0.3082677410569488,0.8799730087688696,0.12755193998863723,0.07108145173290191,1.2303738952783423
8132,1.033327936028417,0.24031793102814833,0.29312415852509976,0.8499578966019214,0.8040193549989948,2.036576433504354,0.0013151832053096557,0.13839481120963465,0.962612885808944
8133,0.18925012966682153,1.2999579244466197,0.3806334923011995,0.42919740095218506,0.47174741190261027,0.6077755082664216,0.0881726844313453,0.03366458939150406,1.7077737522517284
8134,0.24113153536851115,0.06568128338619289,0.2639530372241893,1.2420918374040286,0.5207562027463802,2.118088285677892,0.19223422244388272,0.1460623372180971,1.9669866549189858
8135,0.36721069011440766,0.5339135011427598,0.3387117140746295,0.4913483979182734,0.5081245048530193,1.6038895912921391,0.12773190428613146,0.07390620291945636,0.9732779297864121
8136,0.1269563932532377,0.47891053787152194,0.3260536126712614,1.2410848310003746,0.5616190150289689,1.5352690496849652,0.10551963137842268,0.03987666910258773,0.5788669841106483
8137,1.2770676449098197,0.04458719989170001,0.45978544221631135,0.5453552119727227,0.4259812593424503,2.5962570785304933,0.23748626582812588,0.07446604846259378,1.2521322643927268
8138,1.5805182185856064,0.2517022780079051,1.2795214752576485,1.6237458026848266,0.9754292546670427,0.8451806571619039,0.029498244163056478,0.10683198250604804,1.195899067973173
8139,1.8273881766546505,0.9787971761462193,0.15298432788268018,1.780586018816537,0.30626139064046065,2.278140314830751,0.15855086008077443,0.13232574744052797,1.9630294817656841
8140,0.45869939823793765,0.6000403442274951,0.16657466076087962,0.7306211877821699,0.47074470800751006,2.992760902484961,0.0527750013243185,0.08534389609700542,1.2795939195336832
8141,0.013720926930654298,0.6385074669540847,0.425468266170465,1.477475752660066,0.45049779391540573,1.259893268610887,0.16032038511302582,0.04862692991585853,0.37402291329783427
8142,0.07290240945991638,0.6804463042141558,0.44707666236024657,0.12615266194759878,0.4592329518148652,0.6485536562605416,0.04374282174747657,0.11289489555106788,0.7279747666947386
8143,0.57608165901213,0.10631525736374545,0.44565968097449193,0.7947727472671078,0.04285677992834058,2.336569793950939,0.11696673342332543,0.12951579563814303,0.8318965556650357
8144,0.4955579567970595,1.0010806249554718,0.3921895799091922,2.537046955984767,0.21795381250303125,3.483186205146067,0.11195535187341384,0.12440205528409695,1.0627642190099338
8145,1.1212620304004068,0.48459540154786546,0.5243650637992701,1.7068801457551288,0.5198940228910743,0.9495294894576565,0.08454862643059868,0.08948979390406941,1.4559830828843732
8146,0.9328444178373156,0.03199524660787273,0.46080604267107694,0.12504160487795668,0.4511949530168324,0.6551178057146945,0.031513207477334895,0.07612442645401832,1.535475315345638
8147,0.930096097692312,0.7700344906956099,0.22159055851781279,2.0603503353841877,0.38679203199936585,0.45850670334744015,0.003428964438827606,0.13869018884706405,0.6169348812544335
8148,0.4017653787182728,0.46555685658273416,0.07837269740936242,1.3078951041920082,0.38326599877143397,0.09136972800136056,0.20527102904704736,0.12159244751426224,1.5699505266265636
8149,0.718749626195557,0.7216571267695626,0.5149361303101402,0.284651514915114,0.8931803055950427,1.2425170573360287,0.06346245608258717,0.09146524407962792,0.01364130657235596
8150,1.2436669018987272,1.1710820926336156,0.43618057351879125,2.2233523381031746,0.5578401629652386,0.5417382616846484,0.17729737276723267,0.12343331432087379,0.37985007439754637
8151,0.9883894380764942,0.7103928901041572,0.28118613474771204,0.21094670359828893,0.4325663905416723,2.0813359370809925,0.23590448243005646,0.10974760404444138,1.6693645755115607
8152,0.7051452433276776,0.18106726719958752,0.3472531945618438,0.36720288617792773,0.23913479992017006,1.2600027990788294,0.05443753064994609,0.11000576903228163,0.7976166112310603
8153,2.078513839818494,0.8968162029317828,0.5735825192664331,0.24174398862024282,0.6982574963312838,0.8143068044233933,0.11684659282231202,0.06288943858745125,1.0735299277866555
8154,0.31844275134843697,0.677055047602543,0.9456523390192253,0.5348278980124925,0.36695281312603345,0.6849662375389773,0.1378636502728886,0.08956942817687602,2.170833150505194
8155,0.2238548349324123,0.31934302697138217,0.035079269101824795,0.23983771351405536,0.28921450958742845,3.281111204158285,0.12777351061527714,0.07836443406667104,0.9533514369083335
8156,0.6270574015399142,0.7744392475876667,0.5252462449105681,2.633185766301839,0.7288834345637702,2.1279477411075636,0.11222323615401252,0.15449078043451472,1.0041465039303505
8157,0.8415641623753967,0.3780048007990905,0.4454704803881883,2.5519717367550863,0.45081632691227225,0.8977194316479805,0.12358382118443435,0.13905311105580487,0.8643372132609568
8158,0.9878489582738639,1.1378559671215693,0.13260267564569456,1.0743340660174296,0.5072695772014881,2.2018535611329586,0.14599414452420253,0.09649741692198358,0.12722713037038014
8159,0.07317932814223563,1.3055301156446497,0.15208030818897425,1.8336178447034823,0.446271397462392,1.0076574419182418,0.2784928891569895,0.052132765927777956,1.3901078585718227
8160,0.7396989758998699,0.29415904829993345,0.3686869940699964,0.9222391378229633,0.09832759618035153,2.411321291962476,0.16588139326585166,0.061743399161823004,0.198449848677682
8161,1.332429088324627,0.49618554771090817,0.7693488395863324,1.353628878788517,0.5857267217852429,2.662452032630671,0.058674820380284945,0.07368198970238352,0.6050818013367038
8162,0.7278968618405703,0.11652169553269043,0.6964384109947601,2.660769768990368,0.6178978518782904,1.9933193972888357,0.10732757773265385,0.060454526650328064,0.2726447513246639
8163,0.8013481848966215,0.2619994872635321,0.22371826423627045,1.9132882876756372,0.3205729267246826,0.38097284884675786,0.06752627557653554,0.06616842315540199,0.74840847123316
8164,0.4691509033546376,0.22547436426255466,0.30185240735362123,0.8488151715844238,0.05937985213414493,0.7850611828250065,0.1454082687145113,0.08900820261180423,1.5121670576565776
8165,0.5275827031724215,0.4211998113883569,0.7103489995061028,0.6919823156827636,0.34304639065558973,2.6894850603078724,0.1237885849122228,0.1430769519743587,2.250055645446711
8166,0.6541197405381004,0.7076204384586713,0.2774950515668163,0.398139881115107,0.15375499013452343,2.4788819599614276,0.23671420569183205,0.10392240148572345,1.2987606951200843
8167,0.09333191377695885,0.3873626358917397,0.3772435003487777,0.2782446605865202,0.4262169693261459,1.0032790556109994,0.2033839812218332,0.12413117850972175,2.06161217472457
8168,0.8571009117683173,0.7250249062874492,0.4936316088679502,1.8952979452529606,0.599614415474635,2.358517440026367,0.023767969916052956,0.08028067100398113,1.4747560304335359
8169,1.04579806701832,0.8143589490227972,0.08728223333444238,1.8337324544932514,0.35816918010462306,3.388805298709617,0.22421314108002094,0.12106004167795562,3.3955067558514416
8170,1.337407962870618,1.0768708929726096,0.10481231171909944,1.803381352177766,0.1992967113741278,1.9959677316315463,0.058013194866327195,0.010926892239610575,0.7021492256679764
8171,0.9810115102597952,0.09912162639959038,0.059575039193501045,1.5220808478138799,0.6077810400448379,1.7759083153322437,0.21079191775604783,0.1583240467939726,1.6466882086061614
8172,0.5295355955530449,0.15851407060175793,0.4265607397519889,1.288126289306454,0.8853691225653758,0.866105259061996,0.08173285994498562,0.12185300159173472,1.2543154713909668
8173,0.9583960568688212,0.918577906367086,0.15286887291188997,1.347815953205968,0.5950294750228956,0.25306805606121396,0.15152656673641268,0.09109082046109032,1.0928895756367967
8174,0.8437895363545869,0.7036906776248133,0.9745660516792337,0.2010060316514064,0.4268210811893172,1.6298394164384902,0.3184030659949382,0.11331023971318151,1.6350776018714717
8175,0.6533281734553664,0.14794348141585426,0.019330823319262946,1.4822215217161756,0.6526138324569235,2.0527761337680723,0.08596534814826888,0.08728614701951658,1.227797121367784
8176,0.7948301841835801,0.23630575625084355,0.24781439272448574,0.8421883621048143,0.24052577028425082,2.349434083050235,0.21402636424955418,0.1185936735175579,1.3969217235187934
8177,0.9853156110253396,0.14305001457332162,0.2659748951142992,1.1149094183585881,0.34918456049781327,2.1955895985910177,0.07128781659353878,0.0678504721481155,1.7269580717444715
8178,0.10664076980362083,1.118280169923671,0.4296760088125293,2.309801031482293,1.0533230024792537,2.2052847443596777,0.27584439983850095,0.15005265119051686,0.6658017339518811
8179,0.15124913383924662,0.27649615285284984,0.9044895008398799,2.0630206956907067,0.7815819904504984,1.5108361037567275,0.10406386908269646,0.07317563602158185,0.8649013253712236
8180,0.9688992360933606,0.16131499260756582,0.35179303951855256,2.4546801622798,0.5881821872266654,2.5296826470386216,0.07038992736117167,0.08838365274698175,1.2139108719338347
8181,1.826860811999124,0.4146601689531877,0.3558026814725966,1.2105324853840274,0.488499456424752,1.0539245655643712,0.14390131184835278,0.06395058410595737,0.352980431944353
8182,0.7236796841899986,0.7543584261533685,0.210892527766727,0.6738153221962602,0.4784401958184807,1.2103342464700364,0.2396275334439133,0.027904488273617356,1.554909778696652
8183,0.022277935590511555,0.2893537285746283,0.2591406406365303,1.1771707725356721,0.6323702351584422,0.6521763182056552,0.1390539192051453,0.12185010789316,1.2388957132435192
8184,0.721121268212148,0.020906786363644903,0.5468371579766793,1.1127492567909383,0.8664894483578857,2.4267372264225324,0.0967522601527333,0.12067298499042736,0.0022956253968646756
8185,0.35957984981912444,0.05105354542126195,0.11013089285067781,1.2507237542472125,0.27317416209005485,2.8067987070668883,0.06695315297162147,0.07102713148839376,1.7557583653655202
8186,0.8627430407763672,0.6135686199195409,0.4285739243615506,0.22027882299358237,0.6856504974677176,0.4273091058408054,0.16489322542639978,0.06531048441311943,0.3917560103134998
8187,0.4294730117522014,0.41064778722890916,0.05655891060116314,0.9575861077285803,0.34165199338252616,0.5245552161231617,0.01041179152272717,0.05939193200760003,0.26697434957440513
8188,0.9957411597858727,0.9087146783406281,0.12133420160583605,0.5141442138989607,0.08686567438924231,1.4439325093630255,0.14955913362319634,0.0535696142874926,0.5986385650681834
8189,0.2642925262234001,1.3147717506448249,0.6120327617470429,1.2435714837979681,0.9940527119374272,2.7507495324709197,0.042447604498665054,0.061157328580363844,0.38936716375882585
8190,0.41201307324765113,0.5561230623907597,0.2090831962895685,0.6348499850734977,0.5333225287323679,0.17230338677307033,0.16280531809432547,0.06646133392292786,0.06567047342851728
8191,1.0914123587912923,0.04105663251510583,0.6443970345232424,0.1987277400197377,0.6193427687009585,1.5093770460661742,0.08290635086167224,0.09820222231312385,1.5727828997145714
8192,0.8267798657640013,0.831024710328604,0.4483007551196171,1.1470113497647334,0.28290482961670826,2.1801103888088305,0.06535725902963646,0.12324343680834708,0.7855597648863583
8193,1.1942290898796288,1.2543178716431131,0.4171816057523309,0.418233240168988,0.2749806451217429,3.899705512077249,0.16842224470923814,0.10714346395304393,0.9810667110661211
8194,1.0517077153526286,0.6901854331065423,0.45884223673717467,1.118098936926686,0.6773786551878663,1.8728579916714703,0.18934035336752197,0.14733711092083984,1.064552805145784
8195,0.5934814640497101,0.7978651582567994,0.8679556260879655,2.1373461240078675,0.3938667864934521,2.417198893083909,0.0756948124163569,0.0657087071621922,1.087171985467008
8196,1.2624443349235854,0.31616841167086973,0.6903391384859173,0.9299403777518311,0.25354735928165234,1.5903808194773323,0.1502241661512,0.13670118761007152,0.7851061307295268
8197,0.6418347337975343,0.38635490534199723,0.1413917438393284,0.13870004557128668,0.5687784019008448,2.102970302469635,0.10101348236389911,0.1204821703714649,1.1092717337101863
8198,0.6892121705078129,0.6681136580091928,0.8813290777116927,1.4318490432356064,0.33850679235845293,2.4366624086148567,0.049311751398282366,0.1137680121617051,1.5144683746714047
8199,1.4872777270172155,0.6071445847641076,0.37867629115861334,1.206586276950398,0.6856893425577236,1.9563216141076372,0.16591295116692928,0.02273475945782215,1.4017275479262095
8200,1.20073396336536,0.1609934334270598,0.30981044538982544,0.714543086355769,0.735267876338493,4.622658889097163,0.1594960413582668,0.11408542353182319,1.0429719188775477
8201,0.28743920992669403,0.11414005885391523,0.4661005640766434,1.9783660338489018,0.4641254976612058,0.5082047446460649,0.12236031262571131,0.0006533267035303963,1.5188009915777032
8202,0.32003331814429337,0.20199016958808008,0.7089629744876047,1.1961779450938383,0.6042584944617874,0.8847376475510983,0.11086833031379756,0.10101026561706802,2.154100453316655
8203,1.6989418431229781,0.7090346716284894,0.4683645491810656,0.7934289359812841,0.5332394442289593,0.7921588245165221,0.10686433539909534,0.09774302187463166,2.26792323105696
8204,0.7397364552525569,0.5888648443911274,0.1395622985178435,1.24806120779196,1.0087067835175807,1.4303207825954312,0.09908364257791803,0.10492084425980902,0.8721691760446645
8205,0.3252860574420505,0.15678000605225387,0.3423281148119098,1.9426369521933222,0.881563261292481,0.7331575975493603,0.04268241611793776,0.11642031080466386,1.7036197446757044
8206,1.2947745418648482,1.2628118596157416,0.11294977027422626,1.2566067395533798,0.5614659790090389,0.8215666463708577,0.10288319464194741,0.09984571875020176,1.2646285102902532
8207,0.004188441647480501,0.3694452789992992,0.7608081116632659,0.14991869761952148,0.3888520042552971,0.05935122773163437,0.1036151448358958,0.11607511630020484,0.8861727739145555
8208,0.849308670290714,0.5853930755446037,0.24800253257305965,1.0571803434214015,0.6962155598679487,0.24425084205139647,0.08522308057023946,0.09542126660273649,0.6293318010781584
8209,1.4139362770923896,1.1716058259497666,0.1378664158649822,0.6863601244554662,0.39997338490835865,0.3071642091237874,0.07688564906109073,0.024623812924910574,0.4181419964729313
8210,1.1853930498336551,0.19465344192631182,0.16750871778995138,0.17855743225015497,0.41670795965961005,1.4955370799776022,0.21172290351874606,0.08725066463180312,0.05356969923515009
8211,0.2944457384394286,0.3042175277797781,0.21314503542987717,0.24668278617515516,0.5746678410119557,2.6850954610461946,0.11241159717835614,0.09787974557154223,2.4756584170750493
8212,0.061981184803464984,0.4732948297036701,0.09239299731654352,1.315639708239768,0.3889545195432332,2.237534662962234,0.09317881420185935,0.09681014207032596,0.33931906359966524
8213,1.1980917210861486,0.7688870810236182,0.23740581193127006,1.8888214022592957,0.6574132861445129,1.9080746245562228,0.011081040226456798,0.04698988675760293,0.7135500942618536
8214,0.17221119134119592,0.41583541797318374,0.39153256736414915,1.1490643198806252,0.5340289089437626,1.2623275993642613,0.15168611401330928,0.11942512421706511,0.8241710038683216
8215,1.2853795197454527,0.5336759842978703,0.09978609977339434,0.2368380144313007,0.314390745249321,3.2002031454822406,0.07003248638261989,0.08740911209859031,1.3611861224752684
8216,0.515205637275977,0.36631421636168704,0.11761726912058876,0.46385460379759885,0.351606865294719,2.293647264306152,0.29509020980756895,0.03701274331319164,1.6458621845974353
8217,1.221973111243167,0.3715946427272744,0.6733203356294848,1.4569121694222629,0.4516371786279554,2.8337281927216074,0.08380186818198472,0.07134386936808347,0.2944267269180746
8218,0.1886710179201626,0.12708049953735495,0.43714529436243493,1.494788806467464,0.5798878604575799,2.2377705337655156,0.3518047386187512,0.06793284542029507,1.2644125700573146
8219,0.5193217598810483,0.3671225146139257,0.7863070062009224,1.2670461731907232,0.4007341305762293,1.809585908046252,0.08680419972808368,0.13162102974091447,0.8578742043238399
8220,1.3850338637058217,0.6610945738342092,0.559038132929877,1.6348353771126725,0.7067771460147593,1.8143312111453518,0.15733304701508638,0.09249582737194688,2.0679437102011633
8221,0.025719578463527126,0.16911529023074515,0.20758743660864082,1.0374831019561936,0.5607875333769552,1.9539228016321677,0.20054105284662288,0.05910932997289747,1.8405094958937318
8222,0.5982524840412118,0.022212484954587552,0.14101761802831994,1.4516728250866433,0.2340772582416472,2.368636667698584,0.21033379442979935,0.057963092873475605,1.929433590738395
8223,0.5876721005768712,0.8789748494064709,0.2910575497964546,2.349186602275735,0.8953048806194965,2.8372204232656264,0.17462100272636977,0.08262129811004232,0.12037498199891516
8224,0.35985532571553436,0.5758537382695283,0.5932381990308926,1.0053135431844098,0.07529498284550756,1.3430616251422856,0.015841073327400063,0.05920747048040701,0.38267453734191004
8225,0.8023658170568966,0.07532556273468871,0.5453010707179399,0.44464694807434657,0.6096378978570519,2.35085698009794,0.22007933365591464,0.08311657755448548,1.0356853173927698
8226,0.6974130085896664,1.1470345171649454,0.6581423619534634,2.517113351558279,0.5290891898228118,0.9540691935674757,0.16091926850600397,0.121789599571169,1.4461090595535335
8227,0.1694690301779898,0.6945131006475648,0.5294989807995578,1.1101863534975496,0.597003624347259,1.7076018670986617,0.033635914764758565,0.08390919903924732,1.1562522605397834
8228,1.071370639677528,1.2552486765578235,0.7294077674100461,1.3176842014112649,0.6485372935460598,2.1533345295879553,0.043027851865503036,0.08565875743872212,0.2598364530009636
8229,1.8591899006786643,0.5114373848153326,0.3319000260237894,0.7086707637775009,0.5313678582943581,0.30408355684217003,0.0665341946471015,0.06617902929830864,1.998047599519078
8230,1.2698788440633337,0.3586912559434264,0.058627095386583894,1.33780288566767,0.3275655158110017,2.277134584297194,0.16961268272032615,0.10150013365924686,1.2517755724739312
8231,1.303142871778345,1.2073374227633444,0.42093079023235674,0.3650941429813592,0.23869967426017857,1.0306481436282906,0.04981815171511403,0.10132469438420376,0.929770650465552
8232,1.8002234141528033,0.45176355421923486,0.22533168204622134,1.8711139447709417,0.586691004163208,1.7527079379684567,0.12411949217519203,0.10031581687829312,1.3968417552685661
8233,0.6983458986890947,0.531005818101013,0.36267543812233155,2.0004003319154147,0.21071583521714993,2.173851963598545,0.05502772719180531,0.07779920023478523,1.2202777362933057
8234,0.32812423478778663,0.7594505639747431,0.11860920237399333,0.8376130575216006,0.567260914398396,0.8659745413210993,0.09211982548216097,0.10983737609225902,1.1343944653737439
8235,0.48082992709086503,0.01397669535265711,0.18728128932178223,0.47372756643088887,0.27168908676773196,1.2647980469946183,0.3272447812986041,0.11003791673880957,1.545128801424015
8236,0.7493208634630358,0.6774054219713886,0.19645471517211519,2.5282450098645333,0.5412433077360863,2.431885868601328,0.19483135537246732,0.10447156950285669,1.8299949241169509
8237,1.8754157909267426,0.21464348724026003,0.7176638412166728,0.3100189965212591,0.409978380517009,1.4065054768667884,0.33383125261019087,0.08431704278666964,0.3649419108646057
8238,0.9779637888791031,0.7702352616717125,0.25701726453924917,2.2734968826537547,0.3274865441988658,1.3609823423174687,0.12799065976212642,0.0709939991311025,0.6452050862436723
8239,0.7273181467521447,0.22160293397942862,0.48006443844751456,1.93174784925713,0.6441667842757139,2.692374850369994,0.08625481884889445,0.07393591181036047,0.31928415375709374
8240,0.6636603760852642,0.10225822294330353,0.34265255027975444,1.3509882189548876,0.26960435369086033,2.283593836409683,0.03273204487990196,0.12892830889357626,0.3740760914637466
8241,1.2477922347948944,0.36996308687031193,0.07112081300040285,1.004559582359716,0.284051638668986,2.4812996006659214,0.3219130819590892,0.09751119631329747,2.1731541351345403
8242,0.7333954376363216,0.29732459188857385,0.5241364831776636,0.8065744899864513,0.6294598083100937,1.730307132724371,0.05952906598226765,0.1220013072537493,1.3652217012872772
8243,1.815071752170743,0.21343781992790464,0.5633240730477858,0.16218707135525023,0.5212792715579732,0.7830409427921188,0.02808179449821284,0.09029930799819028,0.3038116333631732
8244,0.08675697363823515,0.16847519696696445,0.4581055741474652,1.3167510858260003,0.6459856858244817,1.3640411995446642,0.003335201855487191,0.13351979975817913,1.5660503811925983
8245,0.15101333380763285,0.23827093081927872,0.8066975565801091,0.882592334040912,0.25081781500748346,1.2394756149676873,0.1968789714336749,0.10920880643563903,1.199047027792282
8246,0.16738457864186285,0.5109915846388021,0.5115465781457718,0.23073292488138297,0.5941500700077386,1.7136734702930094,0.10177474993528203,0.06776689848518573,1.2615594609112113
8247,0.3439746375875322,0.5519066782176711,0.7538433960965801,1.4327033883442946,0.31463425176749543,1.5060062221786183,0.07112356020573177,0.07943158191909432,0.8739536893576827
8248,1.0282828278496001,0.8734510790973511,0.7576739378848967,0.10241424769717078,0.4307081077983075,1.875732814593194,0.011390343378261072,0.13434660998262654,1.0370376806275416
8249,0.24112149836325528,0.11336562814487441,0.13799486166163552,1.9460875704678715,0.37071319075110687,1.916703182024819,0.12399079354909051,0.07354685073663943,1.7713227268222258
8250,0.46946384241226025,0.48128132575881954,0.20743617517660926,1.5807966923939212,0.6521386308653708,2.1080430654656537,0.1304905435191897,0.12698847164569016,0.33248309883327865
8251,0.8428454860947481,1.7225841035068732,0.45710293980510125,1.6201172811066484,0.7762877591356822,3.091113839180555,0.17778907093604057,0.08219910121195788,1.257187727957524
8252,1.0760957627507985,0.549375765314166,0.09393913655875624,0.260200735660431,0.7492146241850216,0.9469094239251215,0.22002011481540634,0.08724838968170512,0.15955778462520798
8253,1.4943125344124457,0.4260876268534073,0.3553411582608069,0.3431223112709575,0.46697534701307886,4.821668032633147,0.05839692036102705,0.07673101989490691,1.1770509774577251
8254,0.3763853760439352,0.5911555213582115,0.37811038940567443,1.0865830072402365,0.7427774347133557,0.8700578185298977,0.1907705550008133,0.09663782942541904,1.7769207806419893
8255,0.9385314860645639,0.2757850597993162,0.2712131454684481,1.2597161573619302,0.5110162085799992,2.9054861034056065,0.1412412371547673,0.07494541055297545,2.2115616325659553
8256,0.008665655186557708,0.6082913769881314,0.11986891361485016,1.45937165518008,0.5530342072931093,0.0005443186297062752,0.21640944916597377,0.06788787447913464,2.2011439081420843
8257,0.7173154924483,1.1478085026526834,0.3780714883960913,1.8433351944280654,0.9479689883924302,0.24056042775593212,0.22234773635111676,0.0670982579743796,1.2448766845368626
8258,0.15427465530522308,0.5999991902573962,0.2934332706678806,2.9003057421887517,0.47480850216899395,0.8959813602162048,0.18562666620879023,0.05874727552532563,1.7412956330513043
8259,0.6730472276502396,0.6437198118592267,0.13087374459429515,1.2972582499567535,0.26428216348071265,0.9257220803994898,0.08423497170507604,0.05842738196394081,1.5303070271885155
8260,0.12247718652642817,0.3475240466729229,0.7782517289836958,1.7345569884234309,0.20080452598703918,1.790245830019883,0.0650969153582445,0.02044136403956584,1.1039800899555567
8261,0.026975057103026612,0.24785738044494937,0.3496579654328905,0.2060355690987704,0.5858341129801086,1.668129968502106,0.20753658965440341,0.08531813972894738,0.04758811523242046
8262,0.32247285713553375,0.42797780785141337,0.1840060508855727,2.005053999101428,0.36912387728443063,0.8514413864288457,0.016398121780258956,0.06284754619569968,1.0453529093870684
8263,0.7587936859239788,0.14521334221642956,0.3056661382787339,1.4927637586392386,0.26349964123925346,1.2620497293741426,0.1017386533086705,0.12022163745891055,1.5299260039433729
8264,0.3281048606846063,0.22034957374194858,0.5689061277513375,1.9278751423400362,0.0957634710309122,0.6502742921252853,0.12009722266497343,0.019421715757232852,0.8549040683069123
8265,0.8626002143237324,0.11622454039351088,0.4981152201637521,1.4085424528572066,0.3508683943154601,1.6980797610866905,0.32503202572005946,0.0978946248420321,0.4774146286668242
8266,0.547336912635461,0.6062971689241581,0.2526008419104214,1.5830240123232278,0.5062635819240823,1.318669184151227,0.12052768869459626,0.09313884682415188,2.2783019199335546
8267,0.20626788317539685,0.09516551764528425,0.2981208247144787,1.607122342313795,0.4130285901343789,1.9157528520771379,0.11414620187070361,0.1052335581212954,1.2073453241256527
8268,0.1793821099424845,1.1506232028210615,0.4516308575772534,0.7194349183099205,0.5964605160170939,4.025495074610685,0.1530928924909325,0.02070862584073191,0.7447910056007795
8269,0.23958180936076423,0.026523718710775634,1.0358440886068578,0.3157376295449258,0.6234744187093123,2.2230395878417486,0.1945724325191098,0.1293749877334581,0.9301699016818583
8270,1.007548771776253,0.9584239850032328,0.35034022643713947,0.9955598317970017,0.4293087201295168,1.3993202717158857,0.15203409855719896,0.13441160449497064,2.3820581133879966
8271,0.8574305540891771,0.004978948272078565,0.39462616310514115,0.5461211003772419,0.8618595977614643,0.7057214986063,0.2124113663636453,0.11105379131071358,1.8088187705431622
8272,0.6201515831312854,1.1337408005495864,0.3666518586781198,0.4533796192513345,0.6373885877199154,4.027357946445861,0.01954153750036701,0.11004462717328285,1.150391123235491
8273,0.12580239050485,0.38219932256440725,0.7860070911115941,0.31251682442552975,0.6054875403619686,1.4987307806720895,0.13673081767025952,0.1439027680487157,1.3611432989225767
8274,0.6372038040728729,0.761666915260121,0.3592888608449458,1.3290060032707178,0.506825451593044,1.305060522918187,0.21629931493061255,0.05425495581753791,1.7199842233793325
8275,0.15803797992035373,0.49923714688423093,0.5571535794919711,1.9638513331141008,0.63486312315477,0.7108741579096544,0.052908138116679035,0.10803356133422495,2.0287919036702164
8276,0.8003129965904423,0.33592250931759965,0.02593647592998638,0.9946752339727746,0.2067867109180503,1.901207676725956,0.051336989969313046,0.10310116703913903,2.6841213878988435
8277,0.3390996961598924,0.3975681704523697,0.05758296629311738,0.07847900587403689,0.5222623778233332,0.22294291343018924,0.07802009800149245,0.02531904195160599,1.0380089967350024
8278,0.07678869328953869,0.352291706572172,0.5225408642254927,0.7435550015717487,0.6704925560112662,3.4227280974441987,0.13000026183105795,0.08637979692079893,0.67242039520241
8279,0.4183379864492481,0.24121379816044253,0.2538805459421308,1.5770748307382818,0.5260798126109522,2.5857414915864627,0.017194913300822734,0.08305414063054724,0.10607966196718754
8280,0.6507429376783102,0.5850443923608786,0.4018608035700016,1.1205036320789978,0.05633607940520036,1.441475186679896,0.12554172230316038,0.06616442634238497,1.950829187641399
8281,0.6189811315384122,0.3782035062117288,0.13249004053863112,1.8537125358497863,0.37163242987172407,1.3073954608305354,0.08178008682564945,0.07896021714249629,1.5973919182787681
8282,0.8780026674909525,0.1790713758285346,0.6084944572812365,1.0184149716706494,0.6275362107393352,1.897667830754627,0.20085915359463105,0.10674787246203568,0.5913962343757575
8283,1.0009095627112214,0.046039256938323,0.6327948049210617,1.6033487981017314,0.889031614979443,1.7856167578057132,0.1832867116212141,0.07372294395287474,0.4080663216710289
8284,0.04251253379610759,1.2281834195029588,0.2629368105554464,0.007758425074292363,0.42680442938304297,2.592839960302548,0.08044597753710091,0.08716198499222966,1.2966371886723191
8285,0.8437489168231194,0.30134764435026795,0.19987438111416458,1.49127345793475,0.4667698012785965,3.3714448974151243,0.16285015163052075,0.07611871869964935,1.0555318414120345
8286,0.7030121550331538,0.04874351457067283,0.04935775930324132,2.039697587887951,0.4591175258282112,1.82616555699112,0.07774543123074923,0.08989592376938618,2.8621771911982523
8287,1.4037803212184237,0.140081123533583,0.29519317102429515,0.4968607093411664,0.4510661848953681,2.9125452356062516,0.08360796595149107,0.10666114503240759,1.5132944316413015
8288,0.1476106082847608,0.5807910737954693,1.0186395472254597,0.835637684213547,0.6204679586741388,3.4411830277296858,0.13389798668684835,0.07370636593997386,1.3118138997188222
8289,0.7673315382239565,0.3058200242496136,0.26194194739651455,1.9591572136667748,0.449217875814242,0.4653593049906861,0.1357095940960629,0.08333739098056787,0.7300176201280096
8290,0.1645009106979482,0.3740414927354456,0.30216566579268245,0.2157370368453383,0.38315495817943535,1.456776362083594,0.21442630580365055,0.08510665031364553,1.6245907765634082
8291,1.196701170643668,0.6596346374921445,1.1393677965587337,1.4606979861625742,0.6934675045764813,2.0687725780311794,0.1306223096304985,0.12835233004031085,1.9338281653930223
8292,0.05431788486047906,0.726334992782316,0.8131676022767529,1.3310101021404597,0.4941430039720721,0.9832281243469406,0.11786432642226474,0.14610438447389135,1.635693440819134
8293,1.4147920400354657,0.7436780588049283,0.6668120602122339,0.37924175250796743,0.7420920361702483,1.3540799797685934,0.036480356030692884,0.11813251345136067,1.4391146504143455
8294,0.3872181308689977,0.6542018905662729,0.5695845440458654,1.8358769684918623,0.27788075379008936,2.2016832107003355,0.10529098999888072,0.1171612318452031,1.1193417398569576
8295,1.4750594933924008,0.22496947802458236,0.14645259961024154,1.3339382397095307,0.38240549673758273,3.071533480324563,0.1666848407261184,0.09369665582388514,2.0683256581985128
8296,0.6055934588412482,0.71372903031676,0.5099487786586578,2.0552892218052756,0.3333249008556737,0.54624434666584,0.05247871080575038,0.08048140570299757,0.4440406507430806
8297,0.7522859604685577,1.0695634685129787,0.07373584204626193,1.4791865243375926,0.4864942413206517,2.2396560331182567,0.12976176230730332,0.09513002113391134,0.5946965854375772
8298,0.5169884539770845,0.513550507877722,0.3190620639725125,0.903159715372831,0.6654310910388399,2.2134399055908855,0.14909690528420982,0.1406641789118171,2.038947377543024
8299,0.16268776702501297,0.7125392961502142,0.48395434031555734,1.7862678173770201,0.2019543162667753,1.562639978901111,0.09197030133616195,0.12048791648365699,1.9152339607190656
8300,0.3397796734999877,0.7396508143433462,0.2802944055534176,2.0385806118468026,0.6870059116439949,2.557255350247548,0.2857353238393729,0.08045673713874395,0.8241080560681635
8301,0.49825353361445623,0.4817054309036757,0.6207653820019171,1.0631240335567333,0.6535594855010309,1.9939289424085145,0.12360223495566795,0.14982371981961184,0.7948055187064328
8302,1.0979666894639035,1.1972604478507807,0.6332343671262357,1.4389646989442388,0.26087020733212646,1.2894571017576877,0.04203777509840237,0.07828408740363453,0.44920302299200643
8303,1.6822851517631765,0.6327299442229803,0.5719578791250961,1.1909020344474315,0.5904169403503285,2.601082109747632,0.20627605230436818,0.08518807864970104,1.4424394811447976
8304,0.6802448072868472,0.7504612890947253,0.5545046726038529,1.5317103905547924,0.6323927042358278,1.848835109693372,0.11046658074758785,0.1298130815207662,1.911961859879694
8305,1.211382766185919,1.3148713037753326,0.1673596034389227,2.2713606466497347,0.5819652479104033,1.895705993574719,0.08981567712073713,0.08199774372898143,0.33882036554102146
8306,0.304696335881731,1.3738013598185579,0.3899536694544814,0.6658447934902323,0.6914080262975411,2.0617223736975356,0.1573931963279692,0.09651556701664342,1.2115117415436676
8307,1.0710879897718886,0.6630186958969485,0.14184085134587474,1.4302436989276597,0.46974874019015955,0.968378073944378,0.21267305447950532,0.06145007443360957,1.2973217153202303
8308,0.09110610382835321,0.6181602676089908,0.6378490219812406,1.7870870018084353,0.8805665465946788,0.803754420342008,0.2627748690535744,0.08538247316480335,1.7062753481684412
8309,0.04616241052572878,1.348173821096136,0.040429636028494254,2.163860905043583,0.008097208944747858,0.01785449251753146,0.12759700626723527,0.12849472153118394,1.4721830636546334
8310,0.7490432300614254,0.9187270428755581,0.7874861108090385,2.0628820720671492,0.5246676419039702,1.738368735285403,0.008537102209964814,0.12075992308611674,1.9091367032811775
8311,0.7652521786340141,0.6377217128829582,0.7493026379902985,2.3407961899276097,0.3116451241833219,1.4163546723273814,0.16225088590478726,0.13563316708549725,3.1057343218099667
8312,1.256903785882851,0.5809160654710988,0.07483129523273024,0.6839657812523772,0.7870166785801772,1.805323584266692,0.004967666407163132,0.09603854908723163,0.9839117657264814
8313,0.6146119894853332,0.2963357843569367,0.1223098419254757,0.5850568742011509,0.21240938509123924,1.8721611656195463,0.10649216235369888,0.06447372643592267,0.0898555546158123
8314,0.2888948106402559,0.16353092993704907,0.6112195290067468,1.0059031632682267,0.4991473605640878,2.3337643319812793,0.15569033357054435,0.11138403195126037,0.9447834061122904
8315,1.5148391489997373,0.8920782962457268,0.2501082193457902,0.3960892216131171,0.23163577872684876,1.5020905647913443,0.18028036141807358,0.13399015760844588,0.9314596248027232
8316,0.24465813950469076,0.712569411283787,0.5528583393094154,0.8971741278555978,0.5574839377847534,0.2678398486535618,0.142816597081944,0.09723210666045079,0.019320438242658722
8317,0.5059353742195553,0.08535376216413948,0.6035973206005731,0.5831214532512294,0.6018234735116419,1.5669746445847879,0.10997615887990561,0.0925277059191174,0.1520975221225247
8318,1.1743428039074186,0.4342237694541457,0.43998260511577214,0.731991348768501,0.552769840790957,1.1920410386663638,0.07347966299458865,0.1082669661078137,2.7097305375379905
8319,0.3675805220440305,0.4313163451704179,0.453718487397626,1.198799703272393,0.32207863003706905,2.6217573285096356,0.10310996716107719,0.06864147161828946,1.6762395491440987
8320,1.2025720750598956,0.04352140378979308,0.05833007814768887,0.03515907010827002,0.9233383399085231,2.9144446172672307,0.14808557138378936,0.08489130146677897,1.3672626445863945
8321,0.4157253281313087,0.5986523341315965,0.5114697677479569,0.9208257721721006,0.5087398718375393,1.5993922459164285,0.10703454005497211,0.06848385791493453,0.9287518945527403
8322,0.04141866742446451,0.6866191683215725,0.32555489613806465,0.3582543117797291,0.5106790239003486,1.9807072828424435,0.20008407787149107,0.05988073288625401,1.4688643930913052
8323,1.3310421326851716,1.4977210374272556,0.5757435056032966,1.0485969601769303,1.0119328125076357,1.4824668525520708,0.14837118927160547,0.06307103932983184,0.8111699785724861
8324,0.026265509468683557,0.5470009646343348,0.10518435141857396,1.2322331456938502,0.26503265728578895,1.7444355496365374,0.11121626745185605,0.08790959292806405,0.8414821731620902
8325,0.7110225426935897,0.059612338557590294,0.5087376354262511,0.5502983030429094,0.5528320537534736,0.6907224587309988,0.2624362572237263,0.1395649077168741,1.6898012976359942
8326,0.2502370490669774,0.6757122993215212,0.5607895933810727,1.7293957815629826,0.33376821372355464,0.9467189085058901,0.09598860164562674,0.15652906518963533,1.1911297578520637
8327,1.0014447253514756,0.013802224168834976,0.12906402082632595,1.2852472457330175,0.3896097363590153,2.349253281475514,0.10741036415756348,0.07796003927965715,0.17465248122835209
8328,0.7643930348338133,0.2707538260369657,0.5572178305689626,1.8626500217746405,0.2939206196898042,3.0747725707211018,0.1336499811327901,0.0223892059715938,3.5512543678418247
8329,1.5017624262148943,0.9703836881453225,0.26375628604587653,0.7843599385332791,0.48129895601199385,1.016057369524868,0.14072546032166156,0.08354448148228806,0.8256042908507477
8330,1.0601021851809063,0.21735235877237674,0.49932105724619413,0.6029828582726936,0.5890646353906435,2.077760895159255,0.16326776798005535,0.052886714128288284,2.8881115709023217
8331,0.38397917417019,0.30424428248357,0.29397177736041585,0.7190635268775772,0.6460772158221754,1.7244870129589116,0.1910218772322094,0.051270760651126006,0.6771481641055785
8332,0.45983391314102307,0.6226549698677164,0.32320919538032367,0.8717149053548936,0.5352795265668803,1.0074464645864247,0.17598508355126885,0.06395391169110637,0.8111743995460676
8333,0.4509125073889924,0.0463974739216354,0.5643096495734796,1.0904711131927551,0.6236630837794014,1.2111302593060413,0.1660732713675189,0.04511836909263469,1.0768244052504272
8334,0.7865333921885813,0.5441647975472217,0.4080149323305502,1.8571391647470663,0.18104992322965258,0.3728911582647041,0.03532901808049389,0.1004507543266598,1.864397043305095
8335,1.141959498173679,0.5796586228810674,0.1922906614393654,2.308780742450681,0.13747053605553788,2.2813978807408777,0.04522365347033826,0.14214488149280438,2.145861383180129
8336,1.4341699673604957,0.6960838738145103,0.30798510024335723,0.7366375487071949,0.7638666552070296,0.732828475836716,0.015426495257341466,0.12600914565950955,0.5409051899448346
8337,0.7525233117516399,0.8713073442108235,0.24906600889526842,1.031663291246509,0.22532256516852567,1.3589068273012745,0.08543443520927388,0.12215083110014222,1.3400934709509393
8338,0.9665633079208893,1.0383743858496168,0.36649380368845363,0.7612088226768382,0.45985113662793203,1.8345533252565627,0.061161780859937474,0.09205335330796852,0.7827704740620901
8339,0.4577466496576841,0.5558452669154975,1.039002195859238,1.908759840781419,0.1589309893365951,3.104467882496767,0.09524534036347868,0.07428746289189272,1.2901405803313863
8340,0.4752204771536046,0.5619358830575253,0.9051387497336549,0.4336732633612712,0.6080453407229182,3.0488839571413924,0.12599177703743317,0.10253735501039109,0.07039958831472048
8341,2.0019942406253852,0.6640405149793951,0.3396870021118055,0.7648723640446959,0.5773808812888006,1.9679704145931716,0.05595631006693693,0.18721050058784325,1.2113307843473202
8342,0.12861271796236926,0.9410797733505056,0.20032047628811117,1.5332919955594877,0.2863822489766833,2.7757730007329107,0.10266340271564262,0.13717215798409343,1.5423379917216673
8343,0.2965668076339789,0.17215709423957504,0.6375525748065306,0.17260120857093086,0.40115154760885313,1.348960725300047,0.06112659050951104,0.12485168650995439,1.0772399131250068
8344,0.2841238096004222,0.8921236848466878,0.2115278302086565,0.6450379968489101,0.6243344294599429,2.095923670522872,0.2479977403917158,0.12593523292130848,0.17453162624646235
8345,0.9707665794661335,0.40572293126807757,0.29556737455997883,1.3303496078705395,0.41928645428235367,1.823175521638412,0.11762009530528199,0.055566234116785206,1.4121072263565755
8346,1.2437964597207225,0.2519692151098426,0.3691046810621185,1.2926531965862829,0.7982782363807646,2.356866283048296,0.1558231062126546,0.06877006590535291,0.23427901058597356
8347,1.2536548533716656,1.3404839329924176,0.10259936611642134,0.3166326026348333,0.7502491442321293,1.016732227836747,0.15997348280631923,0.03596761631001878,0.061426304745089255
8348,0.366151338774962,0.9116694576416249,0.2626827254017311,2.4735647080567666,0.3564694641334799,3.1491933293436896,0.11089347618919848,0.10190427225413054,1.3215581448868323
8349,1.3344903954744665,0.7573618579944448,0.0316162457609408,0.1579183608608068,0.5953619230960842,1.538145998087723,0.061149657169455536,0.05797235615412629,1.0058939831972122
8350,0.011546693718007817,1.1341158915479317,0.15318286889928395,0.7545988497464179,0.35982050297020063,1.9700023706604057,0.22819211831859346,0.14330281080696475,0.8725213916477315
8351,0.8262140955057611,0.23572442519320969,0.34473508989126933,1.7156750606112856,0.22586176465329127,1.0405821911632422,0.04772089171567539,0.041926392660364305,1.01047658563883
8352,0.8141740457091644,0.3104581677879303,0.8415984605249374,1.0121007064035075,0.6600050858172875,1.5627328340350435,0.18985542080126766,0.11368631038007848,1.6392660409202233
8353,2.055735275911045,0.549131491117912,0.029782141517744387,0.8483943314837392,0.3043168107608054,1.3669903318226833,0.29615123196091314,0.10443449941631841,1.4821934498551848
8354,0.002820484171812132,0.5193507675808939,0.775614921115044,0.26318281928570897,0.48001278262754143,1.9479743990813414,0.13736825317449475,0.05335218455440928,0.13686240251546455
8355,0.4473687627008298,1.0811910725184013,0.7658064506780995,2.0507889897006386,0.10700318561558508,0.14423311625677204,0.05531024364467956,0.15901215843768984,1.8634979817537611
8356,0.9645435637804547,0.06161073267998457,0.49402832764074467,1.4396878109540026,0.2773950115482865,1.4142841392420649,0.18854127221165118,0.08878419054618206,0.7298810918332881
8357,1.2184127992648364,0.3210706253012186,0.6154665800376683,1.7375663184367176,0.6197524676785758,2.0879933705550155,0.051437239802585834,0.08337872487227697,0.9334388061166841
8358,0.08580186486276306,0.14241416852572594,0.4622909423806455,0.787324318054711,0.4506869005323042,2.0908668655974636,0.08362474045454872,0.1258501076362778,0.12948147304342472
8359,0.6190568432681756,0.008728752532671635,1.0834827145120705,1.4534636014496856,0.5664965227248598,1.2492161608152719,0.05426447653997352,0.08835030766918946,0.016862266674889992
8360,0.41914492641747597,0.7113937779911736,0.7856766035774785,1.6782370268497406,0.8095792599162619,0.5864278819964703,0.23391236874393745,0.09724536768065574,2.0295826949464
8361,0.9122337566631531,0.22875612366265932,0.19992323991919403,0.5978369059405138,0.7004425528881345,0.6889456834291225,0.03854386392030787,0.08726116633987092,1.4530576525255774
8362,0.3896557372154851,0.4671318349410728,0.24608136516451834,1.6135690791584836,0.512529009449356,1.4521952760495755,0.11193318179923581,0.08389883142329668,1.360450303452593
8363,1.4247921945047108,0.14439953136550943,0.2398493462933401,1.061900096195712,0.15524889117991542,1.1923611321478862,0.1130657308249912,0.09393542597206651,0.3268045185030939
8364,0.3115664452073326,0.2756785805211823,0.8711444636337805,0.04637725248387026,0.6394291710645719,1.9919507502526654,0.041104046852315904,0.06943677105736518,1.6814777766455227
8365,0.48832727497501516,0.3467541934202213,0.5699279082167161,1.1016886188305957,0.5609537620311613,1.3601381929940373,0.23839780666792915,0.07257623617012313,1.5011191086673705
8366,0.624127106349507,0.09067071167195867,0.5316816958406857,1.2162330655509859,0.5755306537862273,1.5816317643953133,0.07669661675692047,0.05956692336749844,0.7276566002762164
8367,0.5019723515680875,0.7962487182429827,1.0806504697025021,1.1277483471940264,0.4649914101285449,2.734191984521188,0.04934984683525165,0.0641534934076915,1.0388522939103872
8368,0.28230792197479476,0.433423957645519,0.10695642840891315,1.468485965038513,0.5045703867786157,1.041037592058119,0.15297216496845814,0.15455257012086104,1.4610078468427152
8369,0.5887489559300505,1.4396843044225762,0.38835572151342435,0.5459585432263172,0.6689619537353553,2.1754359143438085,0.0027711746820234667,0.09037002768058847,2.2557224452527938
8370,0.07862569748367151,0.9914461353941817,0.20118155416439454,1.0918645208739328,0.5741551517047229,2.184699418302822,0.20745019960510278,0.08262610403700632,1.8434744424954554
8371,1.3807395562474274,0.5289133932619784,0.1958842657635117,1.6426395774005682,0.9242842975529078,3.5345012986535007,0.12699942027550226,0.06412228456453918,0.9967491222909636
8372,0.8666191835598285,0.37982828806653457,0.1470781594362377,0.8360713549005158,0.6870337198798846,1.02821698171299,0.20188604950581301,0.10525372306260003,0.9740001041429894
8373,0.4304519577527305,0.1974152420293503,0.5185346771631605,0.7911429386889833,0.6641025171416163,0.8325497467177622,0.05650098997382934,0.10420495916740494,1.664360996278853
8374,0.33756805325694395,0.24867359504269598,0.5604917946068506,1.7307223580801478,0.17831214028520925,2.5786265499454677,0.18482665347229232,0.05110418498303973,1.2759919600779077
8375,0.11060664945291218,0.1598366478798159,0.3926756988292862,0.4932180825271628,0.7878540726443497,2.1293105793895446,0.17429782593504956,0.14814929176406522,0.6983564515489253
8376,1.2230365004091739,0.7605223220160432,0.06495798008608877,1.1186656797841938,0.46997376514760064,2.0487068795730683,0.22511873302885532,0.06678816394781277,1.3475030824920777
8377,0.6316748327446562,0.8958080806278668,0.62151430479781,0.5503334215051703,0.5074143424658472,2.041987347856688,0.059841256986637656,0.15753248182007934,0.5213547660169358
8378,1.8175255173470095,0.06226665560573119,0.36635408184266316,1.7505950354964064,0.4050463047114745,3.42614368356508,0.002844871507677371,0.06704785857715828,2.045134367097833
8379,0.021465496508155768,0.30414335350183963,0.12673246094697452,1.4703578638191803,0.3053423018925534,1.4998742986782718,0.10955260628397076,0.07284132643962629,1.1914825991584133
8380,0.7400984468470495,0.5453080344660503,0.7182925820320628,0.8622510884981465,0.4880012782601729,1.3320362344818446,0.26354749960503804,0.055100735246161485,1.1812116448971346
8381,0.04212521843637243,0.14342563944245446,0.19592848409760502,2.7416471523287864,0.3049861163275699,0.09977851706782448,0.10693625813241507,0.12439144293315496,1.7024503799588864
8382,0.02070182454125402,0.5951406737817374,0.17708578223599838,2.4315877404926938,0.4768275295648122,2.8561133073957103,0.13442772444343082,0.09831084606597582,0.03357397949742169
8383,1.6454792938154308,1.2411239228605735,0.161433267727626,2.3473961008225417,0.8131311265855508,1.217139627445565,0.2910478577416739,0.12476943932561282,1.3003860027442344
8384,0.6661904503181673,0.32898018633542947,0.10318774299595818,2.223495252875695,0.4190474947359935,0.370828511131819,0.18323434480945044,0.12057998056205102,1.4025150695493487
8385,0.6115024391937438,0.12665443080075045,0.13377218729816825,0.9525230646640438,0.8532207596206588,1.6686436341454018,0.13555222710602405,0.15279291472661474,1.4175275012822155
8386,0.20875092358854141,0.605483927209449,0.38642618257077754,0.8460118048395743,0.7840361897066781,0.8674620945890011,0.00016919337791503064,0.09972229010837112,0.990092563123208
8387,0.6606931386776962,0.16635466302367216,0.2646719145806172,0.8275092426018598,0.5370617307486241,1.970769341057122,0.18504876473785697,0.06443188697632535,1.085953917369042
8388,1.5064407973564777,0.48514108513181087,0.0663083275451079,1.193712433487473,0.35471410651210994,1.2731340950218366,0.13675806933007292,0.074916391018081,1.9904167986814223
8389,0.14315547289769698,0.4606200281876459,0.29411246690096027,2.577589929844048,0.5502556680732767,1.0577403161992656,0.03769444467516836,0.12969386806374278,0.8734369151175668
8390,0.6300638163496797,1.0208152973440165,0.2792810566577955,0.23108424454099763,0.7322270340526438,3.0038219792993424,0.10459971857777543,0.06843075953058642,0.6984577805049396
8391,0.7439287890042919,0.1536050139148974,0.15928257155729916,1.6284166727911056,0.48487142569500974,1.2426074420252344,0.056607354810244266,0.11118433423961921,1.2585179449852513
8392,1.4993993242135126,0.7940769135016872,0.16313003758008482,1.307541732760915,0.6312910943559504,2.2016657235498918,0.24687954453467742,0.13070356582626086,0.8426336975102776
8393,0.0227537728209124,0.8863125238704659,0.8094329712884034,0.4088714541345396,0.24734747875725638,0.20952262838942337,0.22516082800638512,0.10374940845621397,0.37728938498037823
8394,1.2697452296665455,0.15747856482677208,0.6231921768566526,0.814901427397402,0.37734835912838993,2.4247552482039705,0.08880295304365626,0.08271167938134011,1.2563267970979164
8395,0.11543574817364138,0.5714342659261468,0.5340234959691671,2.0979730243276533,0.39682796744264376,1.8799578657486635,0.05849687023245215,0.06526447878106864,0.06209485508623547
8396,1.1392441634569328,0.46524630616626217,0.6051117654337151,1.3163718404234768,0.4842404275994366,4.006919886466953,0.035324096780888437,0.12376652245562982,0.37941899327995005
8397,0.30346462698556054,0.35054367515455287,0.6956340813010381,0.7876746022476107,0.6883788841252015,1.3401247533253806,0.1940415213205749,0.09804207896043396,0.3868612415071895
8398,0.3128794745324357,0.6766717044856112,0.4321450816904403,0.5409118963382277,0.6820903928571025,3.685942035586523,0.11901673644319774,0.14611964842427455,1.1762987026010583
8399,0.9628843290985025,0.39108605957230674,0.40120279652611546,0.9936644296471939,0.4867079773738665,0.3313622409372141,0.14680033007777848,0.09366797895147543,0.7545158472583852
8400,0.4297871926335719,0.8791849993049476,0.2519933226802967,0.9160542735040463,0.7800099968160282,1.117029987860319,0.08589010895950794,0.1259167553352962,0.81506973141895
8401,0.47816678013739095,0.30336081313172547,0.2390672151457372,0.6590960275323285,0.5441386297352907,1.9967557214246734,0.23451970701693708,0.0644015017569575,0.244565381755262
8402,0.6288846520675954,0.36824191964268244,0.5734156972647292,0.7953217922645949,0.2505606988242919,2.4561061494837224,0.07860365718689796,0.10593360584418893,0.44793734772659743
8403,2.287551808125973,0.45828680210059725,0.7662486985842856,1.4734435664377696,0.3450462480408773,0.8821740554554817,0.09798297101707756,0.0731173150202932,0.1644817713628901
8404,0.8831694066107769,0.7002569955365885,0.27713523410309576,0.8563736208891473,0.4160560188691161,2.728296676663174,0.1807491252093049,0.12503783890395997,1.7920054037115487
8405,2.131828746043942,0.38496481818460576,0.4749174170975526,1.987093061426168,0.2990934943064207,1.0688315556983325,0.16920469851755046,0.048477314465208025,1.6263214309729388
8406,1.2018332819685824,0.186468754265171,1.1084325806577917,1.112551457756147,0.677471070198661,1.640023033202786,0.08064499832912539,0.08449640703256872,0.6291218525595591
8407,0.7883462020495038,0.7758299377642719,0.16153968307155805,1.7607642915029045,0.36254621634660966,0.2851035047120527,0.16755322530045097,0.1742524361465903,1.6376599351345358
8408,0.26805116719239824,0.7921376253369322,0.31687840540038414,0.7548296853589274,0.5389695282667343,1.246733835356895,0.08143784411524,0.05817562416050776,0.7581124050981293
8409,0.7993165919279073,0.8633063291308363,0.11987856268354022,0.38660679468728687,0.7725219953899878,2.149190482526935,0.18088908137061668,0.08319087538561477,1.2948159970747026
8410,2.05222645128398,0.07584842668595865,0.31262233148112994,0.8566277058365009,0.5067988054510367,2.407969207151523,0.029748329619742858,0.08083208935558492,0.34189838256579985
8411,1.3879814769759404,0.7826587937642395,0.5942899310187912,1.5676246412209074,0.5226546272102657,2.333880316911795,0.16448525173472045,0.17944147509157032,1.1300213484808186
8412,0.7414924003290568,1.2271001705521252,0.7810886976090939,0.7257341435972712,0.7533407193298514,2.066611673590652,0.14326281832883342,0.09915242660976759,0.355721066501163
8413,1.320925705404199,1.5064804480733045,0.5263909822226283,1.5087234559440623,0.22221003931737138,2.559292861020676,0.23614972125707911,0.06827350937518242,1.8344033085510318
8414,0.6279269862179464,0.7908427389162924,0.23016899775685393,0.9677217186377143,0.5729943877258912,1.335004735928024,0.11889979550000346,0.09559067385152058,1.028794793862921
8415,0.2636614557784074,0.30970837825133635,0.6546922920450965,2.890854703739741,0.35468288784096624,1.3074071902824833,0.24142636155306035,0.075622122456219,0.06790683286032384
8416,0.8377781217837559,0.5433849280213895,0.30625796635667096,0.9065403343639147,0.4661224146193071,2.5700653898391232,0.18821636183223728,0.052048451997336195,0.9208569352257117
8417,0.368814228660377,1.0896315947822657,0.30654449393028793,1.6936678175642172,0.15543369973717164,3.0160549871898468,0.06157814394163927,0.10238660903241456,1.4452727462217254
8418,0.5044291164003983,0.3052675402472566,0.014026640036065852,1.8178242908890483,0.6037030793089715,2.3190822708635164,0.18398830176991604,0.08143779232934308,2.5901515901288983
8419,0.7094225438589068,0.5888717669468907,0.09209525089720719,1.6635434369321374,0.4963112532681195,1.2533182936920708,0.09367954576605943,0.14692023599865495,0.057820126736367605
8420,0.49831217732392563,0.09573662273338113,0.05994248205250885,1.0072578031723185,0.7727578146712752,0.8462798799694117,0.10381568047241682,0.09135385567782549,1.371915278331753
8421,0.5537345308631967,0.11154393580842273,0.22508613299530666,0.5367066496249799,0.5630793585879752,2.1706378672966404,0.15698321415064748,0.07606668915263752,0.6993852499319501
8422,0.36833420588707716,1.3390692687389,0.28428479634585047,0.7737817353860904,0.9213418027898084,1.4268133734314508,0.1655838367907259,0.06313985005514243,0.18510078330202095
8423,1.0928431844248194,0.014757966291586266,0.6791192121417855,1.141720262245619,0.2308823473447681,2.2429444938643943,0.0466193663591421,0.032488430654754395,0.6283124011871326
8424,0.3348866754296034,0.37111880379507806,0.39006567061170694,0.7629644844462541,0.5358556570255213,3.0367170239309926,0.19996400004953335,0.06025090981008302,1.5566390529600542
8425,1.1654483821690755,0.17425433927744824,0.10404765809443367,1.1034032424724616,0.6273532297716642,1.4453091619427045,0.09218742905535145,0.12247290258585646,0.32419813156205346
8426,0.23939183497169705,0.43880417898493745,0.17073289043994788,1.3109583873303157,0.18329441457781526,2.5826474107951194,0.0562731889202463,0.09779957269613401,0.22266821876755793
8427,0.5317472419975314,0.08815298706710589,0.1936518365307552,1.241140190792955,0.8360068010620252,3.471578130725627,0.05792013482771991,0.09541709889099848,0.5739734806967982
8428,0.1703391481354941,0.3565737890007622,0.24332994092610205,0.7734069930382866,0.6820972146954412,1.2120535360655302,0.0050902546291147766,0.07257304970175904,0.3657851286646572
8429,1.0519900467496912,0.5769092048865767,0.6393101073843552,1.073772775580563,0.4158489112019901,2.5978178386497888,0.11263244438113311,0.08811760831935328,0.0857968381541897
8430,0.5901103730371179,0.20419448915282384,0.1961847755907047,0.08511610593139463,0.5468244114624284,2.8234748227756286,0.06366564732436711,0.14162187627343858,0.4980702176597002
8431,0.10507670017449489,0.41856185635232285,1.087090917215042,2.0137392137737704,0.17382394013215835,0.1610831594362674,0.11503703198994655,0.11783873535033208,2.2616819699053288
8432,0.6906924091111795,0.43663598131209624,0.31374577623369165,1.582829655878026,0.32804308270858096,0.30172926973692094,0.011474841711196615,0.11919572497576496,1.2458560409970945
8433,0.2900967564608151,0.23609857734177633,0.35387194395534427,2.7190114635551863,0.6330221855651296,0.337013869449567,0.06753967960991589,0.04103451555950743,1.4845209702184312
8434,0.2571112008372855,0.17454208593305945,0.6201524945723076,2.780149883883739,0.5853894135464397,3.2355721345753476,0.14897524171942175,0.07570095031186783,1.8663906125717749
8435,0.8149727201033174,0.3443786244842661,0.03613073323015503,1.7656980511017781,0.357991916268912,2.0749687311220684,0.09624272612774092,0.10905307946547778,1.6662656832654528
8436,0.3583152416680994,0.504752387389526,0.38504192608867827,2.0990471901475845,0.0825057681986539,3.8862380718807215,0.13946747668765427,0.15992160746975087,1.2238309947670425
8437,0.13756135719859505,0.008969597578364574,0.3596729987365449,0.594706340585489,0.3218283953793546,2.854732833599247,0.130254427410339,0.1055411230363075,0.8722913804081991
8438,0.4504885107824582,0.9122380755027861,0.6055394410991395,0.9757621831643952,0.4825704315634465,2.1716640282634003,0.07897578737906226,0.14473799459570272,0.10479821716554139
8439,0.4318358637730155,0.3245508050217001,0.14574753096047005,1.7109025293046103,0.059223488492592125,2.7677146130755577,0.04084427943321885,0.1473392242747008,0.2779089947534311
8440,0.012291384468192834,0.7426548574229714,0.9828170549124462,1.6169437697415927,0.4350865618804632,2.070508366773879,0.01819516392462818,0.06387535646438856,0.5740914792445375
8441,0.6283303834651554,1.4544588379051404,0.27675145472640816,2.439429626799653,0.3647017969039811,1.0553768460718762,0.023328168940999608,0.08781787942197658,1.9306684323279386
8442,0.9969666456252648,0.03770360628807562,0.5021606844496139,0.7882434845354346,0.2979892636267655,1.638996859136116,0.1284601802188742,0.10667159774256094,1.979910004714636
8443,0.23374333488354704,0.8084424866099946,0.3283475686786118,2.3730631754887255,0.6686843086006808,0.33680328862918274,0.08756160381399264,0.09618807635492402,0.5431902957381702
8444,0.027319717647018626,0.2684521240204659,0.8032138907670674,0.34835538458169113,0.8157148678116298,0.49841624417878383,0.1450500158777826,0.07070712261585277,1.0451572559838782
8445,1.3379483019678864,0.354855136792739,0.09828589918017089,1.336919259556349,0.030543904888243545,1.9344239897883981,0.08237339245980731,0.0713305183829392,1.3639582183774426
8446,1.7745455339942602,0.7801262977523247,0.10258359505013209,2.4936653799946855,0.4943373457760687,1.9128132262783144,0.0857609306315433,0.092355108940435,1.559409321510669
8447,0.014894527001753533,0.5634235860398443,0.5812970692882968,0.24634175606418496,0.4917744594706885,1.6494614175753863,0.09666436401889947,0.08502311313349221,1.0647287919222261
8448,0.47082298187360294,0.602395569671656,0.13545517821097858,1.6715414235061812,0.8973916604134775,2.3231712571892267,0.1804863219060964,0.08745293688052802,1.7738958934198532
8449,0.3537636856589709,0.6735974687975098,0.08745880102718254,1.248270827573619,0.5852382991089434,0.8629471903603421,0.1157969140577541,0.10045227247584027,0.12252885771826039
8450,0.7133713170265321,0.5311185128899962,0.6146445894462589,1.3133816979609763,0.371697802460048,1.7888874269906123,0.03003269260624558,0.1372479207699318,0.6949884346664708
8451,1.4949111808052602,0.5236459037667172,0.5456179284628669,0.8092017926993614,0.5354305215238598,0.5538833907839378,0.27972626283995405,0.09313216921970616,1.0511969754520538
8452,0.75168538719526,0.5152747746102107,0.6804140842585936,1.4656085841559081,0.9751414846616984,0.5829274988700537,0.1958435785530862,0.1606498483628929,1.21541204330998
8453,0.8992817134575659,0.4583659974168663,0.11784359304784825,1.3941625899563965,0.3062604483398254,0.8427444022475054,0.04508251055502557,0.0638731673392514,1.20500073743559
8454,1.2473275178947818,0.3406870733025608,0.3313155296193911,1.277349451631157,0.2889827238546133,1.542090871540164,0.031699406470916416,0.06361626690657393,0.6884286294393244
8455,0.1876527405426052,1.36212841773668,0.13059713566293377,1.189240116729055,0.3610279666147058,1.0674374131174331,0.18533478419502636,0.10101225292216483,1.7962143663369692
8456,0.4597198767331572,1.0261166213399706,0.2909824371302294,1.716162736229104,0.5838734676665998,2.706097160690091,0.1685492535270846,0.06119939961379823,0.601585557561918
8457,0.5977856786341341,0.17256040082336752,0.37718853827827026,0.6500998411329764,0.453441991099945,2.084154155045322,0.10806059775401651,0.11737062584938929,1.1492036523916223
8458,1.0719789411424803,0.4621879833599859,0.6751929242055282,2.3135650908054477,0.5448275497405154,2.618204538643538,0.23639013110930418,0.07427190246986728,0.9072790604333549
8459,0.9259471022446024,0.7958091858275054,0.1651595638736905,1.2325240703324591,0.4580982938229973,3.319430528538831,0.04690129295485813,0.1000376250845024,0.9380470032047549
8460,0.11429329978133007,0.8033155072142196,0.24922463077700335,2.5818656780752898,0.650164622938677,1.921905741307604,0.08886723749039904,0.10387896004573485,1.224653481795435
8461,0.8265069301525325,0.6602990452995422,0.17890049279057388,1.5304372374321547,0.5639537037816921,2.1877272473756055,0.09602676113831003,0.035940744882473646,0.892774246734602
8462,0.7926835264539183,0.6366462383977911,0.530084884633713,0.8454054073121136,0.18277896585027187,1.9124855660028253,0.15631609578982864,0.09469990908906621,0.7574588586583454
8463,0.9468283354558265,0.23140130369795192,0.10325479394242865,2.203285151979331,0.5132442607686543,1.1075360194136312,0.23826379967854117,0.11071327158192988,1.2958517969390013
8464,0.028411668913087607,1.2333615514619924,0.3570407980232874,1.4742687659295868,0.4365755861979228,2.2012573591605564,0.1355014733219869,0.0744775493646069,1.0587228756006448
8465,0.1660257050698492,0.3358453933444975,0.48391138841111636,2.8888405937321755,0.5941665258326333,1.3495581839041129,0.1341910343993311,0.0819793670744608,1.1477585188022015
8466,0.567625578300095,0.06141179464881208,0.23960744086647287,1.5631461594921634,0.5766582390419575,3.2261492017113955,0.09780654273994034,0.10285135992085936,0.6011538569805983
8467,0.18855312910137584,1.0321897856960014,0.5379294048535753,0.6107238687675345,0.7157687593567308,2.5249406024373844,0.1332166610650909,0.1073965826871723,0.06906160619157742
8468,0.4098262800182745,0.2526225581415147,0.663607278638559,0.7677976272639693,0.6250750548571705,2.0650476792363666,0.06580697948816912,0.09124402005993151,1.7340452676133804
8469,1.3787678405211155,0.17135667292002196,0.854381271680549,0.7250524501020029,0.5090300726178946,2.1438531883735363,0.2003973642651644,0.0666244505632698,0.33790918996915464
8470,0.3203414367160348,0.7764970952603776,0.01724881002939077,2.2520185679573768,0.27743273260289225,2.145886961601051,0.19168393908142511,0.09286837586959007,0.26911615254318855
8471,1.6182771144153019,1.0198634070424886,0.49371175775104886,0.8038792225989665,0.6240586953939905,1.1668543140002674,0.1720538889000589,0.12083216725161719,0.5265310306498466
8472,1.5859008826140328,0.24247985952121814,0.15113519349563106,1.0503490458417306,0.4404036725267632,2.0857054812425027,0.03355905786510972,0.10846837135589653,2.440435349633017
8473,0.4287632650971668,0.5313669815985094,0.14992746726087333,0.9052253308960196,0.844620107030748,2.9407365079813763,0.06913724045790837,0.023718345151843956,0.09927008657617975
8474,1.193488232200474,0.42937236249601507,0.5236219182761058,1.4888054858005093,0.5365850661099899,1.224751007016842,0.1292802633088129,0.12707025167275493,0.971268121691497
8475,0.7504608847644629,1.3576607109605079,0.7233153168505613,0.12663171884833657,0.1610177632414047,1.0743569271091489,0.16069952817626998,0.1504927893668112,0.10253676736907114
8476,1.6737878630178544,0.7774211406341278,0.40332677572703146,1.5520816905291968,0.12055168156956186,1.9824925168254903,0.21157980079033603,0.09898639429901632,1.2049051282308147
8477,0.783081715641978,0.039520856459160536,0.18907572673226905,0.7493133729688509,0.6870700255999008,2.2459859743352104,0.11434957886234176,0.07642861315145068,1.3564826158072893
8478,0.2682937603476409,0.9115150314082328,0.978835663166835,2.248915764925205,0.6915101850442511,0.5941591104895647,0.18330730261641787,0.09237543888149655,1.1930567533075462
8479,0.8722774345121644,0.6548936321776624,0.3111280635342946,1.259907644623012,0.37870498456020524,1.2838253674101514,0.18641298372801762,0.07520389158085786,0.9529634156934496
8480,0.34492606317578967,0.4588623127102167,0.4586308409011637,2.1336695547931988,0.7453014236823202,1.0662156478427032,0.2826020009021556,0.11867927901115934,0.8561566160569655
8481,0.9375819291890997,0.3998049403195837,0.4171827042022261,0.9908930542693943,0.27088532049210445,2.250552989130693,0.014908446410395473,0.07847254221910159,1.0571037420162264
8482,0.5673704500840362,0.44178521261051773,0.3649997499805156,2.086100119942178,0.6228429712423822,2.4123141440606384,0.12200992698851518,0.09667125702898562,1.5689207662528397
8483,1.1939163315668957,1.155094005681927,0.07104049479531233,0.8760475003710501,0.4222572285320395,1.8892512747195302,0.1837464505899283,0.07135048138904256,0.9965508551733966
8484,0.0958965610232369,0.4596313303806221,0.30563662169862577,2.0788409029267108,0.6585873891155187,1.2336448313662562,0.18666656711952326,0.11785747460942878,2.037446900956119
8485,0.8403232421224685,0.07459028760023301,0.12309735485806653,1.3730459746362318,0.8513089632422929,1.5396974520597568,0.03599890236362607,0.11889796538946817,0.8839638008408315
8486,0.1988076929136285,0.28164543135127873,0.9698123702006901,1.0393609138500317,0.30864210352702126,0.8948897309359719,0.15124972801670916,0.14942945027175608,1.399809844104992
8487,0.5631039978807129,0.3000695885811024,0.16406404549849204,0.6368972434183198,0.746237622223208,2.2761919185381836,0.08119142016163756,0.08222561680333541,0.5994589593962989
8488,0.10969636765570634,0.08517844410417752,0.07174801404340242,0.4520638212333382,0.557664577381117,2.3492902563928695,0.35007497682483196,0.10799685232207751,1.7354736192944902
8489,0.621360184818105,0.4106417772806317,0.6107071952943453,0.14262342997801336,0.8276024448884521,2.353974563465514,0.06574739360149853,0.0916848035716061,0.31185014902826913
8490,0.14807724658283442,1.351321802104965,0.3530153517427142,0.34225625965854156,0.4059283698813232,0.0043698150460089735,0.02751905873613432,0.03365592973849137,0.798887743030371
8491,0.16347338823027122,1.075250674325493,0.3218455436095434,1.8491598672218714,0.29969806342435623,1.3570802100946533,0.16651102180877841,0.14033837759508608,0.1741577616386598
8492,0.3681336893804786,0.11422302404898246,0.41722155864991417,1.472675102949987,0.3163306752585409,1.8785009983336303,0.07707705163593274,0.08369028839032826,0.13216876984781833
8493,0.755892231509343,0.11651372370572263,0.527812478174259,1.6726865592733888,0.296205557192345,1.0468465440099584,0.06614197436639813,0.11051087032326859,0.8906531651453315
8494,0.03876891195658824,0.3105376209182932,0.43837549112230456,0.5777035802698598,0.36535022845484755,2.6569579353640176,0.030352235014907164,0.07662861386998474,0.19678506691252973
8495,0.6444919843982169,2.1554464003297897,0.9237071759199321,1.6848029407465681,0.505398082184804,2.7765357649275693,0.12420207058028664,0.07151442237860142,0.8619156449753205
8496,0.6396828800918821,0.832800423902816,0.5707910526886854,1.1256437766588356,0.6516049937804995,1.2609441083931061,0.21137634881385875,0.08183202194712524,1.345656486090146
8497,0.4037587269325181,0.548317285561229,0.5792946857604823,1.3585757286922115,0.6489647380689935,2.243308416540107,0.061418400912212866,0.09534704744228929,0.917983283589022
8498,0.12949484328775943,0.8264261944722484,0.5482036613537311,0.3038890764896629,0.4494793730486817,1.6671411649105876,0.24100225683211646,0.10257705563620803,0.42864526482500115
8499,0.37882973786310414,0.47452721763123834,0.5449797373185619,0.24962367449497558,0.329794634579333,3.5331929986594965,0.08965341919360542,0.11573655369507474,0.6718334320439374
8500,1.1300339606091387,0.7335266660885176,0.05402962873464029,1.8958022033621762,0.2357841571658345,0.8634374306024065,0.21291878857475938,0.14094318959660485,0.4100466549966849
8501,0.39755246191821847,0.011535078607765037,0.3555118721290541,0.05659583021790715,0.4677977177508462,2.6949148302626194,0.07622458793990715,0.05752662522933155,0.15276179491882058
8502,0.26299523161874144,1.1121158248213117,0.6470471451535332,0.8324786877937926,0.7858063713512898,2.0455447357526344,0.10812689693274673,0.12151304667625998,0.5310082794811442
8503,0.3439739364841978,0.5000541474815007,0.30782657884965864,0.9946314886678539,0.32594495822782016,2.8216063924087553,0.1281497713944508,0.13573625921808088,1.1896203024425662
8504,0.46719240273459595,0.45174642517587627,0.5105881646469793,0.8649675654330846,0.8340200511630897,1.0888581421419694,0.12162923584247981,0.08450129107164123,1.7859545091306122
8505,0.3400391441815262,0.2937133052874422,0.5153252035499483,1.5756043469827392,0.7186903730693589,1.0111319067646396,0.04451940598860217,0.08505472791543171,0.5919572129279482
8506,1.1359218011223204,0.1778372380014138,0.24162645163944596,0.9927750704393428,0.11021595885375696,2.8783974797678407,0.12078789382575865,0.09142838485720259,1.4221173994360723
8507,0.42845249408916963,0.28098260610567255,0.17083391456860172,2.3740564013986596,0.5535233487268052,1.2660374644390515,0.11066749331379576,0.183057847189019,0.8522966786555853
8508,1.1424881912271272,0.0855565131298302,0.6356834857121876,0.25394126097359593,0.433247382477491,0.6093134018126631,0.18087741739702967,0.08027823270260942,1.0971898490409198
8509,0.2717484331620622,0.6288571174038746,0.3917666635598223,0.5128836298545132,0.12844722011052223,2.532156492501902,0.1584017774600195,0.060723185646096425,0.9226893407530294
8510,0.19305932865426212,1.1706343714224268,0.6824445955692453,0.7419388371851884,0.883630707081432,4.032400374075502,0.07940863733772276,0.08865373656119645,0.36644972170157386
8511,1.2605788827808375,0.03927476553061676,0.7913162928841372,1.9618531133984367,0.6682426483289355,3.250782330038747,0.07682761485263458,0.12102446540833774,0.11842317828034266
8512,1.252408387499816,0.45627059624302946,0.5136209962366354,1.0587895190677998,0.23933774315153833,1.3508608370711233,0.033720393805812945,0.08872195433393677,0.7783981473653137
8513,0.5265800909267859,0.7765549067858433,0.22407673188660726,0.5894110376424626,0.7149468287552531,1.8989481679832416,0.1513838497739348,0.15197785829462718,1.7815057382827786
8514,1.3679955701579172,0.006759674262939663,0.4179150848159634,0.8571290767030448,0.403895319761605,3.710024366903232,0.15476264525955336,0.15152502931979564,0.7442756458483034
8515,0.41809923217243317,0.17158780097894072,0.560487121296729,0.495553610287652,0.5389066754050555,0.27626985749190447,0.13311388373811733,0.12864599854360828,1.037149173787434
8516,0.46805303688063926,0.9141972813312458,0.638454678080256,1.3532634208044823,0.5842056349976452,1.947396487176866,0.09643237072082333,0.08220005983936829,0.4882312495284578
8517,0.208546733069766,0.008428928030594529,0.450589860440145,0.900570878080005,0.6640222686029895,2.3808233238124856,0.16610166733514908,0.09996189355940881,1.36738986883253
8518,0.2815196909132265,0.18296784856337933,0.6005808375330337,0.3127791414838017,0.7794791254251883,1.3175691111524235,0.16522605721847985,0.1304355716223072,0.019052929958607412
8519,1.754542363995796,1.331680256739303,0.26213149000952674,2.0902193425314004,0.5279407266988065,1.107409854437294,0.13955177325304016,0.029508104190063722,0.9278855551602472
8520,0.3689943093521772,0.6853091914519743,0.33512609998786325,1.836093493051068,0.5824563971284742,2.4715249832449695,0.1483074449205435,0.13646479738732722,0.05472181926577557
8521,0.08417387490482567,0.4125040974171979,0.43915525472911815,1.6310240755220793,0.8131200495397922,2.785041775015679,0.2520761839812079,0.036685053223793326,1.389702003142964
8522,0.04753768293502644,0.06013176813286497,0.37740819322324226,0.7834117643724594,0.913649659746368,2.394383853170811,0.1552471777230656,0.1244175805555029,1.4258381801327218
8523,0.9084046039233944,0.7874244406274467,0.218940532887308,1.005077230115077,0.9568313756409637,1.3825315431454015,0.3543603134285235,0.12748719875610742,0.8962150124997111
8524,0.7575557930062178,0.3390537525899483,0.13769789075301803,3.1725498838462562,0.8403856862178589,2.93052685899891,0.1266831128743533,0.04257619645042511,0.6634169296174847
8525,0.1666950005469628,0.3042685154981997,0.4437196759212274,0.26882861348321785,0.2617725306046358,0.27907246568079946,0.31742535745422895,0.1646333055610635,0.08833057260915855
8526,0.15359497846072168,0.5958348751321559,0.23846742343889846,1.076226633351365,0.4603491610862418,1.9739840379331675,0.05084842472669254,0.11683228459610619,0.28313470445056244
8527,0.5383804398212758,0.4008904902891144,0.5424611891421076,1.082902638348156,0.8672964617495635,2.3203353016045196,0.21221527511649965,0.04609766213005311,0.060576809207590565
8528,0.828391543998642,0.8998856385321039,0.4796188157687894,0.9952939391672364,0.5965672037544858,1.236504548238571,0.11383370508526833,0.08370438219912125,0.4462733361280375
8529,0.48924629765086664,1.0870030458044957,0.29178364475312857,1.0535723057617086,0.5596970549247904,3.576786658880345,0.18682515885672807,0.11365262451400862,0.5141232035446606
8530,1.431862266067902,0.35066740939373703,0.17152645990794727,0.0188366532127342,0.5889484101261973,2.387899206563401,0.11813378702728773,0.10769888047431206,1.6680066939653297
8531,2.3759412093092895,0.27162340106458,0.3344629708288057,1.0835666097131407,0.6111973173009418,0.6844709408296505,0.09552771693259898,0.11667167718378306,0.7587111248023605
8532,1.3310927817727023,0.08658640886103969,0.5473424808089714,0.7907251631623644,0.44141585934071426,0.49467349168766317,0.0956141690662775,0.07131189190715653,0.37499288256049124
8533,0.7105409500436664,0.4848932903463369,0.27346004202179847,1.1634130435636505,0.1720119070400749,1.7708872773732576,0.16597484116475075,0.05093987015847063,1.7753381376894013
8534,1.2531217679818192,0.6725990484460714,0.41668138555927403,0.2539862525184319,0.015205728111518269,1.3198108262186483,0.2548374814433871,0.14305839272027238,0.03799903664111037
8535,0.6019368642961602,0.2569201346536883,0.4336488040049602,0.8188245215924737,0.8572027791887227,0.5146822673644125,0.1264898911601575,0.0765340526208551,1.5869228168841865
8536,0.08725958166412054,0.14293527179948634,0.3888029274184612,1.2102872301820595,0.6250207147003408,1.2223525479994446,0.023984182734941295,0.11084933948888612,0.7638863363876053
8537,0.5148124630447545,0.5393803789038454,0.690707085945284,2.1024555812053802,0.3459975012693301,2.0380535635432455,0.1515060792602912,0.10823440247580238,1.1610586087249408
8538,1.2820516179168637,0.7879730707003822,1.046083198581055,0.22826952432880065,0.29035117837932867,3.389822000924236,0.13357625427042227,0.1263884370743696,0.19157344095956497
8539,0.20719574320602469,0.49826677235562294,0.23548076340072138,1.5503563778601102,0.530134847891686,1.1256132358055262,0.06973711648945759,0.029055800678298563,0.7203059354396856
8540,0.24691780300460764,0.35788648564794656,0.4901811069811838,0.07145870897257789,0.5476881668927533,2.488271624435482,0.10256205541476339,0.10006454304828949,1.4440362339726813
8541,0.30251610898082,0.5176262801373399,0.4322080299733747,1.5553495636268848,0.6431064094857584,0.10059497946969564,0.05192397470679279,0.05927494935409317,0.8370072600959646
8542,1.0641592280549619,0.8956670880142925,0.5215663040479736,1.757982406266442,0.6854374152879326,1.0051112525499695,0.04759511073246315,0.11288487770987579,0.9453933809312315
8543,0.5550645141938646,0.15206860569683775,0.2074521542849748,0.4209411648853928,0.9206600025122127,3.9569087440014865,0.17232210000513476,0.06257974439580337,0.7390365752302506
8544,0.17827526837978164,0.62965751287629,0.47865322045661496,0.021163220117306647,0.764377920763549,1.8075489449558286,0.09171544375203199,0.11235703753492043,1.660980442937401
8545,0.4421346190761629,0.05639755481751901,0.5692770817890704,0.03231852445731909,0.5430678852618275,2.2390298400402795,0.16893756056476572,0.07202089629024003,0.5254473317024373
8546,0.6559474108050375,0.5705432159572057,0.6760073797258301,0.5170515219319681,0.4483231237902034,1.9281500126937172,0.03561302014170488,0.10804126004025542,0.5879145199424477
8547,0.18507965693265693,0.27099541666219457,0.9686191851881786,0.20746106272455866,0.4795422344012444,2.2784844800298893,0.1815774341652929,0.040091997426705855,0.15028966854956238
8548,0.3796794857653914,0.45377794926040094,0.44880317688776006,0.982654658197474,0.7329583618192327,1.4598348032333865,0.1276186428909022,0.07650448609583965,0.19927704020938697
8549,1.5649029239844994,0.4962676145603141,0.29662153991764273,1.5219737886422027,0.7508549124608656,1.2883095887601463,0.004781343801433163,0.05446775880506759,0.7511817443695246
8550,1.230826428460048,0.3511083606904254,0.16888643667286407,0.8519961080712888,0.36293821825404204,0.995593745450644,0.037761129071385124,0.14995223242627742,0.524160037616771
8551,1.0899902056325856,0.5593678059991796,0.5563147952270219,0.5113223091828971,0.3687761677950091,1.450039324847174,0.22979057935425942,0.09003130344019704,0.6895033435701056
8552,0.5118681573049675,0.3645380526459528,0.4136199595362202,0.8494074841007695,0.47502386356244114,1.1061615489180765,0.22899808401478206,0.062164508597003176,1.9644158705902013
8553,0.08563584033935301,0.3936523853749375,0.13708191638733133,1.8422662901449727,0.22934560550016103,0.9698926692270439,0.0982111490421045,0.19891459712218318,1.1721647960953625
8554,0.31432568992518156,0.1963279073175513,0.2512794613047094,0.4614033723016602,0.34229973172736383,0.9535243464460216,0.05765686730486545,0.14118840513392475,0.3182108699060884
8555,1.0721097161808266,0.0737765506787515,0.27682617765967416,1.3947401574772351,0.5574167264708197,0.5154876481453119,0.14771770737460957,0.12889109484050792,0.7441608090234103
8556,1.9691668590971123,0.9122297973891671,0.036595229977836874,2.877223947029304,0.7856729705770213,1.0277150493447318,0.1396964756189819,0.030456449871724182,2.1749998718939256
8557,0.08010032291227775,0.9045723619952293,0.7452372810878978,2.372822308663517,0.03237519661680599,2.904524726933936,0.10287494540267965,0.1237635925218977,2.542826682627598
8558,1.2086540268136743,0.639522533574185,0.6205442566139527,2.356764964502883,0.49007424374210007,0.8358900440864724,0.1776274147237471,0.12189463231377756,0.8018447420667644
8559,1.4473211491824824,0.8738391760877267,0.5623018282985299,0.868823438725187,0.5832220256770856,2.0056742142030313,0.06169438453043714,0.06900908069358785,1.8445822073553257
8560,0.3294006538331547,0.10366767186858211,0.6625614631260728,1.4606256003632985,0.7370052971039898,2.7215527617913002,0.10723431802637749,0.13182066613337268,1.7646786982630367
8561,0.16384838946400937,0.23123369354104684,0.7442620226709611,0.8345391889299372,0.7029442387217295,1.7711759282117765,0.16953825950786636,0.109357983247853,1.765411410769973
8562,0.031442727386628094,1.129174401835461,0.5649366745169555,1.8259324890336288,0.4513274860862464,2.4607703381730985,0.050015737036938436,0.09079153566730622,0.5149443923336456
8563,0.38529084821566084,0.3595879644858765,0.3964520002961574,1.3637446855010225,0.45179553617037105,0.7412459223715654,0.1916593020693333,0.0744904683030401,0.49284576193682017
8564,0.237595896324388,0.06738050983836191,0.8540859752558491,1.8782545517462426,0.4253887004178145,1.8086065276882581,0.002269632216261419,0.08272141588143517,1.1206760079675235
8565,0.02137468607412324,0.639933495608806,0.4094548924603303,0.2911413135806309,0.5471370354333003,3.6867104536329363,0.09747102855879189,0.12692144221235363,1.05750462505676
8566,0.26320722008508096,0.9098869963005396,0.07859651343893181,0.5611175191795311,0.49353096218181025,2.461836189962912,0.03824586655981317,0.08992867227301565,1.6383873223338088
8567,0.21647354848957912,0.4653171955203231,0.11152350293719612,1.6697987959387302,0.2228826779474094,3.0495593938288383,0.24699028778220944,0.07386381395502425,0.7840026075544442
8568,0.1871720627427893,0.23966885486822254,0.5572453612896233,0.1657237147690872,0.3131403015009018,1.0847585698026228,0.05574050119526076,0.1173645719065547,2.4339139097072335
8569,0.5840295145114813,0.5566741776442227,0.13746602347369505,1.7388093036290129,0.7427398444375103,2.0275646627785715,0.14837032092738428,0.07951707223464805,0.4774238365684389
8570,1.0795431224769594,0.49039361910398094,0.38689801684404745,0.3364414112287678,0.33293324332068547,2.7655575555194405,0.10986561247424723,0.05848236535210516,1.0615994163307794
8571,0.2875845282249117,0.6384795247331541,0.4467602859050701,0.1626535081880509,0.47656800744148614,1.4368013763819947,0.1792908522873689,0.12741336402762787,1.676630074851889
8572,1.5335828860538214,1.1743258368618086,0.37323743495097905,0.3399293234201898,0.5621551635160185,1.9204403780306116,0.2729633826826512,0.09031404594515112,0.523561412140843
8573,0.18884122823278715,1.0071058421672856,0.27612885218563876,1.1919345304173683,0.41200903510141745,1.7021459214222951,0.1367706732107571,0.06442891527286969,0.01721804579614905
8574,0.397632719747926,0.20054461413757776,0.39207779999493453,2.558471436557026,0.22611160627267796,0.8169108251067534,0.07272923128534153,0.18165360116479373,0.7769807166314417
8575,0.2621638756539898,0.2284879592406312,0.5961502657755862,0.9509432950958452,0.17106135258026262,2.6872391421511335,0.08609257484712954,0.0676522873175393,2.2213227733405843
8576,0.2636507544286374,0.4427175628546394,0.47543495207660447,0.2602800200832427,0.46451674406587506,1.0696266936568533,0.08549549104983105,0.12756923947164062,0.7264798117568154
8577,0.09610683358672878,0.4558068950365041,0.401512854093458,2.2594256606571075,0.39991203352244054,3.380261419354534,0.07516630686749623,0.1520132028565959,0.4959945451910892
8578,0.17739322248234235,0.252808863182668,0.7177321978421545,0.5443582131622106,0.12184704988012529,3.3804250224745944,0.2639838933297889,0.07429775833239655,0.1662049955164252
8579,0.570525903248197,0.12832002261816935,0.2976903430668662,1.503867434740703,0.44321869045159284,1.3185594484553527,0.14304651399175786,0.09656286207319902,1.1036599192005137
8580,0.3957182614828192,0.30795199865386524,0.10165650043098526,1.1066435431762418,0.46828783531662693,1.0486019424874966,0.2321373058947842,0.057763390820437625,2.355557078623556
8581,0.04122242862675887,1.0385889244368447,0.05011118881473198,0.7245939535574335,0.5927150843844831,1.8704738516545012,0.31312212987014415,0.11111225278546816,0.7384678053922444
8582,0.1427790682741194,0.31225793477756114,0.4610267663333061,0.5095989160391547,0.6541657474242691,1.5382224831188478,0.10504952153141985,0.11218632742014274,1.1084723895066149
8583,0.6621933970295972,0.2831523261141865,0.7946076507225306,0.97969416606228,0.4900177927904114,2.3222855307810244,0.16653635027427316,0.05693990391302349,0.929391967225507
8584,0.8441450398125767,1.2805361400099264,0.052695782766265686,0.8335930223110533,0.47875907014955027,2.846951656680096,0.09630392746298486,0.14581842045195895,1.3685991698830025
8585,0.3491855448684327,0.32190765910555924,0.4539838093080751,1.7691278062660918,0.32335616462955163,2.1033353771518097,0.016098725248557294,0.11333663048958703,0.7724729427016708
8586,0.4676629527210755,0.18398803674650183,0.4718545749578563,1.898769073032598,0.6900587736137934,2.5433308380343376,0.11834757284039821,0.09541154660335541,1.5603720997808614
8587,0.22455984637073617,0.7562209373737774,0.2486317282672883,0.8610499335358006,0.6144029367125481,0.29216108036563737,0.1630477238184736,0.05770226763195352,0.7407243298841318
8588,1.3052220236307546,0.4901091955949508,0.46641827983326783,1.3385584246043678,0.22258097847240516,3.195246233012543,0.05930358286667447,0.048752944271003754,0.2230694378650543
8589,0.19682652744535067,0.11903531804608242,0.3590831436714273,0.3453252605405539,0.6493138187930059,2.567041236091689,0.10340160976823196,0.09812714802541238,0.7202753157334785
8590,0.5391987179757062,0.30615277003057095,0.5454905588827974,1.015501295616561,0.6963076193049287,1.3306802775479154,0.012651866439766762,0.13669411044699745,1.8298910722083672
8591,0.893249474667503,0.5128310538457631,0.3354111668374044,2.556593655858195,0.1802024017819694,3.3630691147127876,0.14532713546095427,0.0762269095275007,2.0574819086656584
8592,0.9721784785767298,1.0568658488422675,0.2683919370608986,0.2832562121935527,0.49891292191085096,2.203276505359924,0.0638445055881349,0.11131191227261887,0.185278050771582
8593,0.6036747825892965,0.42129313491277776,0.37261974688272625,1.7162719724011342,0.7886514852650932,0.7375481171343461,0.06922895867510383,0.057356060203909175,1.323849272646282
8594,0.7131520332197301,0.43582428325254696,0.18896004250166776,1.443707792220174,0.4129145616626222,1.0317834589034451,0.10687504058544843,0.11550929580950475,1.4259942045402088
8595,0.5132063573643422,0.29169069258277863,0.39982687407453804,1.1346161373546502,0.6334858521040186,1.8190656038452457,0.16030014544590362,0.06978491314709988,1.147020747378895
8596,1.1777256368626905,0.49978915107724375,0.4258556899878718,1.1600055332281418,0.6454373715446118,2.5247344562788134,0.021773511989659405,0.05779437763589797,1.3428793042822034
8597,0.19318387151135075,0.9681552837204124,0.48497965187981135,0.4549774942450716,0.6717671501875909,2.2510931336610245,0.18466986268140628,0.030972350192396116,0.5035640316965495
8598,0.42752942270477146,1.3759402723819127,0.0708708899754108,1.188613252309657,0.5222649238741514,0.6819634897872948,0.06251508823696622,0.07173348356703593,1.3237089029455142
8599,0.21883701700655522,0.5354632129190302,0.5730632383636644,0.6177082383643626,0.4850690756131986,1.3967609007222404,0.14042928716367775,0.1239754293433092,2.0224633754852643
8600,0.3326817071462923,0.12953795633997237,0.4883103104008317,0.2093089127145279,0.3399929626803171,1.1758080322858238,0.161889501828363,0.08917322708858993,0.31714135537192767
8601,0.04653017742934801,0.3611572147958341,0.5068541069150683,0.2135231829604416,0.24050043779743496,0.7602827405649243,0.09880278759182672,0.10117176621669996,0.11209984728533617
8602,0.005673473285966679,0.08301966934426669,0.5613338700444217,1.9926514338995345,0.47263728637886354,3.061707401318766,0.05805270424303596,0.1141156692261825,1.322182552927811
8603,0.12102946971697787,0.7042887143921901,0.18217135213744895,0.041690644211377914,0.879686504029584,2.546516651837287,0.13858252302434682,0.11041824971571854,0.6890744347143607
8604,0.7818111564073766,0.7763617757019224,0.5119255712724929,1.4409929620316269,0.18797132939641165,0.9236554688605733,0.18496651379847334,0.0880021684080789,1.463753098042333
8605,0.9423127788762744,0.6487408015099656,0.011221147036047208,1.2942898900893605,0.25344921099367446,1.6361003387725999,0.057828473760918625,0.0436183356753376,2.6103566949355823
8606,0.3239199722404077,0.29029182636250433,0.5063356783853786,0.9509013570167053,0.28447771006512634,0.3517811544927629,0.1758662765347315,0.011416137297803775,1.0860396062723694
8607,0.1444191566902318,0.8054059458838316,0.4341663057477064,1.5727172398920672,0.38760259741199643,2.2788608085004483,0.33612415936218676,0.10269130830368031,0.8082593610723009
8608,0.04438883938499244,0.8137132761294062,0.19966440922065828,1.3589456832602052,0.470032229886411,2.076059485286121,0.08898463005922971,0.05992067618412705,1.8898904430936863
8609,0.3961487614697954,0.24301146139418406,0.5071601277954472,1.1916617149153759,0.6502671822492256,0.7401704173745882,0.13537369554774464,0.13582690988198676,1.1032910020369309
8610,0.38427111517079043,0.6172174994750663,0.6425357920162668,0.5350706694322296,0.7878390867156422,1.6624785563384485,0.15944305249489268,0.1957969096571998,1.4601900324986303
8611,0.1798598375874222,0.3059741449221667,0.06850631419468517,0.7201042117054044,0.4138718451017811,2.0969016941363874,0.08881398141648493,0.1189178458415583,1.8242840634415656
8612,0.6453797477403611,0.5939844438639068,1.0175816116418062,1.4213297664845415,0.6421436189648372,2.7458663042623828,0.07707922361174473,0.08704854893957355,0.14006055657136174
8613,1.3756720421711972,0.4053975672741426,0.34068522418635466,0.9330934591114801,0.46229128575058537,2.574537949579547,0.17278672973204823,0.06045529228955511,0.7243914122598796
8614,0.9120665548083189,0.12741199189453642,0.5629101727214384,0.9335302085442782,0.43183939535366644,1.0391403585080738,0.06994087084506478,0.06321930869220521,0.19924016800778077
8615,0.340077093141095,0.2906298277260182,0.6576948442417805,0.7256155370202819,0.21495094593686925,1.2814975433058002,0.1441560663628818,0.08797153147142749,0.9494007062891046
8616,0.5913493108044828,0.5444420664232335,0.45510693800878366,1.1283322612943327,0.6968849217281625,0.8515977562976105,0.1299799238278155,0.10998146269062939,0.4981950389334415
8617,1.4275271759868935,0.9592365391066011,0.14933137072425812,0.273958787621683,0.6143717886284776,3.0777236178427456,0.04684998356108785,0.013811541992360246,2.282558255758573
8618,0.38052862296223033,0.41478468723397094,0.2876644294932351,0.5735391543178439,0.29178757304876946,0.41700336536909877,0.03959673172806402,0.08912166240072526,0.778735346144182
8619,0.4088697292254707,0.35004203007236767,0.3415852776242036,2.15619453360944,0.4042185676864297,2.6094762544894365,0.19889501918147173,0.0172732306127502,1.35140714281821
8620,0.9915786135724933,0.890890501069626,0.3452698988390952,1.895994040931059,0.6583317923912109,2.344874592479683,0.03188409945237039,0.14099622439904289,0.8642739125539607
8621,0.06510261991937802,0.14087743323290913,0.1758866422755054,1.8109212493990419,0.4106862196242206,2.011344047784318,0.08414667198445488,0.09937889505548789,1.7402172690307611
8622,0.8204656253344258,0.3251399621842318,0.005532303845994957,0.2086568792207858,0.4493778595225557,1.057258458443535,0.022802449421526413,0.08915616850013311,0.23556900851127294
8623,1.3240609315347578,0.5395290565686508,0.40088141728933174,1.1494944107166036,0.3277015469784399,1.8965850264520465,0.1598715846962314,0.10948451964457735,1.034471886064847
8624,0.8722808727476641,0.2633538097125933,0.13193485115520265,0.45123698810551194,0.47697709016000506,1.8829120556089372,0.08614559867382032,0.08921032881760078,1.7801348131244765
8625,0.45159887793924025,0.17603883897514255,0.24661686374381525,1.6028919377460364,0.4730295584403442,3.119233047252249,0.13901366130498044,0.08156088071386405,0.8241089226247664
8626,0.8423888851559962,0.16054762904974446,0.5334502884728581,1.027112561014743,0.5325431076614268,3.183424445444878,0.14838409157513444,0.11940643077769915,0.4986624608015594
8627,2.058247367185313,0.544983466804952,0.4398681486391371,1.0427125831326622,0.6305742454070381,2.6108137647073706,0.2116690093228667,0.07591639758348717,0.4184133950743841
8628,0.47209211179461535,0.3184745614265016,0.9919936137574653,0.1588748167727152,0.9050965022460578,3.1370392707296073,0.1284660206127372,0.05091969740369446,1.5772302699447174
8629,1.2660638695213031,0.5586128792334195,0.2192800567512178,1.50918143074033,0.6659086646346708,2.655553793526063,0.04832602397432913,0.10750361447772497,0.17545724889693648
8630,0.40779171431046113,0.9306239132721272,0.6638051952290001,2.862918892087133,0.5221124404899969,3.0902007736639043,0.1195617051156638,0.11885326958296953,0.8171463662256873
8631,0.9234384104353988,0.7218717591109448,0.4351075809321092,2.361286106878882,0.6858360228551584,1.231957081380243,0.10733298564930739,0.08634440998440153,0.488666413109028
8632,0.6657032396546692,0.5358657409631454,0.057508377024882484,2.4541445840669756,0.5769117909491817,1.7228879196599292,0.14246202566699812,0.06474357953972254,1.2045417447840665
8633,0.8754229166509648,0.49345536625224296,0.08840217113354021,1.027244686729489,0.33871882884536353,2.1970849516451603,0.15807381264229087,0.06864132252125156,0.8210609732789669
8634,1.5073016262728467,0.796527462468134,0.857253454489483,0.6188784967851736,0.3192915995051206,2.635141316713521,0.08252978816302156,0.11229308601582005,0.4183590725792689
8635,0.3455792688336048,0.44963848251296124,0.38401796339145056,0.9391786881448916,0.3801191109828616,1.7780469394742087,0.06549361254395455,0.09500830731508883,0.5554541573546807
8636,0.42301803704244845,0.16489899380828396,0.30226290429470504,0.44374271687729416,0.6116173511045301,2.373778805848509,0.15250556376288893,0.08889975881383753,0.6886448553544668
8637,0.4393520668337608,0.5560202515373771,0.43541510500323494,0.326825321100356,0.36980557290406346,2.6476614096636486,0.0733365669578536,0.028825565226635014,1.461298933788584
8638,0.3902258454946064,0.6120947289977766,0.5622036649694505,1.605549617899245,0.718837527006172,2.3899461005531464,0.17651916855831132,0.06864890946931101,0.23527898239371126
8639,0.8378098635504452,0.8474678266272968,0.15720320257482423,1.5802913608427365,0.6317834316337919,2.5834496299143455,0.054538117236205746,0.11828577627040812,1.5430224663539907
8640,0.36777171179538104,1.2767077461161087,0.1463610981901511,1.3717820716694753,0.47961890486072684,0.578396378779438,0.06641991596797514,0.1596339893232983,1.9821106410132299
8641,0.2013589479973878,0.0667909946219698,0.4736504587733855,1.4173049237702648,0.5261061970559698,0.9956916668736606,0.0926603175085429,0.08495262992342412,0.05607035006787342
8642,0.06210844291292009,0.1450623995259779,0.9424927078474272,0.45760225854894554,0.0881341365873376,0.7163149604284267,0.18816664343685352,0.08876795574474068,1.2877655211047807
8643,0.8478999966317298,0.5055811000021995,0.12853096012262002,0.3054343984762503,0.22269924521376244,2.54378524542644,0.1879709913082381,0.09077024234103956,2.709025702052222
8644,1.0125409125993017,0.09669841130388157,0.03948379994405221,1.3099025279506546,0.6545134744610565,1.0721184726385788,0.031888689669872766,0.09331710978820945,0.42561445837508255
8645,0.3983287292564036,0.6820984459860795,0.23611146615132395,1.0889645470552183,0.6053818152775576,0.931764006787274,0.08281845373230715,0.09843062113066861,1.9682255595035802
8646,0.26700383565453417,0.8043358037996378,0.22044033092887266,1.819463844763897,0.41046263616144907,0.04766994389257784,0.2416423612346213,0.1081723180059398,0.6400265724070263
8647,0.19498465177728597,0.9465977299658213,0.4712929787837461,1.7169661493156985,0.2915488462767152,2.272543179164699,0.21125085548495257,0.11264620029473225,1.2973458835147522
8648,0.2610095120444476,0.5820230986653374,0.3452194090913383,0.46145221185844376,0.7923285138622247,3.511711062896981,0.09655374517565579,0.10918692639496799,1.9445746948634288
8649,0.9131237315667928,0.3414869925381476,0.30706263359228964,1.4782901852255725,0.6384633360478987,1.5671019077560044,0.0823050652818979,0.12361791863998692,1.8719387566986898
8650,1.7930893729768393,0.4706914760930793,0.15215490500787993,0.9991656011138189,0.3489645379508609,1.2847639155705868,0.08319419425367264,0.15227989676148918,0.07756918813412883
8651,0.15637927148291014,0.3887615202225887,0.9723533380105254,2.3844135454992683,0.5688549284959533,1.0281535941874713,0.23009977330686424,0.10245461859897374,1.7424768923579472
8652,0.1880769084443069,0.573320751184845,0.6467318579075969,2.676382151974042,0.493871655310303,2.1951600149174824,0.22146216457860451,0.06182043893719199,0.29034002383882695
8653,1.3259911338951498,0.5715360211925475,0.08168132553640944,0.33717466193206125,0.5785667999476743,1.4402467728561765,0.213924876363162,0.11891245332591566,0.5863669224780845
8654,0.11282218021534327,1.2206628476911647,0.29893657000562895,1.277627543579132,0.17994966309016397,2.0315952020410513,0.01087484538249997,0.07627151965104227,1.2457016756330448
8655,1.2708900373689784,0.9644930641533682,0.43772507219899215,0.11473546398731815,0.7446221275745664,1.00123891426684,0.03863486466079982,0.01565725905354215,0.42443165580198033
8656,0.19792034989926288,0.9899511817615909,0.3922847729257146,0.42377466451526946,0.3117885080864008,0.9078076873570525,0.012904581159266695,0.06904342238924875,1.8624576693165824
8657,0.03742511133285939,0.1701105932115448,0.4501290762792081,1.2302319382880142,0.7214711491551727,1.7717792230164235,0.20690349869541141,0.1323770362408329,0.6300296262612741
8658,0.4961914101394127,0.004915249628469842,0.20436203387623922,0.6561491108803342,0.9954059403287878,1.4998911576241662,0.0753545430938562,0.08440717353935945,1.0918006716065483
8659,0.21518154937884823,0.11637141073018761,0.3031045941174902,1.004048303228767,0.7775481273939158,1.8669714514614002,0.006452393095635001,0.13727405807596244,1.1096346329651912
8660,0.03657236294173952,1.1535463344979628,0.37445215692252093,0.4883766504306316,0.3639275091438542,0.2976180649217801,0.05958159805011999,0.07026857522693722,0.9448970337145188
8661,1.7360463245116233,0.4246193583206591,0.14417582783473543,0.9557264389123248,0.6396231275977959,2.0368516518135675,0.1854309355927909,0.11872347504691813,1.0831989749193702
8662,0.05041501972934495,0.3720950957567636,0.6335238669364692,1.5056167723514786,0.4072498601253134,2.424643000614595,0.06980520236652216,0.09877507348721815,0.9010303659559946
8663,0.610632685511284,0.061015096267918456,0.924271285823419,0.36781445902095644,0.6320832073375812,1.0167979249693329,0.07776681310329776,0.1524697309542778,2.3472195351325724
8664,0.5428723782229133,0.3938068355057542,0.20438761902361288,0.37987215925973683,0.6207039464867392,1.4825694678923473,0.07493769715102858,0.1092410523013542,1.4340871168327085
8665,1.3393562597288136,0.21040336629707704,0.44567152721007963,1.2958489237778474,0.4739479022384132,3.955814495483465,0.07462347466255888,0.1131902486539352,0.8071848016773335
8666,0.8057667935369792,0.460672538243349,0.42199980712270296,1.0398261215012963,0.44746986134026817,2.625691488139787,0.0655057310031344,0.11955044363128392,1.116009731793857
8667,0.5617040129649905,0.24187768044679323,0.6682868534876218,1.315341944432853,0.6733698870267019,1.5825528061431295,0.2485781458114789,0.07669838752517699,0.8565025298228193
8668,1.0847637792961873,0.21707559317602612,0.3763915030701888,1.2591666512249222,0.4539282726081756,1.1401934784969956,0.14273196182204417,0.07480959022734737,1.5052138685566714
8669,0.8983991253718175,0.1916644662252052,0.4453373600335192,0.5042135963898624,0.8499261468268873,2.4957187006354227,0.11602811086829262,0.06982304236917004,0.24255836997172375
8670,0.6137123092966386,0.539462258495021,0.12479173035901026,0.5948871571955527,0.4541585523466555,0.21998950813046125,0.11533603502951272,0.0725902735178233,0.0694883017849941
8671,0.6612522552108433,0.9591042262722242,0.22709072486577592,1.844563629990414,0.24930086440894433,1.6892863455796896,0.07393357404112336,0.08401656218997121,0.3683963223403411
8672,0.6450745652519634,0.2411958048455521,0.9499780473685625,0.6872079868402425,0.411450078867004,3.8818522982716255,0.18652949568016422,0.11752401139965016,0.9777840278229614
8673,0.5877150938936502,0.0488225882928619,0.722649574908623,0.8784832484310849,0.7423931337295436,0.8383884391729529,0.03796728807975319,0.046052100181179625,0.46382840721217883
8674,0.1458634260567421,0.40732043795481454,0.21308702518472716,0.6267380586302986,0.5043592483294684,3.0949890680061456,0.0125038784256115,0.11964917534073337,0.24879276744875045
8675,0.8396809728654382,1.2449766429669928,0.4610021289978651,0.390063288947755,0.5667811182523734,0.8439995385468182,0.11320747912220186,0.12836051155356615,0.9264316575036898
8676,0.29819323344693793,0.013040095709006994,0.2542516810858643,1.6105590134836723,0.5133134497031183,0.4534132276460685,0.07178155033545305,0.09337326106426205,1.1282064147086868
8677,0.7706733945159763,0.6674769107741134,0.405408888092907,1.7172214532254575,0.2919857806015523,3.896362725222005,0.11974025645769465,0.07487711702200399,1.1224427380664281
8678,0.6312710629957216,0.556067029540495,0.19054774922687917,0.26390410538190634,0.4554042283825564,3.801761200884658,0.061882621919836185,0.12111657030242809,1.3319820960871218
8679,0.44427960412196776,0.21443964706386012,0.33867402126498236,1.8070623302144586,0.4474879290190829,2.0338703680521784,0.04706466707057045,0.07576646343795083,1.1585208909880622
8680,0.9258856250287595,0.17932708363138833,0.337563253875388,0.5610210129125728,0.6067849364102864,1.505889246847239,0.19133898880723296,0.14159319473241844,0.699516768771459
8681,0.4347568075700067,0.29010716315964935,0.11709052493853228,0.9681127829520764,0.5583660206579448,1.8408799784580452,0.011121364281495086,0.07824191100194373,1.8311946803719101
8682,0.6386541378753199,0.5991849155310421,0.19876607987702102,1.0793009147633255,1.0285889900583962,0.872649042027829,0.051929366314934965,0.12816869810256512,0.896516021521962
8683,0.6990646245924605,0.9595676539844396,0.5744799579926474,0.4443371081897569,0.6216581821861658,3.6207928284317883,0.10679524707906185,0.11266475655511005,0.7498158716285224
8684,1.2332750411699636,0.7180189031498773,0.5494394571947443,0.33547103587081384,0.43014547884673127,0.17630071617312537,0.014119109457960355,0.0832796854660462,1.0882716689065848
8685,0.029913270128003128,0.8816093231796414,0.26988566655628565,1.171122012490947,0.5449091843416694,1.050611481279284,0.07193761025934492,0.09290551239238798,1.2552760911624663
8686,0.15462687142295323,0.11346909014692405,0.4500818865974975,0.513455667200129,0.5077191083039143,2.185096609933509,0.12152377366505158,0.10141913562544264,1.3923161119452305
8687,0.6541416150281552,0.6881260375993807,0.18355479921362122,0.21887622057177492,0.3454503489308651,3.450806399364303,0.20430288431837137,0.10477026355514125,1.5516907040166465
8688,0.4186409473470193,0.469369846291525,0.48458192764147157,1.2265130843510241,0.4161939843803851,2.8922651883573476,0.0862743110426728,0.0658164259581994,1.409923666188543
8689,0.4974411312953338,0.03555619797799109,0.23042214170816205,1.3624335844875726,0.5350789414507581,1.9574267839977844,0.0019882481512480815,0.06139603768852046,0.9365175449542239
8690,0.49674480406972066,0.3868112560879632,0.442016455282007,0.8335784086824403,0.528399124308633,0.10503470410978366,0.010961389615389852,0.09320058948564511,2.3678543202559776
8691,0.6161751201804386,0.5591958179180759,0.19694234111560838,0.3893573469309045,0.3385565080961783,0.13901997209231043,0.06274855922681502,0.011307879271069299,1.0538023500265865
8692,0.6553802532807498,0.5003200414875355,0.45527094934795087,1.3614604349386341,0.8940889888044561,1.8901992547616846,0.21625881406160952,0.03761257099106684,1.3676149449970354
8693,0.21727176793139086,0.05123712979785627,0.1401173336039731,2.4714096398522813,0.8040611068306356,1.2727321577823723,0.03383682801139931,0.022498323490594344,0.24091754668184218
8694,1.2630763558692713,0.023364263311623557,0.7900702471196863,1.5024253413924,0.20468702704429365,2.9483562397322807,0.09414114410335528,0.164304867861213,0.9907170082695907
8695,0.5501873244415512,0.6035990086422414,0.4029007079516933,1.5645810191103688,0.41451331468635255,1.1347203286839056,0.10636669973445671,0.11777407011199945,0.41676889767869574
8696,0.28608530435274493,0.6748262878681239,0.00825177080341527,1.1498321015781967,0.41482741777833976,0.6880799968710563,0.14437338289041823,0.06430236555799806,0.8281055257081249
8697,0.759309751633949,0.15122276967772633,0.32941233333996744,0.18045050221485937,0.4584800298850753,3.3689193064927547,0.1346859416846025,0.10439313163153127,0.823242709265279
8698,0.9553509496686474,1.4344448866976758,0.4595358500805363,2.1148446175408293,0.5998545398085502,1.7352451789243621,0.06041071655189247,0.061046089493214335,2.2717050718916023
8699,0.2833170874370287,0.43998569820831657,0.5808465893239907,0.942659281158745,0.43448632794856495,0.7677081429897032,0.09963380109020321,0.1614568214990118,0.8472311547383984
8700,0.4401814549937001,0.06806960740516776,0.4254465774214091,0.44407897778379046,0.27836101819160924,2.709427510461542,0.04800265101407102,0.0528065427717654,0.6952438795979116
8701,2.2000101680611945,0.5126587279020606,0.3678357198873221,0.6440038953284544,0.26177137594322153,2.0313818373957053,0.20297236140408287,0.1473443974178888,0.9432906498604394
8702,0.8416327979475466,0.47893429929329345,0.5939428553957126,1.2975699852558984,0.4822062109984953,2.163485773754284,0.07484156448173865,0.1566065623546114,0.7086763913467146
8703,1.0438886212246008,0.8777545227439554,0.16947672135894581,1.4679819077552962,0.536357165639544,0.6489171159599301,0.15733530691338166,0.08750012514046651,2.522999769908363
8704,1.6152746461395642,0.16245567691431073,0.3398062547149332,2.296457962582027,0.33577829937050496,1.8883467489171588,0.14806548603470882,0.04971116405721221,0.38645519222638564
8705,0.4365436010607837,0.6394049415125798,0.6469143474272243,0.6823581134182823,0.5851159342528719,0.585826909427531,0.14098151779194362,0.117249902121417,2.0476040981229384
8706,0.012434960236057835,0.672893890798371,0.3396246061856039,2.1284789130713864,0.3343992101331158,3.2446253990599265,0.0608280486851447,0.06846081273640915,1.4423620115474085
8707,0.6326828677575755,0.21786839860003585,0.3626938029213058,2.2055899758656965,0.23876569202189574,1.8159680968461709,0.12081065997808701,0.09326893847174225,0.4546882841740181
8708,0.6723188540440144,0.5862624418795442,0.2945126825160014,1.5606436624845161,0.6580161851055379,0.566046445676869,0.23197434623945493,0.11431009680087312,0.9097240617605432
8709,0.7470577337969511,1.1116111220414762,0.6701559325141235,0.44193404184333696,0.3948182916937221,2.151863389032058,0.08105909975721408,0.025444337437299694,0.8210183811634691
8710,0.8370834177190347,0.5346016461546124,0.5371171611983295,1.1382583363476835,0.6615943770457433,2.2795522956307925,0.31734322974619544,0.06613392164021087,1.1889026013389727
8711,0.7636358426952587,0.7575192784098025,0.3719258081484741,0.48848027572018016,0.5694388149234361,2.1941875440099112,0.13742867887501115,0.11823334303865829,1.2414464117939497
8712,0.09709624638477365,0.03399956212119987,0.21114973612673,0.7964086095721911,0.6516114147544202,2.3073169110346807,0.1530224738841619,0.044267675760018665,1.9959120248811213
8713,0.7414559365363289,0.19612063040222424,0.3784470444346177,0.9503221519579754,0.5087199674690971,2.0920932910845202,0.005161387387184274,0.11040713309275108,1.4822633954840518
8714,0.7626452966216966,0.2747101129791163,0.2858459360367602,0.9731860751452773,0.7935413249522112,1.3256153405680489,0.12082743459682724,0.12165843893681189,1.6202688336039104
8715,0.6272213103886947,0.6078949497030006,0.5104135682016504,0.9653692096636679,0.22859169554343162,2.8545675604298673,0.17821518090869515,0.09055384164015029,1.4420804150096136
8716,1.6000722364826527,0.12720880246766902,0.15721974057924212,0.6358713744474088,0.4268535436286639,1.7020269796909324,0.12150764164529268,0.14852734390632216,1.3017522624444615
8717,0.722467823977021,0.9222921952836332,0.21120012292224885,0.7311749955792884,0.4500316720638015,3.597294043096979,0.1871633758519224,0.04612120791213467,0.9060236360917572
8718,0.4833224412623862,0.6569584684504584,0.6946632499109839,0.7637094914829564,0.17696791653188226,1.6687566319303546,0.2743856793743735,0.07118702036527029,1.3823065451409637
8719,0.7414963001136703,0.08850634350856634,0.3029737389781387,1.23566652731588,0.625873352224283,1.0634413756715242,0.03288903318427666,0.10169462283856227,0.45770355734005713
8720,0.852991309620011,0.31076570158889916,0.18749442673896016,0.4770473553090099,0.5862826293926486,1.4336464172642724,0.06231663235245175,0.05989510725028829,0.7391320010759197
8721,1.0671611642462304,0.05451091982922629,0.8788822945263288,2.840446875122111,0.6288337526136321,2.7927123579768445,0.17379521965546968,0.053761584482482944,0.6545043659782481
8722,0.0624227020531582,0.3095541610585175,0.6348968583371958,1.92034355816415,0.797015363606641,3.240343476752996,0.041732911698229444,0.14463752110911676,0.3536548845801418
8723,1.1786996352895296,0.3517525581408004,0.6815026195508351,1.568035676606041,0.5067639176922296,1.8654770692837983,0.15569845248231035,0.11879319770211103,1.3136664824405986
8724,0.2262437730175009,0.5436627620707444,0.14392263896497604,0.7508848716777116,0.19675316271435483,0.3842796283808203,0.2562781950138084,0.02235788829428026,0.14409651680277547
8725,0.720538670442569,1.2970107957053374,0.5820148798810221,0.6637085952676824,0.10937295736045655,1.9608863383939135,0.05839534228413972,0.05936445713763348,2.6061916389733053
8726,1.0345591641728968,0.09440667091369537,0.4222033556728795,0.018243763402087776,0.32001841704268974,2.5393308283348426,0.07206765413991187,0.08611098203194908,1.0003157478819942
8727,0.29234357986445286,0.5536750856216084,0.11980570327350751,1.1521762926807884,0.3911367819744572,2.3778106530987917,0.07741297189729446,0.08251814070846611,0.269233858577682
8728,0.7336351336230624,0.39226345380574024,0.7108369870188239,1.393720110865232,0.4806350393686738,1.725872208977588,0.13393068775827136,0.08742388552368932,1.6087786453003114
8729,0.12757764381097444,0.23085998428072435,0.4742339303623164,1.7487358439646097,0.821094438422691,2.5038971291772025,0.07956058733947058,0.06334977713178352,0.7248606953056197
8730,0.05137210231449624,0.2683306734760368,0.0069618503696898815,2.5589238495247177,0.34884738349125166,1.6682171188746673,0.221007513089022,0.08289717494924945,0.3930535626329654
8731,0.486414204470299,1.3540541506147687,0.11700771132699309,0.15716974122299543,0.4687031298428165,1.1102961198533117,0.20042529356556416,0.07877261164061986,0.5865728061926047
8732,0.44043094259550447,1.1730093841667606,0.3910195954603752,1.0853473455880902,0.11473426739078807,2.0100770568494264,0.07090066214792001,0.04793315534276113,1.8607431665686889
8733,0.3801971259118637,0.04573933923757362,0.08168420916531097,2.2846315260578165,0.332478819922988,2.222312916397777,0.1577540460441964,0.1615933903996712,1.232105115133321
8734,0.9710657004804502,0.2798542837258845,0.39510838041538177,1.007730708188394,0.33973549132686753,1.8892717426544416,0.07730417905295549,0.043295145605640045,0.19260897664085064
8735,0.2641985552204921,0.2835393819307271,0.018479601460688166,1.1305669410639834,0.2619559423388923,0.5494489399722806,0.14294731554209666,0.11912840347156659,0.4545416400437484
8736,0.6797796044267188,1.3536220044134046,0.10627327825613939,1.4840622516824504,0.7042192914401831,0.5586150586262191,0.12689561832389135,0.08571244462324829,0.723084528014994
8737,0.5686063298049585,0.26486949812754623,0.0364688704969342,0.6623156318949857,0.4440140815298631,1.1723577073265288,0.07549045281456743,0.12714245477565123,2.7151912700320437
8738,0.6453041809549457,0.03651190034151802,0.1249204579681511,1.386287188992733,0.3566776151162342,0.7396219549601369,0.33160214571923174,0.08614345179546341,0.5453864235475249
8739,0.225020823188961,0.507063828122353,0.1913913689366503,1.2725423603719763,0.33824746111947956,1.6721983152446829,0.1755972675238931,0.037424060319337676,1.66210509636599
8740,0.8265591231230482,1.1504428013537378,0.53213357474447,1.0092305139362294,0.7874543959931968,0.893390636400662,0.1311060831992255,0.07227918651343967,1.2429358206376624
8741,0.09274369997320805,0.2881427544603974,0.9351866786289436,0.933021112457906,0.7612960624859718,1.4973645879502393,0.05459231181569256,0.05974908131328943,1.4583234444320436
8742,0.2788224128030245,0.4293934344960517,0.3540223106997104,0.33815422477771473,0.5406061801956199,1.6193645824833007,0.2338928696278833,0.13379402010645794,1.4370499999696535
8743,0.4023596768291867,1.5658344301616351,0.6657186836227011,0.8935526699532468,0.08750395814652212,1.1051192549814342,0.026584014591459842,0.0675227207208219,0.9703356728050971
8744,0.9687725924471082,0.27900455566325216,0.9055906731535869,2.012387255112574,0.6988715472314248,1.1262825833273382,0.19232377947615636,0.1033392667322483,0.3653793273972991
8745,0.42615425760925496,0.6189990703969435,0.5741516313775558,1.0593330421146248,0.5720988241845395,1.2226524767610951,0.0362913454106574,0.08238545574942713,1.9215731129859654
8746,0.08411295779839026,0.7581949787611577,0.32119006103907327,0.6486122238138767,0.613055640578815,1.9725835610089861,0.15593104095579152,0.07399147449555046,0.33206075809562696
8747,0.5057082196977059,0.5691740177493048,0.9633431992708897,0.7599866169191745,0.2592925546833884,1.6042870897869306,0.13528542237011243,0.12704669836877622,0.4358053342987599
8748,0.7850398201055462,0.12765407752852603,0.36604314729248927,2.9014124757001674,0.7310411299847311,1.4813967215821036,0.150928557335813,0.05792457919964819,1.2004429076506198
8749,0.530004934025073,0.6632538516339379,0.19197632217195237,1.4442704021032466,0.2029053275307261,3.2615958179106004,0.27637091452126433,0.06612504186683182,0.44433122941741565
8750,0.8326705858450765,0.6647653159007993,0.6427716196166288,1.0322630750934052,0.4189111879159736,0.5510910669868556,0.12245768200606366,0.0766284070295267,0.39781721610077164
8751,1.289455987241982,0.44732864079334744,0.960388335209161,1.9761922406416246,0.4054598124674327,1.5904351996527482,0.030674238241300444,0.057269277383232835,1.174744895210637
8752,0.9086645241185287,0.1825666172136325,0.18855462575546322,0.28194906309969847,0.5888992616967025,1.9830255888637087,0.0878517385090499,0.0808564614232368,1.5142814128597677
8753,0.26653401216660205,1.0485380629667063,0.40735334621565733,0.18916231398438077,0.17578989817614604,0.9747429923905957,0.1645650665384658,0.035553526448854074,0.5169966545225255
8754,0.11555067018115206,0.27461851089774514,0.27253757239932425,0.47644412295117927,0.2530301445650479,2.6123982277230144,0.23644953830766663,0.11684393408971919,1.104390402434546
8755,0.3173533012317871,0.68130761293441,0.15075982557727846,0.48640889156919476,0.7977342428355112,0.3698302337951216,0.08153192594941075,0.13271374650552484,0.07234498657113142
8756,1.0746139666680368,0.05831991789593444,0.23273686278237665,1.4273693422202918,0.21541819093829395,0.747275207502733,0.06071552250976961,0.13372776089058297,0.6428387159949944
8757,1.227525353311589,0.1934061918142825,0.7801504080214565,0.8664224393398706,0.4621340745745185,2.340207550289236,0.16222158508376527,0.12966163740613706,0.7905171801799453
8758,0.24225627802088465,0.28388549507194655,0.23176179531343993,0.7328057418225453,0.5159823748415376,2.569644191591814,0.2391668831572234,0.10472826953872945,1.470881935921641
8759,0.9923406699281128,0.687744449736365,0.30067808207332475,0.022685129312174368,0.209579379170876,0.8642879613119628,0.09865168873998052,0.11432040805930828,1.0068530096287818
8760,1.3868690769958179,0.9199168269964846,0.6894535201673303,0.7532359319525842,0.48063956447684725,2.295490646292534,0.21376249439028633,0.05368227183324936,1.1499134078751752
8761,0.4070773471346086,0.38254651401855166,0.24841277774800824,1.2727937878582076,0.5348086464596284,2.413649616444361,0.2079183859645521,0.11000135922876345,1.7558321970613244
8762,0.0745770988866955,0.5797397321091263,0.06924488798754125,0.5112353328736324,0.889683978115617,1.4144600904640263,0.032387880185111365,0.11034757953687119,0.35930861489238886
8763,0.8990236965702498,0.2741133476059173,0.2861467009130062,0.3586986942588034,0.4162877094428508,3.9776923269951663,0.021057821880323693,0.030565381016476316,0.727968863273175
8764,0.11580322011106295,1.0429116561646707,0.48151888228812434,1.6828295087614156,0.4776265228841347,1.0467902112845429,0.050018096744593385,0.11295286399014018,0.68080201944316
8765,0.7338414474729797,0.4788102867996008,0.5199571108771437,1.0122676228543854,0.8248008469197384,1.3538260324159508,0.09212464436540743,0.07216310338998255,1.332434783482761
8766,1.0029016889636857,0.7891799984934476,0.8947784807585059,2.126695892398703,0.42424514612859315,1.6525083376683116,0.09353409942898244,0.07692032450008264,1.6294705249775372
8767,0.159923397210173,0.392588853832512,0.08830398773351797,0.5251495510623332,0.42963282048540824,0.9619795031182081,0.1790245848751097,0.14863891479274555,0.501681362929038
8768,0.7530152755684596,0.5182651302232997,0.6056422537911819,1.0163059870818758,0.7331404049985373,1.7389148477291725,0.13125469285005528,0.11582404966787516,1.2119171830623068
8769,0.13915816802153003,0.629772586766704,0.17764628606300611,1.0115523218494056,0.5644522461273167,0.7947407892381402,0.18697528421251935,0.12030286718264097,1.339385930103014
8770,1.1425195954833616,0.8448049737952326,0.6441392346081813,1.7185365978444485,0.46267780547340803,1.856363113899314,0.16214129288748544,0.04453130171198413,0.6674859213467638
8771,0.7186705326179587,0.42169244141490675,0.288477003302988,0.20970304273527496,0.14464353298234062,1.9216644609196951,0.1936406992804899,0.09669334284464824,0.47675902288625477
8772,1.1829567297350132,0.10343968548628846,0.626899530594222,0.6805745506598588,0.5462757106826723,1.8378363198293504,0.11700183032839269,0.053746405876129145,0.741192655992136
8773,0.809541221698679,0.552379527163128,0.5725820954134639,1.1103209543228079,0.6504516313905696,1.415131453018376,0.01949921862225766,0.030697617303757106,1.355546331726656
8774,1.219695871541881,0.8242879275131709,0.2879507008477144,1.2839884605441407,0.6936608162506901,1.1399174762476065,0.05489880419616252,0.11903442040684593,1.0198413962544124
8775,0.711344853557338,0.7322028506351423,0.43078262795185795,0.6642105863115451,0.7201102343607115,1.755329154830177,0.1816670531632899,0.09863192489180848,1.3979442122882895
8776,0.03961553379053909,1.3717009134812266,0.1287766618173141,1.499497216119463,0.4867282453832,1.5069298300555212,0.06135464535374051,0.06751015137116309,0.6936080521295065
8777,0.6375209114517946,0.4066976904132222,0.11094616411045369,1.1336353002814905,0.11483327445404296,2.7864146907746843,0.09659787915890086,0.13091934053086213,0.720001114664407
8778,0.265324010460694,0.3064924240057735,0.9847555779969109,1.0421810128600404,0.5245741964385595,0.8609736076838895,0.15311794703405135,0.11502267210772033,0.9203487816116172
8779,0.40862137293332457,0.1557720675290406,0.47809444398196155,0.34903746863156304,0.6221931483841356,0.5630753966902768,0.21903162740655063,0.05742673432488393,1.2733536320759584
8780,1.1352412181617233,1.1089343579302406,0.2635450451990805,0.5779694586508881,0.23589508457893504,1.6898324183994957,0.04993835667853205,0.1333253753635502,0.770935620746952
8781,0.2973914851818841,0.041369746046101386,0.5226600178686136,0.21053257042494755,0.26875584107336636,2.7493202243487236,0.1306628148431499,0.08184642556051565,1.970994843973765
8782,0.03206851587876458,0.327521218623479,1.0314889822384674,1.8522326739664257,0.2625411755173984,2.1629084686951052,0.13808960733156717,0.05365360849819691,0.654994907362552
8783,0.33291560862265496,0.5248846823000726,0.3096141568939331,0.11058061629433114,0.19317318425156704,3.377964753628704,0.053517078024827726,0.04560590743278428,1.0137178627414727
8784,0.283048950439328,0.3815798410966218,0.42367644164458,0.8809517085471575,0.48553429335112686,0.3403914637868326,0.26725888492248406,0.11407547063336401,0.3923525707021219
8785,0.2070992644552534,1.10602087266648,0.8806565883600254,1.415956937736938,0.5804224854702296,2.7170685582504244,0.18848473665686927,0.0932889486910994,1.0540605397111906
8786,0.2369852485810494,1.1666991178150852,0.40544628088232326,1.0498158684897732,0.7152455406457369,0.786104396311673,0.09997352050402515,0.06137184597443066,1.6418723788416196
8787,0.3412252628318815,1.3243248107555685,0.5899364388171174,1.8027817918029552,0.5703460523386488,2.631301934411548,0.10759559034752823,0.09017374649414535,0.744335732314062
8788,0.26865453253039906,0.19667554760071937,0.2601091960886426,0.9722519601935445,0.4953162677181941,3.3480838005880615,0.10902096945971661,0.07716689735520893,0.8169578756457627
8789,0.7453758537564438,0.5126638527834101,0.7176139650513391,0.8864385156913273,0.6224624878981937,2.1984843620706545,0.08811286235044288,0.05699320959141065,1.7298680603550751
8790,1.0142250313570527,0.8397036078533935,0.42268833837344677,0.7199607097888341,0.29761954824756065,1.9318355853547684,0.10349219404320767,0.12137436423195602,1.3488545604227387
8791,0.10023039245287813,0.08015563325732489,0.34629749941855337,0.20347158918693098,0.38823655570261234,1.5466209576519099,0.22330533956980353,0.07974818737638935,1.0429523382594665
8792,0.3956571593814609,0.6992863738424998,0.48884293596271633,1.2206210701067364,0.4281263438314129,1.67372340789611,0.1409056481248441,0.06799964772325331,1.9709914990993411
8793,0.34191683932764805,0.4000827142185349,0.7428640771229802,1.3668604778630908,0.7643823921016091,4.214025110933673,0.2305974759932441,0.10696580888008961,1.465534387762808
8794,1.4078426762241356,1.1750918572394136,0.12109605356175374,2.991099575023439,0.8437599727268255,2.2503196111337975,0.21029360210771073,0.07272459890856063,2.3265216116230762
8795,0.9219731153197839,0.6370024345485548,0.192679941205751,1.794979705477382,0.41511005157447123,1.2338151553689376,0.3159434873839312,0.07420113639264142,1.5228748860999923
8796,1.5154424014986851,0.15711274589767832,0.017942698954643677,0.6408105441746657,0.7013175097603686,0.6719450077358828,0.043345674351674926,0.1102430404106463,0.545332230058016
8797,0.26169085660685215,0.7490942161089349,0.5535188957421853,1.6674439960720469,0.6120339259643167,1.4605204202392066,0.07553184292441698,0.08309240404232371,1.0483047433644985
8798,0.7862930512821535,0.7966002932344322,0.1985641072811095,0.9660225709626106,0.560981056944597,2.7408616122041147,0.22253038460939883,0.1331018481808195,1.5064286345958176
8799,0.276076666626106,0.16533237009907828,0.1016771537624962,0.8790490524945235,0.5675484275633735,1.0565996145699041,0.11616466091697565,0.09821327966844974,0.014409512094075705
8800,0.031039785174495294,0.4470639786706465,0.45284882279032945,1.6815990621471315,0.18044305690664947,0.4388488437028204,0.0138295237298557,0.11097223399043835,1.1991238859125066
8801,0.2694244116538165,0.02540215183766098,0.007273981251030459,1.0609245574145716,0.4750634619022087,2.480586672821012,0.09006123335633863,0.0021243236844421948,0.6767877827254719
8802,0.5951959816070738,0.014100594778184594,0.3900348755505244,1.4810404838133926,0.5407685009381363,1.9206520553997315,0.1424364443147032,0.07315747277003448,1.086633987645874
8803,0.9759118333166927,0.530813277291496,0.06101297981855108,1.5429194787864184,0.23089713008919682,1.8510781407320673,0.08222173251727026,0.1672229110516359,0.8510473410132701
8804,0.9494851352485567,0.11366655748612414,0.08486057030081892,1.077709711613633,0.2628834699992626,2.411204960060001,0.19751075113898026,0.10997895808000623,0.7710984651223535
8805,0.022355341176235277,0.39285600114393476,0.39936273692458735,2.1298987406970236,0.38733222191966266,3.845563018574226,0.20369381940610554,0.15453168514030236,1.1394768599493141
8806,0.21902477389464742,0.18669499684165833,0.5181372738524446,0.8448596295690365,0.5739780424458402,2.2213769862874484,0.025045431076123087,0.11663095685718464,1.085864796140433
8807,0.0902358686051229,0.28344996156498914,1.1941583307153438,0.24790929511173676,0.5211950819978785,0.8418594058628179,0.11254730011114154,0.10709245912527442,0.6364089952313651
8808,0.2443553750768787,0.2835140217318348,0.6424149723698368,1.2691276363079298,0.5286914358662496,1.5243240343224813,0.07894093439328889,0.03898508261826312,1.5120394136508064
8809,0.042533143589721906,0.05521905116102016,0.40808395021144195,1.2710496534375846,0.5029583529274757,2.56846821494448,0.04195813830852768,0.10625148723596183,1.3481585807054506
8810,0.229522398870194,0.8562942167727587,0.18892661951309836,2.1425019831642134,0.6189671094480796,1.5290855113361155,0.07563667425469661,0.09983436205134164,1.2549036077561209
8811,0.8031350412879594,0.6181153851117118,0.7495106967708915,0.20788205541720162,0.24232250259176513,2.6592961132870414,0.10763414305305005,0.0800551698412999,1.5503036849743643
8812,0.7846234207727263,0.09121386760183264,0.3514140559120057,0.910977637371383,0.5187203849188721,0.663976858850841,0.013761638764642092,0.06383667159602885,2.084995769878722
8813,1.2409219908156375,0.6078591835684466,0.5569163765247002,0.12227123037287291,0.22280370302526886,1.3692355282791722,0.022501282468000247,0.08479973400832393,0.4966786332820019
8814,1.4310569632071137,0.15532079928698328,0.6087062841815999,0.729404149049607,1.139495166560065,2.520224584976525,0.052281710819823676,0.11066247255069486,1.4576438216436864
8815,0.7520558031056945,0.41186086739520994,0.3359341486454363,1.6382344135428417,0.8147783926022092,1.1363234984400397,0.06375962419318573,0.07632353441238568,1.6333540348750728
8816,0.017726517849026346,0.7665523483020055,0.8245750116063009,1.647049821972216,0.6299025973160736,0.3269908887820099,0.05813827426235534,0.12912904969657332,1.775254683716291
8817,0.31185430297206757,0.37665399129062316,0.7149749861932595,0.42978138087754847,0.6514660077475081,3.2972390539891325,0.07126102366823664,0.13063158963101032,0.14254054119927284
8818,0.48607333388801716,1.2420342540444549,0.03489420545186411,1.2569794947022035,0.5354622149012908,1.9521434931067136,0.03665130957260877,0.0902278356807513,0.7593749553325128
8819,1.088029583926678,0.6193730427727713,0.1563113466436361,0.5816717185490947,0.4294506881695192,2.4149068189554543,0.19978089124439968,0.14694674447369596,1.5578296843131092
8820,0.8621412960382842,0.5007318877612567,0.4231812670163947,1.0577493935142737,0.46081771617599737,3.0461631413358417,0.11888561966972336,0.11215049199380894,1.06836726149741
8821,0.2129863656001952,0.5247419985732723,0.4186144925669618,0.9933694655715899,0.36892142848567705,2.044545905600243,0.06856787984547985,0.07595050116358013,1.4893896192956344
8822,0.0953569559406873,0.01386191252702118,0.6477431937525804,0.34323719643326334,0.28041566474072965,2.7099958574041434,0.17225384580166836,0.07512946690441744,1.2784316874562003
8823,0.10255062975772475,0.9396408515546169,0.4984325476747944,0.6854263798947806,0.5662982785095454,1.4717878591832325,0.14849555448999385,0.15355837259848523,0.6663174756221968
8824,1.2229683641731126,0.11156803185227468,0.2857401949166569,0.31745327483668495,0.41888585075446627,2.0484583978789797,0.13195398129022973,0.10754059971714944,0.5407149749755408
8825,0.31097692616136263,0.2271614028400701,0.4169073968888263,0.8158518967288597,0.25603625402747604,1.4956915924751994,0.06076897035965689,0.1380453476321757,1.0089774415492214
8826,0.2883063970506973,0.07745739341846297,0.11193105420251795,0.6230441530556217,0.2787566947485829,2.811679100249517,0.10850779663140786,0.12656494025526888,0.09492343253536328
8827,0.48418215932721476,0.595688534009177,0.49971443260258275,0.39999281458195235,0.37847740344481157,0.8365024438842161,0.1812032788185997,0.08297478015917865,2.1597165798160596
8828,0.23526859936212202,0.5422574572839652,0.5316538342163639,2.313329897867148,0.78470138686291,0.9508863051430422,0.014915014263672019,0.055912623061153466,0.23490987454231604
8829,0.9928657498333036,0.6375560013930304,0.6591707160920974,2.5872665049759447,0.5260103670781963,4.4427036948547105,0.1535523166538024,0.12349098439165139,0.9170335087169894
8830,1.0262360147526681,0.7189708627235456,0.33169645576682116,0.6066551009549881,0.41336973668009425,0.17246202008430744,0.07469526083262545,0.07349271475117704,0.2893556052533449
8831,1.1979633124177778,0.8840852719140675,0.42012051345270773,0.6207554784601415,0.43626239099383096,2.506504047749975,0.1903131090756012,0.0813584955381233,2.0380165756040545
8832,0.16525271492185573,0.7961070117845381,0.3918493684062059,2.129255789203046,0.614998231549361,1.3551574401940245,0.1345169308641874,0.07367880265521078,0.9308515738427657
8833,0.5891536545562976,0.1169587708669346,0.38472871162006517,1.3853784972311494,0.4740428184486659,1.2276694426924872,0.025578983361873406,0.06409433477132977,1.195925918772865
8834,0.0900659384094333,0.9042218949481102,0.07974615283492631,1.0807247008703853,0.487599781852619,3.002468655600142,0.049054260740168366,0.1231081466917946,0.09516438526431348
8835,0.4314766931359003,0.9200695701205799,0.5090679154866324,0.9043212761075466,0.5649018481506216,2.598986860581454,0.14922555598170759,0.0819780412497423,1.847451310236766
8836,0.21405137504129795,1.2204079713636837,0.7059911208939996,0.6142102651028388,0.7159213769526344,1.8613936302410496,0.19522489486532513,0.10218193063183609,0.8060449847732839
8837,2.7252423039052416,0.7327092443349237,0.6305042408229422,1.0005444137148984,0.15329548709059554,1.7595660096855281,0.14241662092198248,0.13360805601725723,0.634939559547715
8838,0.4041389859573272,0.6098509422448433,0.24431753050146665,1.5726883869854276,0.6047144704763608,0.7479687962392808,0.06830380389827365,0.1449816218240448,0.7484222643181885
8839,0.5528145217665579,0.3977278778101181,0.24781843797582503,0.07824870709419607,0.47278053526198627,1.180255590910404,0.08329860073768104,0.1362772047068585,0.3910730490720131
8840,0.38480477479897446,0.3636095899107066,0.4520262588399862,1.3169372943521735,0.5316461829737895,1.3820238990373028,0.07824268415931795,0.07350302230336986,1.554879517013411
8841,0.1986247965646812,1.1072131713064772,0.40565069781570495,1.6157628391234329,0.6509219144247623,0.9982154546900869,0.017631992152939466,0.08552569254249229,1.4234067973525186
8842,0.33435294093066636,1.1092964790821576,0.19194382601251309,1.095777876344964,0.11413085188296362,2.003871893634526,0.017671668409802638,0.10081937835098415,0.2946986312738594
8843,0.372474275643632,0.6731776958271565,0.012053087159294207,1.5485172355508632,0.4107620181261856,1.5837662177852385,0.2010938001169169,0.11907489288386196,1.10655131462521
8844,1.2172794348843134,0.3458830450346754,0.2967384022857192,0.3407192915307232,0.4245094317519034,0.18027700459387908,0.13071886446202402,0.14490757877884508,2.42097817849681
8845,1.8173124405306327,0.5605457125793054,0.30296874625812575,1.7248285159972905,0.493313186598182,1.7459310582092917,0.16258086344061057,0.06173307331696149,2.5123697007398222
8846,0.10293780009603776,0.6723802015578915,0.5843764251234715,0.5067773122834809,0.7066167613571098,1.503262936656366,0.09286328687405718,0.1273358172624962,1.238942813619904
8847,0.09421840366975479,0.41114183292583384,0.43494854714745734,0.5689534831192712,0.5498974045672123,1.4926519940321923,0.0051788020065798995,0.06799275671279076,1.5250865328151346
8848,0.339617149828048,0.401821818702075,0.23198012705473536,1.224161827928781,0.5458701233794372,2.596639848433729,0.027174771644432355,0.02907157238062001,1.0620750724441166
8849,1.0053551718599396,0.05253747396771957,0.6552215173716871,1.8786345582529802,0.6691586154384294,0.6345854458538844,0.15275203684200417,0.03690405846793965,0.7602085559865712
8850,2.529667150159419,1.4878140271059024,0.1342098694122468,0.9685091128643878,0.6147095869491555,3.9800457903138957,0.24497711562008728,0.07390363238856526,1.5433476888727666
8851,0.680865130076612,0.1976580963352039,0.2505065628034502,0.144425683182552,0.7129926572065226,1.7086780303951148,0.16968956247588823,0.07358256898951587,0.8330515507105156
8852,0.8879505688035954,0.7663309878860174,0.7832897236375613,1.2263870992074881,0.4319165472002686,1.2025539678190353,0.02887909069173429,0.060644228206364524,1.3043655945777897
8853,0.8984622421932338,0.033624692498584074,0.31939280826978567,0.4401028941330847,0.2540870492541465,2.6646730023652365,0.040493091178470816,0.04458717994925383,0.7752563149820796
8854,0.5215525819065198,0.37300981484068246,0.3203624419681343,0.6723085347902786,0.16447772219893614,1.2418381608980078,0.1606096731882373,0.03859215533549374,0.8501052329240889
8855,0.6045306955961454,0.015916636266333717,0.441033760377174,0.6070882518315528,0.26447385883135044,2.5684071421801,0.3041732141658476,0.1479867668293302,1.5389596886012873
8856,0.7869257865193913,0.7369162004701908,0.5544574908472153,2.493958486984036,0.8059430717946543,2.638242384033515,0.09095973638870272,0.04957743546991122,2.7199461522606247
8857,1.1393293215733578,0.36191335846760814,0.3311452657881782,0.8712924830126187,0.6247258750492359,1.9221225839783154,0.0404937681302831,0.0937205198321368,0.22961489904991927
8858,0.7616885944790632,1.2427142333963332,0.0031143897419161903,1.8214078558539888,0.6114621730013496,1.6418238430012206,0.11015086472193598,0.09750415362146436,1.1446129032017094
8859,0.736384035508785,0.35446111997268115,1.0322573593174482,1.9100623632104061,0.03450710848266936,2.1007784741410562,0.10845722730150748,0.07604654690391702,1.3265948697162295
8860,0.3129617831303476,0.43110185074124896,0.640039296711379,0.702040992834815,1.0258464455000222,0.8159029580945087,0.28473371694394595,0.12159346389493464,0.00964083813511818
8861,0.32956221702582084,0.5147567092645737,0.9371232103357967,0.8570599226845259,0.1508709484388756,3.2562572847122646,0.08716025633720094,0.053032816732788916,1.4963106044057817
8862,1.2001699179780152,0.6939654134019272,0.0985749430190962,0.9634748090540641,0.29859412695008986,0.6318005505630988,0.04629319369653421,0.08750905722123795,1.32852009818059
8863,0.8994679170260214,0.8447723406920817,0.7292314920320492,1.7410666252080202,0.4577511969140945,1.7844127911336762,0.21569410285415988,0.1420804488607637,0.2860660168585475
8864,0.6205242635653454,0.7473536840084934,0.32122321625719535,1.3545204277446332,0.5660316452849141,2.7708546019016795,0.07565927553772384,0.08798423854979999,1.3719878866410484
8865,0.0742145947302596,0.14146006262731192,0.58456441918319,0.778654432636452,0.07343251779485432,3.0826150711288265,0.04351722593583482,0.13193806546659814,0.9893234795097763
8866,0.5831942188192296,0.36498721806967366,0.5613748438116386,0.5770550646670902,0.5582984267710187,0.41080422339587797,0.05294330172431369,0.1444948021947842,3.2414924552175064
8867,0.2641621359299791,0.29230956544481196,0.14104167843556953,0.9993013459763803,0.42136004019766393,1.4027827415847764,0.09768271809633852,0.13539440897629387,1.9350507252117186
8868,1.5151516207983342,0.8527427634959621,0.06541958264840109,2.3430262813360976,0.6015127682055049,0.45716024063188887,0.01105651876719592,0.1195443017605119,1.4911972836284553
8869,0.6948340333146158,1.0551347922766907,0.3293159721519061,0.9600459718665395,0.23766534431093567,3.6838637197115935,0.11697596317310897,0.0931979451589298,1.2635246924571226
8870,0.3951751322191541,0.7044947390225342,0.5495158267780198,0.41126594579641995,0.759975667537826,2.470754993977338,0.19506904453628376,0.033865614818756794,0.09062336306608876
8871,0.6573066002223131,0.4270177433405,0.09324882489417974,1.7234721718248882,0.3870416244707205,1.1383353322717267,0.20880314441784323,0.12150582520366501,1.2075746193961314
8872,1.366575950555792,0.5106035919686979,0.053458725781759975,2.4952708358616675,0.16687583911503695,1.5958952656405674,0.12678321188761804,0.06202655127970972,1.259031330165698
8873,0.14079063104528663,0.1536801980491969,0.30071580407297116,0.19376965097966148,0.6681068632507179,1.5140649658311687,0.14749468205390193,0.11524813875298948,0.7009165094600267
8874,1.1848362220427002,0.20022158008593577,0.17169169912811766,1.2790827353119285,0.5743644198372977,1.408048504943055,0.23853094679879577,0.11089028874011775,2.3250060462218904
8875,0.6567981433487373,0.5109877116450143,0.5013110311650822,0.6758472189186198,0.4925125514774415,3.7605760995294233,0.06313503050449996,0.06404207540280721,1.093786165787881
8876,0.9531824620504459,1.232918750349222,0.9340167377747731,1.149333288386844,0.6025973968817688,2.9812545480425325,0.10797751538059706,0.07055490603339794,1.8789821508759288
8877,0.994466479854218,0.69104589375002,0.5167176685151483,0.7598881279487106,0.7476984470786585,0.23015936949527482,0.15002603913186574,0.11395545460397322,1.9233496407441757
8878,0.6372008883428202,0.01126159845847996,0.1440203567791627,0.9444823105792416,0.49124575963746997,3.6226067208359614,0.22479375685381606,0.043164448221105746,0.10776956907342095
8879,0.721991602041355,0.28704527856691725,0.22907057925890578,2.6583821001028585,0.474628772122628,0.8600811884668331,0.08005650614312931,0.012609806967905576,1.3577532455447232
8880,0.15533888851706618,0.6933660840686315,0.18238876343366697,1.4668269610297742,0.610605643791012,0.7706539693642247,0.139054087635735,0.07962783345873319,0.8959804778409463
8881,0.6330377916967012,0.7910710618018989,0.19375010082342778,0.2006129727723076,0.4643658784385406,1.3012679957817943,0.06299177799956235,0.07752151030632307,0.1384680631715446
8882,1.1677778596583257,0.6461178273579812,0.11379916395862813,2.3017867647844974,0.6774845698451097,0.24741901217434825,0.1705794431925505,0.03641667597354551,1.9374838832282373
8883,0.2236963289128648,0.7122139288635161,0.04529206684121051,0.7138479411988943,0.5825072766642024,1.5568997175748043,0.06561812766910846,0.14230966034954062,0.5493105496427042
8884,0.501727368928893,0.3482196294243365,0.3227425878864162,1.259297813315737,0.7259620502893371,0.831059227622415,0.1051865267290277,0.1280597512263158,1.41989434573023
8885,0.1333445416800936,0.21602647318200294,0.08221955845277862,0.31759136021336554,0.9088913859862715,1.5169643906002965,0.14737306999410274,0.03527058936680211,1.3273075934294012
8886,0.5170748238912058,0.4424498857274972,0.6176352986400537,0.6466740307700773,0.4816338399100201,2.2730361177493936,0.07705515097767021,0.12154800973339595,0.8923060701675926
8887,1.1570215922289335,0.48056006412879837,0.4010278056546206,1.4664619440322024,0.39408419407228273,1.0564125820931245,0.18120594541595836,0.09980561805019472,0.11207266364961255
8888,0.4624761724275014,0.5134784743218632,0.5366131471934024,0.9448062125042874,0.7577015440627715,3.2984266741989385,0.20367239204502868,0.05212220615199149,1.540660751222421
8889,0.6038872566225998,0.8479068485154828,0.3294074904918256,0.04428487559957239,0.556693520172846,0.7970975852260822,0.1197097855234614,0.10299771803489331,0.49886647237149356
8890,0.23445326525846194,0.5684518241565542,0.658838359557013,0.941954673158208,0.453069905518632,2.2335576707942524,0.12057954470805042,0.08281522189972873,0.12373555674880143
8891,0.6971602136497359,1.0506278792879713,0.10949778334333218,0.4802371132824548,0.5098092099475338,0.5616666843792073,0.004712219044236257,0.13464661473544975,1.0439563319295995
8892,0.5825465468247719,0.5950632140958841,0.3085426588720436,0.439534224257361,0.5126001975806141,1.0185476774008095,0.04558329312108753,0.14365499646860802,1.2289943908039689
8893,0.9112693075708944,0.8432115916798864,0.6109794892296506,1.7187125239599874,0.5566004990527916,1.7744289061201963,0.06078303019245071,0.08326774967494147,1.0055455464221246
8894,0.2450264122808422,0.25918198725517394,0.3745516758193409,0.8637396568579002,0.33141870925063116,0.2854881156845115,0.1010181145263626,0.12445329934948178,0.8945806350286274
8895,1.6910680718145639,0.447448522466544,0.5132397944888887,2.3157756931839732,0.552037240291812,1.2535678953543847,0.22197551289180312,0.14721858517893055,0.23231984316442367
8896,0.8948432705143019,0.27760802579211663,0.5654448811634252,0.5952913413879856,0.335806662611712,2.614865742317048,0.1272594448557568,0.08042626084744348,0.23198962896347675
8897,0.3526803836403527,0.22164870735682135,0.3340238108840245,0.7421825788243626,0.5057866918020782,1.905808890335591,0.15048563702722756,0.12448243650064875,0.9432091977007933
8898,0.33555073149543363,0.0729012801776785,0.20718274121592653,0.7065283502657268,0.35821189017778954,1.3119817558252458,0.14539654007209585,0.11655113361444935,0.9215924156449716
8899,0.27504646178271397,0.9690820126626054,0.9155366410659989,0.3194652809493108,0.5702025012179178,1.0918575227950376,0.14884650350880013,0.06750392648731994,0.5896894634634866
8900,1.1482598695974087,0.24874332946861177,0.7086904223375822,0.5574739172209918,0.7843486500177587,2.4817809865240346,0.18328282513555688,0.10434134753278707,1.6641040463083154
8901,0.06304223928627511,0.12647002661110193,0.10034679907792698,1.3020209965492315,0.19921371322096382,0.5303619705206795,0.14329612169666667,0.12736638247560705,1.254135024262338
8902,1.1009254677625484,0.3806713495186154,0.44392079357236847,2.074476067328325,0.6848851495286745,2.3592608786534663,0.2234106483293818,0.045501662293992474,2.2322209591187168
8903,1.6778569194594832,0.672015529946671,0.8854274801419478,0.9751865805668442,0.5138527387593652,3.2933239440009787,0.11294497249092679,0.13731538713919703,1.2710492110582483
8904,0.3113941502430603,0.3536236912638706,0.4321668409334422,0.7717257545653953,0.706494491646737,1.5795347977475684,0.223943246787134,0.06842370855592968,0.06148789158022361
8905,0.18409279522711292,0.19359661266893205,0.39761851027340234,1.5544518027639884,0.7167986868291286,1.8819579678431988,0.08210598448383738,0.05384746263836473,1.6541568798178934
8906,0.7523976174569134,1.0103709278250812,0.22028813138765085,1.061853301544414,0.683914764683494,0.5364318026479062,0.05171353671166569,0.16388098633800757,0.11361669787772255
8907,1.3448151310754717,0.33828951652842015,0.44876235837723644,0.19418884497625066,0.7225007487003567,2.5527170618899504,0.20070810810480497,0.07813468097762966,0.49801860330089764
8908,1.666505334309366,0.043549827260385754,0.5479285428165692,1.217656003174838,0.5829821768424043,1.8345964701133712,0.11942139614677046,0.10926194513113133,0.09562055305465511
8909,0.6689824852041562,0.1437004998553887,0.46243287342327744,0.37945954500799917,0.5223085418752146,3.099995629711623,0.13068269140314445,0.10412849682273687,0.19558728861411767
8910,0.38002596503174463,0.56707807849385,0.612815383573102,1.5962248577436369,0.6402615745843256,1.985495282666316,0.18150008067800433,0.09887881412019177,1.4900831196450721
8911,1.024387314569735,0.7890898736175801,0.37623705299466226,1.673898328635142,0.5500088482734486,2.361667228920413,0.09423613540236948,0.08370818527630107,0.27963357850844484
8912,0.31529136062181573,0.7828584220542775,0.7707349173515372,1.1425214318595014,0.7769501933944535,3.5133223508868197,0.11293738584733672,0.1097714535824259,0.7659060500682721
8913,1.106896624971767,0.15134010915257878,0.09531179067815623,1.2121925423178057,0.292308585046786,0.8462241844695834,0.16530822749640373,0.0581227392221379,0.7413813023099949
8914,0.8454839635324878,0.5347282994605091,0.34239560764939897,2.171144803667543,0.40855895901163186,2.3866569326837084,0.09866493469040773,0.10725890164259128,0.8406354269657649
8915,0.9139419309682411,0.3129507609883344,0.4647360864823391,0.41916736996173154,0.6184721255823449,1.764823514784275,0.08380676052097086,0.13479877560565595,0.7792141230682486
8916,1.633053334561888,1.0857332365665382,0.43207539067284,0.2109363742276653,0.7243489136897483,0.8067454476603659,0.09327243725417343,0.12182432302677004,0.7092666653775483
8917,0.8985851062146615,0.6272442165756005,0.7518542894229304,0.06833416844404616,0.5403918386986919,2.715651846828484,0.0640873942450913,0.12312316528312824,0.1725516002105525
8918,0.06582039860109362,0.7601027080097985,0.5145093135753678,0.08341977143550172,0.5889724021929588,0.8821523562672808,0.150934233442258,0.12660405043263526,1.7682529392163546
8919,0.4445756331389976,1.15630951501874,0.7012390221706004,0.7985302137445789,0.14815183905394907,1.6778070598052846,0.008095346412425944,0.038615804194206384,0.6125623772434425
8920,0.3287717017975774,0.01153104880727951,0.6131435976979949,0.7396588338198815,0.5439856663819859,2.7850525434961213,0.0918082551156955,0.07433157088994244,1.4621330190602597
8921,1.3264968851902699,0.7857413505254944,0.4653510251599816,1.192442623730605,0.48987808068981087,1.498170371279375,0.14423215654206262,0.08311756172515719,0.6674246123262582
8922,0.561579972718609,0.4018162342209978,0.335328562737392,0.28447555767235955,0.5537334545816498,3.7214230374523822,0.2446432975822323,0.17350501877975028,0.2858309656322141
8923,0.07432940892094547,0.7306677871066025,0.10404462368026188,0.5316137768175078,0.6827101680172676,2.0457509124776134,0.05903803781205406,0.10246615251081534,1.1594589554438293
8924,1.2895412905097419,0.6007675539428512,0.2457134991079909,1.5531506033514995,0.6811867443448689,1.7004978546619647,0.11040388171596646,0.0734695666596156,0.504790478504013
8925,0.6570361893549174,0.764623646155812,0.8564875480887223,0.5124657630525484,0.6461731999748694,2.321066442860939,0.14451651439539048,0.08438429579130502,0.7786102504794332
8926,1.0030252612688917,1.0862473776713337,0.3528192792124882,0.7399768370368107,0.7592360276521564,1.9802504897141264,0.12440369212846253,0.08169746954077796,2.2420350558049646
8927,0.6422006533133546,0.8311530154867393,0.5211429862401209,1.849610876572358,0.8814357383970077,2.575500003784784,0.06928179785771434,0.05591930551561437,0.4540146643907423
8928,0.778455450237618,0.37382864798502413,0.3869998645016738,0.8740467043843506,0.6295585060737487,0.5699074931514518,0.143364760213748,0.06833914865356082,1.3232187665271717
8929,0.7442399075475283,0.8465211068963296,0.47321660916211694,0.971250057330827,0.4656230447099323,2.127845619952959,0.08216936766741495,0.09444479457805262,1.7205144143614368
8930,0.7498294896717788,0.3923718151965889,0.37914521603605855,0.49465311429405695,0.7779834308799911,2.7542164971371914,0.15448123263917485,0.07920418526580703,0.522564887156804
8931,0.014435073583966507,0.9532621389233282,0.09680719378411101,1.7127344548494463,0.5165909093070608,3.805092047773684,0.09514940622191999,0.08386060613537125,0.8414293318493951
8932,0.5512408901588812,0.6782419206441791,1.0951926437167097,0.1635208010461625,0.5305318369459484,0.20495661891559314,0.14862837061224726,0.073258571683535,1.3110430982948236
8933,0.25722332278050775,0.21548684405804816,0.5999667807923301,0.9519797989770238,0.5520362277417976,4.815073936908399,0.056872471746634415,0.10750704484499181,2.2876896488200265
8934,0.21545012364760602,0.50315413059281,0.41971544881394396,0.7368506945348078,0.7912793839996399,1.31433023236959,0.11770001444930407,0.029414466540763087,1.521752889031833
8935,0.8656896423483955,0.5889663498092867,0.3446084173825353,0.7248386973429247,0.5242392212199033,2.1330094601400926,0.0976488995766519,0.12405321285160106,0.13691519963457166
8936,0.47723491327307893,0.17837278142751092,0.20334550566739304,1.3935786511230643,0.31865982247862623,0.7757262856029458,0.07633699402813222,0.1494549422258959,1.9631844687772853
8937,0.7481000600764656,0.4197022205270391,0.27794424155570613,0.9095783620222413,0.2733504450903286,0.08809643043838467,0.056398688240610034,0.15956032187337352,1.709707626571361
8938,0.4905001424738994,0.49024518404639283,0.5836507018196755,1.4350700368357305,0.5536932792705453,0.8770810076797795,0.18371417346014557,0.13915780803671518,2.2376478007269025
8939,1.5500796387925981,0.13278221008233165,0.7240766696891421,1.5574744343026317,0.47174605045071877,2.3385263121336672,0.14288579366404586,0.0548345128985927,0.5332090459917721
8940,0.6198876401739872,0.7397010725231714,0.667953672483313,0.7291453725686277,0.7333189944535159,0.3078645956670585,0.026531644748066005,0.07789581404323168,0.5582570428328364
8941,0.2624763099374225,1.2119969420512464,0.11992074661636215,1.0926736615261776,0.6217170043825405,1.709857292274717,0.14683193253644572,0.05445226173872132,1.2835136149121646
8942,0.22027870603473323,0.3078937551929733,0.013362638570183494,1.6119998710872159,0.5733910316839711,1.419132849170379,0.23499294733472825,0.09544987675558017,2.0822040936180537
8943,0.4584937176240862,0.49558462147723326,0.3706810228369529,0.7997786724987762,0.3275160616312385,1.172291133940207,0.030068404277600005,0.07784368104651453,1.6254676887347408
8944,0.8333136784591912,0.32159967014921487,0.4019896516470522,0.7793061942078388,0.6170288588553419,0.6524175023614269,0.11809499427844589,0.11503073519428486,0.7476992888074226
8945,0.6893357948475856,0.08051475756022108,0.2936842489255107,0.28656832411115607,0.5479158088587474,3.003866970522764,0.1041186972430277,0.10224785510670764,0.9293624189901606
8946,0.5086147511505981,0.9052200860729203,0.11196927111945418,0.4594398624541527,0.16376241099175243,1.2672588492013093,0.1544182656898162,0.12455957560720682,1.7174136621044171
8947,0.024148425720005973,0.696454918077285,0.5697681204597358,0.8968186643487728,0.6319340647573604,2.376660014922738,0.07131313797860929,0.09708791593449237,0.16982326196581754
8948,1.1888188974109468,1.2089822832805077,0.5090960280947316,0.34995057413618513,0.7761768110552099,1.3938705325821594,0.15185389373461616,0.124887361541972,0.6335791774154099
8949,1.3871275299321273,0.29825096814480584,0.9080665791386595,1.198896714673185,0.6571500272830025,0.18362829739710262,0.10501539397763157,0.0865561469967496,0.4625590176462413
8950,0.27509357151415115,0.006122161506722901,0.556882016287293,1.1083373287584866,0.22958389712036348,0.7415205334674312,0.0654982321064745,0.08271214808964646,1.046597268122858
8951,0.08745548170480488,0.48036810093559523,0.3644531388440907,0.7870882812687341,0.7067909435986819,1.080853957048789,0.0921197067786303,0.11440313177220647,1.0217886576968844
8952,0.9507821928152946,0.5674485989077784,0.131617308884489,1.1580713737636108,0.30879423680426527,0.8645945881457151,0.18245088835529777,0.11573191196797102,0.9382092746721449
8953,0.8462431964455004,0.8156276227554575,0.658059461936327,1.9112072488282257,0.4430091897570845,0.6219916767962059,0.18459823654398272,0.020849549175848373,0.9579594194663349
8954,1.5678360191041354,0.17744226849990583,0.1093797467507342,0.9304294557510542,0.698939822019937,2.6372930454944488,0.17259447776866987,0.10241796129884559,0.5983931562290599
8955,0.40054063203556645,0.12280292031535467,0.7037241768660576,1.486973985151379,0.9555155444709846,2.387501851435266,0.22267632265948556,0.12487383216539648,1.8950431955104716
8956,0.6397681932694181,0.6204519469794829,0.9314787223468312,1.050059310367793,0.12027117892092187,1.2410694017582191,0.15223609315746855,0.04692808062486327,1.2471563588243648
8957,0.7616654557079219,0.4572797604459678,0.37322976219080106,1.1586373695131085,0.7156105298126756,3.0165935340730834,0.1569462860101501,0.10884676190803319,1.3945096794926282
8958,2.1425068297171754,0.1776850379956188,0.6210428634963533,1.2778076961047669,0.4083053879850187,1.7157356432715438,0.06180792727399764,0.08874744758839567,1.2336345846904493
8959,0.8558699737358713,0.9757337155713819,0.04749122919852927,0.539917209831721,0.2870753534401122,1.3448151784339415,0.1854221534948951,0.09818045476931793,1.023961246368696
8960,0.2836057322551987,0.1463086698260086,0.7976639756637609,0.7188763887069332,0.7765481586052658,2.28378299011621,0.052015344846058555,0.07007484669420626,1.8612001624376453
8961,0.6450376447423979,1.0510473601563557,0.38048809481705975,0.5764233860257203,0.22983701097734166,3.1711543626200625,0.049118004246090564,0.09367264863793794,0.8636761834811968
8962,1.1720609524342487,0.25899541785945834,0.3991922398187264,1.2965775448936894,0.45328013577097215,1.4413571410104136,0.08672228778499998,0.07838621238920676,1.6149810010658776
8963,0.17830165295311945,0.7549867536027159,0.31135609995529695,1.930780138611642,0.3389779431867738,1.2497888970477589,0.11567156621815679,0.09559439132515213,0.7196368257558321
8964,0.5024990244956227,0.17496157197154535,0.2728840601270855,1.1776302464459611,0.40942922684751315,1.3531112019542175,0.08174604006969173,0.16090229839568632,0.18318235110400327
8965,0.26066701143752813,0.1858592157744758,0.4342526708540482,0.10698257120261145,0.9664865591573604,0.268148950726282,0.1434127441724719,0.03404852838899098,0.9606570927655147
8966,0.6154815488661638,0.7351109913089291,0.2348194647672167,0.19322470524887747,0.5891245729208103,3.4477274144756302,0.20521402529998656,0.08230820161278316,1.3370308077555446
8967,1.3017884444802335,0.4342037068073136,0.42401287217593997,2.157606890886378,0.6121473267397126,0.8643520932904012,0.06884564334068703,0.10291849548426579,1.6170309096577686
8968,1.7767903763896986,0.549797212937458,0.1343936203716896,1.0128931934441128,0.3404140290461295,1.5297672310389645,0.15293697990613694,0.1150963773032028,2.443002773121136
8969,0.47762863777312126,0.6756758887183665,0.5524889354180991,1.592173744454406,0.3943322050754666,3.0379102453078897,0.10042571249541352,0.0781358044733,0.7350748142052709
8970,0.41853087798928945,0.4392878734938025,0.18416335058389052,1.1149395417384984,0.2558293864585584,3.9803135957642946,0.1276471277242506,0.14583746375392959,1.115271157069245
8971,1.12089733550131,0.4605814963013677,0.2792056611712189,0.7014987367901127,0.6531570957872173,2.430248660203075,0.19436261402617935,0.12378869275081308,0.6825418063751919
8972,0.12812721097839744,0.30522870604469904,0.8340631556815036,0.8562474226332323,0.29762486476143224,1.676708111901031,0.15039288363780745,0.09980938318326242,1.8399025056942415
8973,0.5823754090734207,0.6401798337884921,0.23179730760422634,0.41032104843111383,0.610761347076995,3.191068300621512,0.08709945562249775,0.0797776996661814,0.9802358741632671
8974,0.9058678804056797,0.5561147260636699,0.20408922870295781,0.6828244917459603,0.49271225065832297,3.75815344718914,0.3046226512193065,0.14057323502851937,1.0701529397738794
8975,0.8511490436488163,0.5908033122961325,0.3622670858018171,0.5864978927353113,0.2578736697154904,0.885050295097386,0.01596507274900477,0.05014436492814962,0.8847738698375553
8976,0.3476966749281659,0.2752254321526476,0.3872292295159812,1.1457665871154146,0.18563585824832834,0.786504173449349,0.07098151850494694,0.06605395501834976,1.3066817085500326
8977,0.7115918709029447,0.21209149618662215,0.662457028808128,1.1075868371331101,0.5390712096082131,1.6294537317964521,0.0898817471589443,0.12379428720375343,0.4414368740760482
8978,0.38796298227395454,0.8833367580757576,0.3863717091215684,2.4683225554317265,0.595834801860234,1.8764353349921152,0.06393991967638658,0.13162094877616992,1.2946066041136377
8979,1.0760815166178355,0.5159879742087417,0.14271396796495195,1.1483272195829801,0.39646385480358315,1.2565359670247978,0.275896574837502,0.1057788849803078,1.3505163659651438
8980,0.8042909635319955,1.1415661979754743,0.2512452364774295,1.4315041800349249,0.43492702389072235,2.4411329301797835,0.10631784336573398,0.03194250336550728,0.5627378731753574
8981,1.2488926907505018,0.7109675582683584,0.36216659185191946,0.5665680647952596,0.5595341465638899,1.6247466324639426,0.2462822746168425,0.026600082398672925,2.150995786559656
8982,1.0108760543603519,0.05220306776453709,0.3184252413116197,1.118735235072275,0.5180151286347922,0.45015405768713457,0.09152008412730117,0.045300705930330774,0.3845100622973416
8983,0.8744227527367654,0.25467339805208344,0.21895929524573765,1.3925017524536938,0.5160410071142827,0.4340117010068687,0.014140874652155286,0.08960933139065626,0.6866841147002948
8984,0.002835557339889272,1.2414454168511273,0.4215080601760002,0.7674102746089746,0.56856057127079,0.16145283357954,0.18309361307045374,0.16996271606600744,1.0553455819288804
8985,0.545338958966772,0.5185390263388534,0.6794254898472131,1.59993019906755,0.21768513387431526,2.72261346642588,0.0017754540518424705,0.08420899673606808,0.670416300118559
8986,0.27950995602132617,0.7246166645789107,0.23970439512586694,2.2712117302376496,0.5480363472335777,1.7042274877919787,0.23828572891137406,0.11014831349694255,1.386738290562083
8987,0.49483591880176947,0.3525796724785588,0.517259092690047,0.3336498903479522,0.30848137135598036,1.6142003218722776,0.1633125710066739,0.09414349020322066,0.5686791225314056
8988,0.06992310739525387,0.04639074818876343,0.28225886816801604,0.4508669339319338,0.10965115759578059,3.0205747411046815,0.3438796150335945,0.11806733221246227,1.7656540648422425
8989,0.9756526967448349,0.22545509676739062,0.10044062437795981,0.7772560936099364,0.4295367877730367,1.0086276815297688,0.06426390427060785,0.040776412328539915,0.5033922317352348
8990,1.3262756411613426,0.9994384182034928,0.4747169234696922,1.0007051285318627,0.5530331889527821,0.8917810258705131,0.05767324961507706,0.09322791159186719,0.7557711955620445
8991,1.3509342406000724,0.502705833822749,0.20579838934729147,1.0544272615357682,0.5635554790457813,1.7255899177448208,0.01740237917436789,0.09203544299823886,0.7333929984993378
8992,1.194114974637119,0.7207640195723025,0.979059934802402,1.0026682296811487,0.5597376867213405,2.3441194473714315,0.16121769642865239,0.047632840190832734,1.3390165678645016
8993,0.7987820230718683,0.8363669769370136,0.27435818804048684,0.630642120958688,0.45580551094683924,0.3979498155292014,0.20470187288932798,0.08084358245965477,0.8980575994323396
8994,0.9396099334229979,0.17846703762327998,0.2468714548755807,0.3348396731934272,0.6942794224405466,2.8157325268535427,0.11146387708455373,0.12610989109827075,1.052121437964505
8995,0.7400493973100835,0.3817456683738944,0.4398759746413902,0.0876918649495092,0.26977689961323426,2.6808138807078166,0.2542527978062466,0.09823203077551554,1.2762612160323774
8996,0.19844069758821087,1.5587797186032595,0.45112480703520935,1.6606092965008767,0.6261106093960452,1.876688637197419,0.016490199906483538,0.05806131685750607,0.5584761103609641
8997,0.19549505160412622,0.08009595457448432,0.20335113312822253,0.4329644531482113,0.036848445481304615,1.2247855710181823,0.2235832927019372,0.11667594192216169,0.9804443670140426
8998,0.021412543780223448,0.2181532813362377,0.04362532533801766,1.1802695546825483,0.7801670982536764,2.670189649390849,0.15832089514718373,0.11412574057717484,0.2584489934889407
8999,0.7511108357232181,0.6943210605433847,0.20496216053813932,2.425311543641394,1.060840868902476,2.9301240219622757,0.04093794215125568,0.10179421334015558,1.1812908820441514
9000,0.053156316670260384,0.47949960728637075,0.31882284835543195,2.2594740761296563,0.4481937702291433,0.7748054892934501,0.15511569915172746,0.07314780906734189,0.20460137130213396
9001,0.8610710461862179,0.82273944964724,0.1404052590438308,1.5460822936761414,0.611283567015302,2.8254274855454353,0.11642047108236121,0.11037989259170711,1.0258839529147887
9002,1.1235419162440339,0.4254523220321894,0.2674326533100988,1.0177532662321038,0.536976062984049,1.3453461758996252,0.2995518343229034,0.12147770520786201,2.189533297671151
9003,1.4465245960941335,1.0099882707555308,0.47067708753748333,1.2422253235755634,0.4371271548134692,2.564065310826708,0.09787678499039511,0.10065410005821537,2.3816143896276594
9004,0.08650390183016185,0.37254455542261067,0.42872834723912295,0.9783317824299629,0.28134055067399383,0.34137891028106493,0.1277952846589363,0.06809240443250315,0.4746052598460081
9005,0.5909765032841308,0.23787056758026479,0.14184314212208965,0.402729181939372,0.7597076723080805,1.0436627449971545,0.1257146466399108,0.12198889444798394,1.3692800997388903
9006,1.0381456744703714,0.22297012563014723,0.17046867881551003,0.7042014637312332,0.627150291170308,1.590134545718343,0.1513474461763225,0.0961033187473147,0.9133165322701915
9007,0.11474604901205812,0.9453039963778977,0.34826445590433963,1.5238113104895996,0.04640097694919049,1.195301958087922,0.05699764917565547,0.11841326203375627,0.36727751418494853
9008,0.18948786157684924,0.3757883276986722,0.18622244579735717,1.6260992762555697,0.7310909105457979,2.746968831016612,0.1172204613387547,0.00897355960876331,0.1278525188766393
9009,0.5653448934194698,1.105600113956179,0.557107868457301,0.493039990028315,0.7550255921088947,1.8816764646319533,0.07042981730622738,0.11029562293517028,1.5711163184506183
9010,0.6333614592882745,0.542928013249596,0.002528002799493889,1.2458758829569692,0.2940687916829893,0.44637983059297404,0.2759007660295863,0.11005060568845906,1.0843315604517612
9011,0.07898789082169203,0.7149143338205255,0.04501957294827885,0.3315960228060776,0.620527056827722,0.16175775808736237,0.1853467873590449,0.12747942709484877,0.07326911669095848
9012,0.05390417597839789,0.4202169874497803,0.7019596785943485,1.8477075702036316,0.41980520411184974,1.2852602911021078,0.3396404178597052,0.17748998547410563,0.21080455339220516
9013,0.06735948114129936,0.4640196965298029,0.16603965751339045,0.418139307348941,0.6481927726199812,2.0537549237640857,0.1966829063674553,0.09317373632616799,0.7693524416290797
9014,0.29663002946432004,0.38332260213083635,0.707933842600093,1.1514639548367351,0.2810809041740847,3.736091922955664,0.015205362315311777,0.06961655417666422,1.8471779183333883
9015,0.14160676675507733,0.2540021649524103,0.29230876385570176,1.721840498728697,1.0155308209659757,2.297548647760211,0.09697946742559369,0.06796932972514205,0.8269809615638175
9016,0.4600566448444158,0.016686971729581723,0.44822014483010236,2.2333586740686573,0.3715287927276631,3.609826095766466,0.11382107352349634,0.1055305208603498,1.4828311312751445
9017,0.2608276740064455,1.2470952628744725,0.24144925409838824,0.3736814254133993,0.6456896373383302,2.0605729635958414,0.06752109041411396,0.08669203958296735,0.5744678854374974
9018,0.033860760051000444,0.1738392512527151,0.28648167139096786,1.115995806678782,0.1905209447532995,3.687204682900335,0.01799434232993595,0.07783697360901114,0.6514638863608393
9019,0.8734310812488331,0.24907956237716172,0.6224118647253236,0.04592142882336103,0.18565315470716454,3.2724670397607634,0.20295509516185048,0.0809108373509589,1.885698217962726
9020,1.1534628549590717,0.7529136897740571,0.2728782153933468,1.9959086409622353,0.28863722490225246,2.177577946570004,0.12531473195382303,0.11273164747891441,1.8152141478650257
9021,0.7064458121672059,0.2957060596189732,0.24922895101313636,1.6005865855992902,0.49609526603823634,0.6993371448073671,0.11424782660052568,0.10647773983561916,0.013806414633418695
9022,1.3871617353113384,0.3840383318951175,0.3845191890408208,0.8567957879432165,0.619227937181339,1.6185331360426838,0.17294652225875035,0.01903400378338313,1.8091424841595232
9023,0.09045235231533358,0.7992657735394094,0.6008411085493791,1.9852512689451385,0.7352945193680164,3.2631792071560293,0.2093836228526894,0.09132208920803633,0.7534933042871245
9024,1.482951492816846,0.6962203038247872,0.37283320676089726,3.195676808805794,0.47321122470024385,2.4278202813204173,0.18562246721857023,0.07311222628066266,0.6781852089329657
9025,0.1709288662805394,0.09696691298217613,0.13834700783462428,1.7950346371204033,0.47419905313968136,1.8166556219089551,0.05237500820350279,0.08017255802376935,0.8340224853709881
9026,0.2762725506014948,0.6043059276046037,0.15470728736718342,0.4885411813272323,0.3809701937960278,0.7213599265548808,0.13300831320741935,0.12010815462924938,0.349419398016083
9027,1.1973983302039777,0.8727805624122671,0.7092210321622877,0.03671345381321511,0.7579829918355312,2.6582880172787897,0.12245740473370703,0.1424927984820406,1.971247512504901
9028,0.5579946077433697,0.6580213372500753,0.37334060492144144,1.3322389653182254,0.3070132887514981,2.9680254056483726,0.11760322437990725,0.0963582674151986,0.5268814574837635
9029,0.8333724535631153,1.0904409961944135,0.04922947872399325,0.22277083460119795,0.6330195530918099,1.1396229086914311,0.1389451481493634,0.09567121450185438,1.6045464510403784
9030,1.3486184228517903,0.8924745854013432,0.5786250872813122,2.3828188338872742,0.39755979035324873,2.814273562746114,0.047756933108937916,0.03198374480249109,0.45596129255749507
9031,0.06418785312240177,0.09904100549961209,0.6469452990073079,1.0486530619461036,0.2546312066440964,1.6139161786499971,0.13094429881839742,0.09821312344887996,0.6089344338611387
9032,0.5788373153565993,0.08389785200957012,0.360699914032615,1.7419717958937104,0.6091576754949779,1.210625225925888,0.1542876198692591,0.08065046726099648,1.1608643766393811
9033,0.6863432008982058,0.139332971926671,0.3052980896930785,0.7430138793184131,0.5709523344986237,1.6592626213188981,0.0110987286372492,0.09839239365783935,1.2454043190016122
9034,0.05548682207385064,0.16981393419982402,0.2687702621681279,1.5305279943891037,0.5269345817121543,1.5872046998639506,0.1006421657516107,0.12745272245038422,1.5237221280848008
9035,0.30957497629063196,0.5876557739094947,0.2150759403984917,1.0605205266471858,0.365409833577939,1.2577164344848148,0.023893821961155248,0.09813219997953722,1.9562016829622275
9036,0.10053798173377448,0.468776731635915,0.3819348267363959,0.15629458873945323,0.5723879773541071,1.470630949179478,0.2103687583578252,0.12092753685623003,1.8011428190759249
9037,0.1631497999099411,0.08194332993760128,0.2272933920593625,1.6374406847917244,0.6855617375350141,3.048561523174948,0.20615689726235864,0.054943918180207,0.6095027615934857
9038,0.6584452033687149,0.2770492994090444,0.7780218147056457,0.5724960767085174,0.2631244070037585,1.1171211654362714,0.11592266047570993,0.07275589036916885,0.16406292460504046
9039,2.4332634632362553,0.4981029878463703,0.7279119076129568,0.2918543332897541,0.49424549045914484,0.06025602934002583,0.14656918099329572,0.11307513880271432,0.5196580497108283
9040,0.7187587320348622,0.9259156599988725,0.34570515842044014,0.17788555880381707,0.5028157200313539,1.0081418241906541,0.12246022036445595,0.20730472749319123,2.474955610201652
9041,0.7749306682065409,0.15970386908130468,0.030708780657874413,0.2115805522538815,0.5491244150646472,0.6371838604738729,0.1706936079003534,0.07332405781184215,1.1433131281983453
9042,0.24426447641651555,1.1971166974445022,0.9147076552210763,3.0340664403233863,0.4635767916814557,1.0130930847133646,0.15104891320424618,0.09982242477793592,2.0134853917605904
9043,0.11455444071223456,0.8112838313165915,0.3396459626174884,1.4862014707774702,0.49397595281093193,1.2821592416755907,0.107276417919955,0.029113101402984704,0.20111353479077276
9044,0.8409080472507975,0.19121457144470827,0.26669803273746595,0.23760938493279504,0.4436186020268447,0.6489677847830659,0.12057710975577256,0.08552125484113653,1.004487459903208
9045,0.2515863100008851,0.5350929857103521,0.15229453043912278,0.06617999118722107,0.6133023014274249,0.6761330557141161,0.11304560867396676,0.07702369430632101,1.2514477467306047
9046,1.0911848166317486,1.4733489892725333,0.4879024591347977,0.7941090895356292,0.10018846989818347,0.6407540362682527,0.03245569346252898,0.12557752334587863,0.9336667131841435
9047,0.7279576951456306,0.618441849843751,0.0351586097931908,1.4040764849347487,0.27578685670192365,2.3275460528499474,0.12048636125966523,0.08341092952696982,1.3973094422064167
9048,0.14155855216909274,0.1262211673293657,0.04078120430742094,1.198018472974157,0.8276039718092616,1.0108202668679445,0.23400836438773331,0.07888487998421072,2.321028670242482
9049,1.185023252398808,0.5935837841411166,0.41624293895128345,0.20018843046275214,0.5251107787582745,1.4466049212335372,0.2677580280736988,0.12204367566587139,0.36480822767941734
9050,0.7760387156660021,0.18322323713661923,0.859727390400632,0.07794922221923517,0.6260117792364915,1.3467117098963277,0.08648071922731668,0.06650036736642753,1.2882751826811014
9051,0.26717283406215625,0.4102331731595666,0.003821113239238394,1.3686668769001842,1.0094844713884514,4.159899039215264,0.1640081670133442,0.11280929591416469,0.8153006895626154
9052,0.13207851734341763,1.1163790050769202,0.24896088925538357,0.33882315712622413,0.27445088870854417,1.7131264110192774,0.04413192717540665,0.09216008769481915,0.600956798149088
9053,0.13250046027887571,0.5783864885003854,0.019975471404619638,1.5823516474465413,0.774147185023984,2.4312319010611487,0.11302661645622014,0.04725125916940342,1.5601207611443195
9054,0.2675771211411565,0.3324988003163716,0.22569527677807355,0.6849411613083637,0.7484985305853674,2.1670394985679087,0.09504172433897276,0.0794303433754468,1.828493950487879
9055,1.3817320621054856,1.329613874014179,0.48998405301232606,2.614017129659277,0.8344975163573847,1.8872184491756336,0.25896221716591006,0.0969094445448105,0.7811066285904982
9056,0.2535385637723613,0.2918591388026609,0.24725995338361414,1.4169629150016054,0.557588815615852,1.71136973933208,0.2841225263604608,0.05164163676515405,1.2771159864368398
9057,0.05150032637747293,0.7883640496124764,0.5029751452398108,2.1096889478100973,0.7527180486067926,0.9362816857952586,0.043899872868349316,0.0930776116264986,0.0013836239331084244
9058,0.4857821779453394,0.32037852850995086,1.2177007530167434,1.429947917579202,0.6487711901920903,2.327876624735592,0.12102563119552208,0.11384634031546476,1.0198948446988885
9059,0.7171303600112027,0.6087588889593945,0.417826822207356,2.0897362059389426,0.48573002007634986,1.8529197284986247,0.021926662781228595,0.07013322562594877,0.949797972499298
9060,0.46026968054670936,0.1745193195359288,0.152724498746989,2.1158205386233884,0.5406568279146344,2.0437332184156256,0.19180394464736844,0.06070648571611114,0.32130740532178315
9061,1.0982949219865454,0.5446057630580808,0.2146741657104661,1.1183955002573591,0.5615835137954431,2.2571044113293444,0.13527334097242402,0.09439960167674429,1.46195338733926
9062,0.08108165589498278,1.3453857080982825,0.5326284729219779,1.8525167752269824,0.3107141553689762,3.411900095745785,0.044737483933380784,0.06311828021459821,2.099699497677811
9063,0.3996001236252287,0.16508261306027872,0.10180410918023508,1.6395533535707947,0.49948017563061436,2.924883074764221,0.1777108223349388,0.05059564060254331,0.5341942004449364
9064,0.050395711906055324,0.407505165514968,0.5044597317607089,0.7044771986495832,0.5921111996256097,1.4549174803505756,0.1157197617824834,0.13533915096489224,1.2672709632205414
9065,0.561383151798039,0.4948118118858843,0.20018175412336442,1.1793357480249285,0.5266209198064987,1.3723588344995172,0.05046312595193947,0.11282711546996899,1.4718474109023414
9066,1.180364140681898,0.5368907338060109,0.6541601865715228,1.3912557085221235,0.7619084929721971,1.9242475424048544,0.04130989990104604,0.08036901478467663,0.8602373558090034
9067,0.40630547907657166,0.2389387032877358,0.4179663008130296,1.2352431977178104,0.4684616235792341,2.5041939453964197,0.0889825872497289,0.13881114625066687,1.2675279560253907
9068,0.4069705218746192,0.4090377536634239,0.273388682979469,1.6201207248957918,0.4772652072943996,1.542249020955803,0.0833991874385128,0.0935177267667471,0.8053874863514899
9069,0.7239790200032792,0.3938228544721284,0.9399997957893624,1.46931916015042,0.05820158460971042,0.39175154997297446,0.13539341434610197,0.06680417717242212,1.6439137820478775
9070,0.5044882557293211,0.7317456637118769,0.170752804906895,1.936304053831369,0.6406338832044238,2.523328384707108,0.18571973759164234,0.0998686064495,0.6762252892212999
9071,0.0050900676373873965,0.41778270393590095,0.3581116907877047,1.2795988396562215,0.18170398784705089,1.3920081951658645,0.07629766900710916,0.15710299282776824,0.9741479865885432
9072,0.2874104471168283,0.3666808358098538,0.7280935451262944,0.5555501633662074,0.20472550469558637,1.7440911137161328,0.25310529520356345,0.10080481324814501,0.4976112010589867
9073,1.115159650967684,0.43935627000027166,0.40934503393001814,0.7072678556099825,0.7333141087710864,2.5832894404610434,0.06339027977013456,0.11612268108889401,0.9190766823710732
9074,0.27228220065144676,0.40991246860961605,0.5338200286193906,1.9691144007101342,0.3826133810910961,0.07768704272457128,0.0712424376845678,0.14996466022438998,2.5117815435763795
9075,0.1943643172578267,0.7127457220370746,0.05735276291229496,0.2966799022348807,0.5479953580776499,1.7941003081155054,0.1271972023543222,0.06125647478744457,2.683297288436886
9076,1.3316673319380647,0.24462527473650295,0.45944069903533236,1.2128449988130194,0.5286448393945045,1.1639805173416389,0.08373697679091606,0.12300274188623297,1.0242168538504184
9077,0.008464124685227115,0.8949823097302989,0.2118274723145233,1.128758179777335,1.027258160072282,1.5519312781605459,0.10974534859435685,0.04307065004333775,0.3482295097865771
9078,0.34805798795037224,0.5071609970722286,0.566780943115363,0.84787752394429,0.6255821113907901,2.5223060606919185,0.06290090971601858,0.1877700020803053,2.2858387330177967
9079,0.45314879392500496,0.694404356483338,0.28864015454641934,1.6097848441006,0.3433015409785627,1.9794904053981612,0.08349229355608603,0.1604397407489495,0.7494687287813627
9080,0.26608776449952165,0.4170811864146413,0.48138491904929887,1.6140440946244428,0.6473012091123682,1.5699976497980703,0.10177030582003746,0.10534968296271707,1.6005960185995347
9081,0.06427174855464482,1.2345670593419935,0.32954961738433397,0.9693391544622529,0.4850651855924901,0.711029617074142,0.1609137203935987,0.1090735415250637,1.4764735930365689
9082,0.1087139906588189,0.06500375358038579,0.6125972122332609,1.761665133551272,0.14097670885159652,2.088609079814823,0.2374314914882099,0.06905142994771127,1.2658168147527364
9083,1.7044681668849182,0.06194933589311519,0.13977696967746522,1.238849777275894,0.5096600648605095,1.9867387765666393,0.05224976979665227,0.16785516820848917,0.687601311710623
9084,0.27459429813358915,0.6275961066058808,0.9853829644500727,0.47419036440739276,1.0120817137005247,2.450902511580163,0.08088877468089618,0.09011491325098642,0.8840083829072771
9085,0.9023487545829332,0.8560230408496137,0.5014871267770964,1.1394860845158994,0.6298476754318183,1.7697228201920487,0.11145422128668388,0.08043764586962818,1.6378870910203003
9086,0.5737825541084336,0.6277673773724366,0.5111742880170007,0.8725078895494699,0.6688466477126092,1.1170380035308398,0.16278123290205604,0.10447338126367148,1.203528305454012
9087,0.9783614107233976,0.5091813675052965,0.045929132994159905,1.365625034933016,0.5813289511111108,2.2379855085741753,0.17805757516565807,0.11080244138457683,0.6672795195041418
9088,0.6885702630009212,0.3094077959860482,0.1884744490275988,0.5994617183977542,0.31744261529918344,0.22181257235736673,0.06942224128072905,0.14122538011301172,0.4497767299225088
9089,1.0304939893812894,0.6435846485432444,0.2620583575950836,1.2523954014282697,0.4246546334444854,1.6363069769038103,0.046336172017727356,0.06376728677577931,1.4580373617332874
9090,0.25020576303330394,0.8808402809338829,0.34495486580509427,0.5910074033153918,0.5933773910243177,3.274449940375588,0.038238064155661305,0.11585971764211872,2.110443732599313
9091,0.5882165863310116,0.44360186070664775,0.6550942819942731,1.4980335042445037,0.45163807033914805,1.0363254323927866,0.013181361539687617,0.03439424518548423,0.8879764961408694
9092,0.6837448100913317,0.14318773266637874,0.17066821334253005,0.8655039591520357,0.6441577850711975,0.9256898447412972,0.11241442580329267,0.06663584316080566,0.6462411037288651
9093,1.008240997504374,0.10995385890462817,0.1937357943770552,0.4706207351087242,0.4571827379134416,0.09040321945335372,0.08443242231109407,0.10179798193412268,1.8464275022612324
9094,0.4324890813755235,0.7393573363520702,0.012340821863641716,1.6651439135695758,0.04325112309225493,0.3094418611251031,0.07571553603710063,0.05032387038853412,2.04602395890469
9095,0.09604101273924562,0.6119198757948234,0.14321701587169555,1.1638504782784187,0.48513296319105303,1.6327308491817127,0.10930378169623942,0.12192339690177834,1.2951018427975793
9096,0.986781948408372,1.132562364586865,0.5364494857180462,1.830189394920217,0.4853332966019185,0.9663211560773665,0.17653595094060812,0.13894718743622503,1.593768867861815
9097,0.8648970079244622,0.28560051448040963,0.5205274109026361,0.02422165237439733,0.6267915824145315,1.7312724482354183,0.1082486870117755,0.016224262193740596,0.9924508675318167
9098,0.6411291075123913,0.19535211049431161,0.5191926610799042,1.336395025793724,0.7609379395255877,1.6656684798859513,0.16949082918746283,0.03324803173805358,2.2391700816570994
9099,0.3303901439135824,0.4372327218289344,0.4400397565908081,1.3048954862064264,0.5050056426431605,2.463751673473022,0.1420698164909448,0.10027579591052484,1.231097967638602
9100,1.1489659221587627,0.4563586544790472,0.36753274025760646,1.2524300478059507,0.9247996382555992,0.09744463821704996,0.1015705264312974,0.08087018025610859,0.2732264720913212
9101,0.6427223015686669,0.0986146548292853,0.45165425996687053,0.842294894210978,0.469257714783595,0.46104820122644186,0.15200398575039853,0.10590608432200618,0.4775062623273395
9102,0.9550867793061355,0.7791334203091971,0.589874152643315,1.5991272759990842,0.17140219877394258,2.4537696379115803,0.18480993203875049,0.07596106372594466,0.14644595552147044
9103,1.3150582978236,0.07722955228525807,1.0352422757044901,0.2427411106224362,0.6895468435490577,2.639000984536456,0.10335327597113346,0.0865094856126901,1.635503919639058
9104,0.10700374535573964,0.849310449709588,0.47162620269562927,1.8723034879000986,0.46282147058369344,0.7792517387251311,0.07135373361282499,0.07739049222067128,0.8055830797926135
9105,0.33482911180005814,0.8408976014599945,0.23137603784762484,0.39533986894334994,0.3860632299063868,1.136349906126955,0.0011823846738634597,0.13972098731143812,1.3249012778965599
9106,1.5245597523660375,0.42153684757758764,0.5564234457557654,0.9480409188577293,0.27475976602653346,1.3292058435618483,0.13687501252573508,0.040656614174046105,0.8130459554070893
9107,0.2460796530570068,0.2493572061545795,0.7843331615731233,1.0186691829637273,0.2793805725782029,2.8560434900875245,0.05480407986967391,0.12897526360851122,0.009375570546267475
9108,0.05747066990138233,0.6151323644545501,0.6161427629616358,0.8523276424712041,0.4011951134374887,1.3837838386798311,0.1556717754907446,0.10394805568700403,0.7484440215059194
9109,0.26186507532697223,0.9154249326361859,0.4614720088090153,1.5104646233776617,0.5311629468348165,3.2214291603536602,0.015923882121844063,0.09266486771954494,0.9497969922823274
9110,0.5299818715472011,0.48512873508678356,0.24016711590544854,0.5071429454506767,0.426553150663907,0.4612923930201174,0.0704867852523535,0.05299645929274621,0.34338686547471853
9111,0.5157190296481742,0.015428942199220641,0.01509419643320753,0.6530041502052937,0.42382886836019884,3.046748102225684,0.14419483305729158,0.07076200042785044,0.8006704927865151
9112,1.2381946881989203,0.20733028765517958,0.21941719472665333,0.5868598147393577,0.33400537039766964,1.0081317200049877,0.007799614499540433,0.10286172472554243,2.040460023534706
9113,0.5541148048595061,0.39350613389261635,0.20332582390481177,0.3342174590846526,0.9151381429593383,1.0657079757166774,0.13944051869598972,0.11470569462369037,1.1042609696455894
9114,0.5757734736616333,1.425240639439838,0.4287377018083242,2.0868673540758174,0.7929591241169816,2.6153980903799185,0.19838456157118733,0.05657436674886619,1.761173798272745
9115,0.6416518217511532,0.30213564608508797,0.2715299124545378,0.9525056312099562,0.6247174062294651,1.1223220905405191,0.06365956160642797,0.20077736248438094,0.002586489952091653
9116,0.06543441126341473,1.1332104467504667,0.15643092470150477,1.5913805180891183,0.8852480565187428,3.1610586970406658,0.11797831977856144,0.09988280077435027,0.43988906302885006
9117,0.6283935770239815,0.63793323700486,0.1359882490298099,1.912723574712345,0.474742300408388,2.9421127860449965,0.08733147352438438,0.02303047678645087,0.34152826273260206
9118,0.15918918697935225,0.4164640261990424,0.854202346465398,1.0438387183020248,0.3395354607214699,2.799907223530427,0.11241634847152865,0.08538430565780852,0.7701839026208155
9119,0.32752160088238513,0.07687931605272563,0.7705937714636484,1.8339687847414292,0.5208308970098126,2.5214558640805005,0.1639028494015868,0.06910483454765959,0.5880151525019768
9120,0.7971396988680179,0.7193525705359382,0.6547945518733564,1.6430135108038635,0.8023535457131401,2.9984036422164033,0.21962781087884803,0.1015880076288707,0.29949395416234814
9121,0.20734298630246448,0.4430481566494743,0.384880091009933,1.426088895058229,0.7025877416052629,1.58227053574045,0.1502428812354067,0.045145470196555015,0.06365676268257214
9122,1.0189801179076838,0.3412003682147173,0.40068489050922673,1.2813225995283077,0.7172539886231705,1.1660534027251817,0.17509238345383038,0.09836505805019381,0.744972181659736
9123,1.0245428492411126,0.2508773831554231,0.06973946931464892,0.4748604081147046,0.34159515544072117,2.0907967628234743,0.03428568891497538,0.007049602397700805,1.162289907884313
9124,0.9342319684729334,0.2550847439896493,0.708787302352424,1.1511203645050974,0.6046674988690801,2.7684573327151583,0.05249509509433731,0.1443750559592029,1.7528568818602355
9125,0.5777930818451371,0.18103546286695316,0.14116176650115267,2.0154702832868234,0.5105228291269667,2.25945990012529,0.09784061855632455,0.06346641055990493,1.4380102299771151
9126,2.2918202299607064,0.6764279784766717,0.6530640908966571,1.402735007998687,0.3290595131233173,1.50983580877444,0.010147552422225023,0.10728871325429032,0.431538279887322
9127,0.2609918899244425,0.6893303879798454,0.13360586937409577,2.0292749243536767,0.4063929016977589,1.529094015746222,0.09759424293998516,0.18294464295020474,0.749165957212449
9128,0.9077108547077013,0.433159741280471,0.18569873590524005,1.0037719247945502,0.22792499373943187,1.4693427966013195,0.11938469423888637,0.05242137418368758,0.07587531078537157
9129,0.34816941378557575,0.5964368732971633,0.3283575509849009,0.46363722643822175,0.8518762721012374,1.4989618694794544,0.006257620428044994,0.08701746163754001,0.4243955871989879
9130,0.5634525060116421,0.7004748811816688,0.21692707933701938,1.019480869528897,0.3951267436604791,0.8238797774385214,0.19253571396082467,0.10215732301984097,0.9566516539519649
9131,1.304801076009876,0.2148478792776772,0.23722581103605145,0.6795579239879802,0.5727424143532512,2.348509507974838,0.29932024695683956,0.07441413840929141,1.0126470530131655
9132,0.38992331335033714,1.022119285347751,0.033765233040032205,1.3807884767198193,0.4746141543953532,2.254359230104096,0.09854527967465189,0.07680682590733333,0.8161114512752434
9133,0.36187932542854445,0.06050012322469317,0.45483667420703056,2.1019935206849087,0.2786108416119498,2.4821412393460776,0.011646597561701333,0.12334381503011634,1.6843040317619666
9134,0.041927849705946846,0.39590027994930926,0.644305990303256,1.0062003346695367,0.5411635172478146,2.4595509884334237,0.14916608024140454,0.07375108615566421,0.3270490723830557
9135,0.2433611025686554,0.43239168410053164,0.21181335540696417,0.04898981091177124,0.46603737896246605,1.4674464594457475,0.3410490400629244,0.06077564611251213,0.4844018898257395
9136,0.6645856092882803,0.3206879075208721,0.34673974751555725,0.6108389285425744,0.22317121118911293,2.4869034321452936,0.07449162068429499,0.06052777227010155,1.5673765368238577
9137,0.09601265714712762,0.7289708262076939,0.047860480782437265,0.7949292331657154,0.5077153503565189,2.484690695514868,0.1705230841147061,0.03771696874065725,1.125761811486635
9138,1.2123567683592924,0.49575093304647366,0.3714678472155527,0.8928744996011727,0.4687715371445419,1.3906398696644957,0.06826264495706752,0.09431839766267056,1.7072568393924257
9139,0.6135533196813003,0.4963608073695048,0.4057945232755013,0.3761347365427137,0.48440527993525223,0.8627291157559372,0.0017828916624453295,0.13880804130801047,1.6042787324466512
9140,0.6695762864198604,0.536737951393218,0.2716869753199589,0.6875611396846981,0.47860991525692337,2.028266844515423,0.26393779880375207,0.08325450518960131,2.6765084454076566
9141,0.4095344744952305,0.4240248059525761,0.26909383354749916,1.6208962173537493,0.6629974036352865,3.1501115073278747,0.26783015139550637,0.1290257415747828,0.12797370710421196
9142,1.3559236852317356,0.6183508740279746,0.13215117260626313,0.7314839036320675,0.7120030451108693,2.2648497341605127,0.06014964206773294,0.07073944492092359,0.4230370327608485
9143,0.7101912290729626,0.2732255058874733,1.041007822424271,0.3139376226040448,0.39176453701105973,1.3436458232826032,0.09016948387145401,0.05518047963400483,0.36320079046122733
9144,0.5155173489453206,0.26053463370323054,0.8402025316202432,0.6084251045681616,0.012299841407400869,1.3096097886790523,0.03601517492859288,0.12730210750348425,0.40254009747802766
9145,1.1416283278420007,0.324531781535835,0.40678741821977205,0.5025479854895987,0.29490311066261676,1.8322804406223132,0.1276319028142219,0.12411354007707515,1.2615578255846296
9146,0.9566376992004795,0.4026193494130945,0.42111774322815887,1.160546685451101,0.46171648314587765,0.883601705770928,0.0596547539297112,0.024249575874523296,0.6489272388897189
9147,0.43939259612735804,0.2986837846494519,0.24630643688211218,1.6802594252476883,0.17383293081971524,0.752689222612758,0.18855314377866275,0.08736207490060265,1.13419793184256
9148,0.4850318854821597,0.16030850144899353,0.8231048480366944,0.34402653969300223,0.42643942689064684,1.2990755852459324,0.2381472743702297,0.0691250864989564,1.2198961140974969
9149,0.7981839311397319,0.4426714947081034,0.49103692097110374,1.1288764049804036,0.39300609424636695,1.3231554142819486,0.04454442680416107,0.06794610206210226,0.7267105436402502
9150,0.46481217043584505,0.9272959759586816,0.5842571569793218,0.06159217051122812,0.48588375098725695,2.6400519571945145,0.17288014070568064,0.1061672574912845,1.497360479459506
9151,1.280841571638289,0.24231938228003694,0.4076461923894296,0.11192594285451041,0.40384073533637066,3.178211358181639,0.08197776088290383,0.06452556038770733,1.4276570280912289
9152,0.5064377384703397,0.6603355158453676,0.7360493429278248,2.0686578205428647,0.5262426215755253,0.8497650077691763,0.16559784132009783,0.08506897437210137,1.3523178557383722
9153,0.6849966733733202,0.7569208357444215,0.18980690190313226,0.5766214068296143,0.6834470620477302,2.202392626022554,0.014198294013439292,0.11242258284858934,1.2970265121697098
9154,0.6293501864885819,0.3071642522509269,0.5435096676863423,1.6932324344887797,0.8333546850879923,1.4428802515781964,0.008529979382361372,0.10042347205563111,1.283553494239225
9155,0.10270944118429451,0.35366015817583735,0.17633365785857782,1.4179635736028402,0.2865285111250585,1.6392851326648878,0.1314901054612948,0.09870928288595437,0.6660061607480205
9156,0.31974680018075496,0.16266785777073042,0.4791226031378887,0.8877977692348925,0.30463726620045223,1.4170353630734196,0.15747810139572452,0.1004392248314908,0.8849381798670453
9157,0.7726104752505427,0.7616593201685149,0.2350961256996154,1.4143870109009664,0.35124357584633936,2.1796600374927886,0.14521177297742263,0.04003631910945634,0.13453972044812423
9158,0.4005340412580444,0.8166294594074321,0.3132217954978541,0.2519477058744115,0.26310828708309164,0.2351976088218941,0.08742402093078915,0.11341972299522961,1.3223778727043183
9159,0.44414365068605954,0.4818481864780842,0.1648937527819019,1.3953806379039344,0.5802080130888064,2.156774847263014,0.03562005201775459,0.11503959427414466,0.2598592284468193
9160,1.1560011300198834,0.9949821732445701,0.31922106231418235,2.0219547073949875,0.38726266399613735,1.3951352688134773,0.12028532175405612,0.14124919534730407,1.865837909111116
9161,0.22625731268710958,1.4361082814521742,1.2016908430728201,1.8542278198024302,0.032625578216719575,1.2463227658932743,0.27491171593980934,0.041061219655749395,1.2276456364690693
9162,0.7688830090133705,0.24411596980519296,0.6486424964057568,0.11591883716748375,0.6202028734061353,1.8280347334252571,0.011256787999382817,0.08779548132352047,0.23248697753773007
9163,0.6618927550500826,0.3380521310192884,0.4716728787898621,0.1864651138353991,0.8360837946691556,3.0228394368213167,0.11794998083133716,0.036246503163909115,0.9724988289529323
9164,0.15930467847272167,0.540111247063611,0.1294077949377391,0.7301545939513984,0.22376796745614091,2.529265256064246,0.059487291797603245,0.10476789260071595,2.4762814616234197
9165,0.43302626909420416,0.7906704285732198,0.7764618658149671,1.1097007425532932,0.5987572556868946,1.0923586243657342,0.022086913278137638,0.10252059323289256,1.2633292913434337
9166,0.468006407534194,0.2574526350517998,0.01764185975556848,2.321881576676862,0.3014655512420501,1.92101671267317,0.09370713445924041,0.1548459719841043,0.6486573211324371
9167,0.5101806864435984,0.1580050049309355,0.1564731168666253,2.2319004576158554,0.7228504315098283,0.3881171305267408,0.06957931416453234,0.08581435174616517,1.39541694780126
9168,0.20547938535734767,0.7385369429361394,0.6014203648898301,0.9884549369950426,0.3484451835590521,2.5273466909533844,0.003994492143399558,0.08534756221803178,1.0031731379030198
9169,0.8397553997443652,0.9547352994809843,0.06574303158993922,0.32187105696095053,0.5415786853068908,4.329253252374136,0.1239473898618082,0.024160260172609735,1.4073207853503416
9170,1.355534084718806,0.25334650600599895,0.3405782653651148,0.26491127885842114,0.8863595300956246,4.222755081547205,0.004432614627131834,0.12551053054818306,1.2226553569949503
9171,0.19684495512593386,0.10132169368289742,0.8468546272297964,1.1558712462761267,0.5646680523463087,1.6683680687359856,0.008506881734333921,0.0948710157322972,1.5770254663807348
9172,0.3966986096759806,1.4093474626947864,0.1916847230108577,0.6713002130225725,0.40255447824008667,2.2305064547623052,0.010381182583822993,0.09710430745194756,2.207062116278064
9173,0.435602001919412,0.19617478801858695,0.8175918094640438,1.6376609176157264,0.2595095865788224,1.0684560044003188,0.014687556235846777,0.07424284806058347,1.5112900411456422
9174,0.31785590940816555,0.7965463572369282,0.033836840026294446,0.1689797102337346,0.7189035677386488,2.2253862538419105,0.15710686100131843,0.08868469373784801,1.7752296202709434
9175,1.0050406059591024,0.5712028763632314,0.1847350118936439,1.0312263190855584,0.2683135997213194,2.418386128129406,0.19310712118874018,0.03073920640250151,1.1730186152078474
9176,0.6904919717876017,0.8997789605905131,0.12513262887818544,0.8798411667050263,0.6423805278123227,1.5598380214420007,0.22081151143492192,0.05035000225437958,0.9580198995550786
9177,1.0031063678925616,0.5362459333610633,0.36844443199548804,0.9223355159321928,0.41639289984244465,2.392959893690373,0.07279124219480156,0.09519639615622441,0.7802044111935227
9178,2.249000756368238,0.7661281749547071,1.145671708935256,1.0459860897894544,0.5016704563282383,0.5268980234958747,0.09805225762598181,0.08047388957991669,2.041986209923292
9179,0.12075981922529078,0.33195489218854407,0.6771026698571503,0.9302600062975187,0.5970151338475055,1.4047261442631407,0.2755990923424574,0.05957812078477897,0.13236420576200802
9180,1.2100994789564996,1.4590934393523918,0.5599920407573511,1.957275753950032,0.41043276716818544,3.251366352549907,0.10823879510589257,0.10079295267886268,0.857971156102015
9181,1.9002563259884553,0.6673475556078401,0.7125786951025975,0.9570532983064094,0.46301913254681054,2.0735215364276645,0.18541691375064662,0.09873646771575689,0.3727698074950897
9182,0.06034503694676793,0.36137299613491014,0.5434831261498745,0.2910465733178976,0.7262040046632582,1.582222485073736,0.09194897243853138,0.0714312167046412,0.6562709701974803
9183,0.3594075668346257,0.293793652334447,0.5756056814333599,1.60506864471725,0.36886590709120426,1.7866194294087454,0.1534922703923339,0.06184627895889251,2.199034998524799
9184,0.5319027496743676,0.22140076691662497,0.49871597914347415,0.043727169687376,0.31758063584227436,0.8580458780131327,0.10197892809661317,0.07470913946318437,0.39386044893709576
9185,0.8612026345520583,1.340222678143722,0.019131031222089867,0.9909355509089416,0.5595061631604471,4.255248464415531,0.02886309478035269,0.1266627511893747,1.8150397412214152
9186,0.43805900340199805,1.06281127043994,0.0892479027942607,0.7911476000729581,0.5331773088966719,2.5617029696405647,0.16429579101892694,0.09446852695913405,0.5345534180181986
9187,1.038870294342281,0.41986410134966756,0.7501372077624775,1.0973055056082814,0.2573957297266714,2.4139357299944626,0.10129913661265928,0.08571360926089436,1.3399023235695484
9188,1.6322057309838018,0.1153981300077706,0.19356188738926297,1.4354732921727469,0.22111382599302204,1.8191633913805034,0.12898329787759072,0.11664556841290838,1.3613714529414884
9189,1.1831969005055691,0.8329032216931223,0.7499786365269108,1.1309299272668651,0.3263600902777104,0.5214074965528268,0.11157583764462747,0.005507947536077376,0.7713675762586543
9190,0.4316177938359411,0.4914606547078364,0.7790614007279275,0.23817136251250315,0.4595737593273186,1.6812140126956368,0.0077825851865775675,0.10560133640276356,1.107101056329
9191,0.2918940203207006,0.20570559874504518,0.16626485651929637,1.7981057632332784,0.7342155526871199,3.0052039700960984,0.24942637023648118,0.08073916101097187,1.5646765542578
9192,0.35167345580499165,0.48546952592174786,0.026205383951717676,0.9051516632491233,0.5548833354230431,1.6708472836530486,0.019928679197342994,0.05560330089149466,1.6791530157749568
9193,0.6892940725259782,0.003431514774434985,0.1724125844422055,0.3748322572226428,0.6500514910442372,0.3437046460530282,0.13914921560578836,0.13911801455243422,0.43653225363688086
9194,0.4548682502982998,1.095558506115237,0.7065970641755498,0.6395607452404979,0.5737521375670024,1.7750748510038947,0.09818991558030939,0.07020687721135367,0.7654050820433027
9195,1.426854404776767,0.4009354079250732,0.45181376839322507,0.7126440850553336,0.36992401775991846,2.1053277534164794,0.06876430947790277,0.09495094303886503,0.46442368991560695
9196,0.5375966635957812,0.2088253307849301,0.3787017158096385,1.1540724216682017,0.680524147139115,2.1006650985430886,0.016010216074439088,0.1172582930096194,0.8414179865124053
9197,0.10634046740730446,1.3058248323650297,0.3353363547048162,1.7271480423336132,0.5272454733873074,1.2860725277939111,0.04120387485021365,0.1212973718307288,0.980483431725883
9198,0.2060826465616982,1.1536193018222771,0.7611353962877936,0.3947525566132919,0.8461513339353173,1.5647912516139446,0.05019184686811852,0.1363618744310437,0.13612624972948706
9199,0.3534810760689057,0.512517862291057,0.178117170691206,1.2773556618280366,0.3016486830931636,1.0870631865785088,0.0941665220976362,0.09658396083509238,0.4543005408596902
9200,1.0073977885515824,0.014517835944308055,0.12256665547914672,2.522676309235411,0.18636416028236108,2.4493004837417365,0.021627784751130877,0.04954038220139537,1.5362606220726733
9201,0.2958787771257419,0.9001252844859691,0.5860463152783695,0.9532052037244947,0.20893049981175454,2.9130524203455046,0.1553919232184797,0.0969838966065889,0.8201549422045439
9202,0.3521230348961748,1.094157134775035,0.3187645529485652,1.158721339340043,0.4872868565215046,1.7749411784637905,0.15824576305568697,0.076037981227117,1.649035341663012
9203,0.2006639590338502,0.1854476407165085,0.1143684979029945,0.7654974112197679,0.5437609595685794,1.4727232683132783,0.18473234438135072,0.07213366276467138,1.7211957408225111
9204,0.8292846856661895,0.6557382105309245,0.7475801337774206,1.478744207323691,0.402462822356515,2.5157790118925485,0.15119345665986023,0.08435204536294832,0.866806073653428
9205,0.9121830632607835,0.6597648705047723,0.7622055183086834,0.6238529222299195,0.49394487793795205,0.09146060253279087,0.07479296972483426,0.06346167773754598,0.36629540453355025
9206,0.0383133457317667,0.35306826263229274,0.283290402873198,1.3000345202945403,0.4288468677808295,4.075829648633222,0.1699229479784293,0.08953367812613867,0.2494795566092105
9207,1.60173612869592,0.807718819325937,0.23148809862728548,1.201921764330446,0.21987053328302608,0.6903986786397274,0.04774949322440127,0.08240162849470022,2.3440186227112623
9208,1.3428933816160225,0.4449426829537438,0.7371909863182182,1.0349145498338292,0.21455674037070716,3.168190157912056,0.0938388718546798,0.060987285332263164,0.024159687635718297
9209,0.6884251652174911,0.19745968088867752,0.5846789803664021,1.1975791237340458,0.03510449913806846,1.731029483692855,0.045560913921154626,0.09794518224786777,1.0537858586200084
9210,0.4412284554428635,0.1003516651221035,0.43356572856342207,1.1663434144636073,0.24713010910462263,1.1751480132760976,0.24390629010436904,0.04591175521706675,0.8171371211444713
9211,0.5621881183250586,0.8337008378938322,0.00857524344849131,0.07978335170892747,0.5126759238425456,1.791875222692203,0.2087841130550555,0.11575490836021828,1.2187478000101812
9212,0.5626170976844242,0.4606419801355256,0.3513216965065571,1.9683931324842612,0.1835936649825176,1.8979008179459327,0.1781770719232033,0.12348383776762496,1.2155282168688077
9213,1.0265992108137165,0.42148721792988325,0.5165446782528267,0.29036159636819947,0.5981026128117604,2.742962413663561,0.14323082485457106,0.08904358759931981,1.0074963247734843
9214,0.9301214438914251,0.6949150140248166,0.30898285258681896,0.9532090359871597,0.5152915841103006,1.7099934818821008,0.1648953425185502,0.0248589727598046,0.873918376673729
9215,0.2599112246476537,0.2140234270007735,0.11270099833740266,1.311369481027881,0.8674166666521972,1.756707323047508,0.03833257852678906,0.10805876673784684,0.9781700329587841
9216,0.5919109460789984,0.9976234827338508,0.5325952680373214,0.7992758593748632,0.4741904857760185,3.1539288190448493,0.08132963218432397,0.05763566913425527,0.4820700465751258
9217,0.59126499342278,0.3720322116824604,0.2855176156838601,0.40810135377948986,0.6719459674064989,1.487480046912811,0.16200498265636198,0.03801335074585711,0.90682870725542
9218,2.272523189385645,0.48557139654711096,0.7215227657541519,0.8655768413731267,0.5048854298702532,2.2196113545505267,0.16645801124817727,0.10896614507115182,1.7718674900468434
9219,0.1793786787319867,0.5267004910452688,0.8111015829682404,1.817709998775105,0.39547696108465047,0.235653896838528,0.05496738389148308,0.08029132542774693,0.030990992079782398
9220,0.9157391208424284,1.1471678138426642,0.04499623978679129,0.9056030996066206,0.7397682009162878,2.85296684320498,0.10463511390242458,0.04868019593152418,0.41007424562427164
9221,0.2461708042267078,0.925221653134199,0.5412302586025837,0.6050565196613478,0.23118962578282037,1.3634496318689924,0.11581763345546259,0.12041882469913591,0.9372542967358757
9222,0.9165957977020402,0.37611293875172647,0.0673807258304614,0.9053503269611349,0.7718857903372883,0.8510972301373646,0.05044014046071217,0.13946271054880544,0.1359087802181036
9223,0.5928824985250825,1.2034860209177194,0.07971468224160938,0.6487295082457424,0.5241131055464332,1.0786262533288966,0.08957654675556409,0.0925904555012625,0.9422573756261817
9224,0.2990058445513137,0.04035909444732033,0.36898252278001764,0.2955788377650532,0.8154573699442884,2.3782567255664766,0.12125778764831634,0.09302486070398405,1.4807784106224622
9225,0.662005823683592,0.21667597249158502,0.2705754918956522,0.6969400053270425,0.5191836102640459,2.687939093740532,0.06747320876907337,0.04803418353792508,1.517693549103831
9226,1.2037935600107086,0.7391294113463855,0.08506986767581329,0.6587598283296108,0.707983838568153,1.6630337661795611,0.17660313444092968,0.12193575412773172,1.3722260201108183
9227,0.2381632265382844,1.0573351412823313,0.529277386150145,1.3457663815240022,0.5799298061998803,2.815434664188974,0.08428357926392153,0.13770681361793252,0.24235215671535648
9228,0.08733559189287846,0.1402000037023169,0.49971503884092505,0.7608054456126265,0.0890416621861368,2.7081691989989,0.15229012438236003,0.16715381143875074,1.9007093353398734
9229,0.31816823553304774,0.9287130243454491,0.7033771993493214,0.93532000245339,0.616857972674974,1.731905119594157,0.20970854403520378,0.06997344627683488,1.117818665406738
9230,1.0422039549754805,0.792871409696983,1.0557762281305463,1.5410066144721113,0.35748082387743085,3.0068684374193855,0.2620076035663273,0.04848799914512634,0.43474513650586244
9231,0.41172331715964894,1.4212876294088244,0.6785703258756177,0.3866530986526181,0.658767994733658,2.6589219890702864,0.21143570210824197,0.10618529160400615,1.2566752155956353
9232,1.132424101730683,0.26334500121750626,0.20880215727945,0.9981018504082371,0.37408358765439825,1.7764470340577967,0.010803046584253156,0.07487223381918688,1.3004723896878718
9233,1.3307450437139843,1.2690037407347234,0.47650336171505303,1.0273365947893143,0.4155112903325199,3.090526809420191,0.108393529665982,0.0797867295491188,0.3823147461536825
9234,0.328053471872897,0.057036373929303275,0.5793304723728007,1.5277872538669532,0.5958685955342851,1.4370584624471776,0.19350392936237287,0.09254028807445482,1.6613843381046371
9235,0.1791986360393466,0.2632257132867775,0.18401170143916343,1.592439121025782,0.5008600448515883,1.9664020057076739,0.16425750641387166,0.09682469614248192,0.9322008263342818
9236,2.69678726155595,0.28404542660040777,0.13491400819363994,0.8373701877315276,0.5778762874382922,1.5596450617520006,0.023667437730757815,0.04481211018675337,1.166894300570875
9237,0.003487306348894992,0.34422389293114136,0.1367121034402735,1.204060172524715,0.8172148015438949,0.4055735268085243,0.1374912193586031,0.13748968534328498,1.1590630347886095
9238,0.847924662611891,0.9461949148435738,0.44345722748317445,0.013703085779497859,0.3253342698628026,1.9321444418702607,0.07601186420621542,0.12202445566334781,1.5179102351083893
9239,0.3170052922962508,0.16490619073227616,0.28298543354035244,0.1868804044430622,0.7343211631000396,0.41918935421474957,0.11543175614865005,0.068492480015535,1.1941047554665294
9240,1.138862186582702,0.4481018231989532,0.26242453061501847,0.9469216437442751,0.5570252114671411,2.184479258984196,0.089809382121767,0.11754861059090563,0.2223681744584135
9241,1.4579170334864335,0.19804302045743574,0.6718460829486719,0.5646596096886772,0.4209056133826119,2.5148712961416315,0.27986713623285775,0.11474558625758927,2.2586692558612436
9242,0.2359417878883678,0.4440605720260513,0.2191791994595238,1.9447853394614243,0.35485646118697933,1.5917431685118717,0.21923727206863197,0.07226670969740756,2.3758470668149068
9243,0.7241989248791912,1.8610507254339985,0.24924451177168588,1.8113841159225128,0.5235201737219312,1.0149757079683293,0.04387290368196482,0.10814466139051114,2.115864094743415
9244,0.7832001569230542,0.46651907933239634,0.8180303190083884,0.5542740503075778,0.7290501663747478,0.759764409519645,0.08441776664815884,0.16836327922560262,1.3579860924194294
9245,0.6352220344107085,0.8578342406336856,0.6990940417648366,1.535203485926746,0.36143759308471624,2.436899897445742,0.0801994098891348,0.15195891753661575,0.9166523103723875
9246,1.1528832242990712,0.3499292206372608,0.7071048924157083,1.411565994969987,0.9832566752077889,2.11434289584445,0.12136725414849939,0.03335280773145709,0.09490579673342114
9247,0.41514981856899313,0.6995777670846324,0.3843377886392874,1.3667121770196295,0.7880709049939674,1.3377713409113425,0.01254614834174747,0.09982210706717574,0.34492531234400714
9248,1.0876063834835634,1.0219248282694933,0.1955143848181088,1.4522684512275061,0.6562245174074721,0.7758934955682203,0.22109726476692562,0.1271008447978491,0.4063327445530105
9249,0.11186083329389668,1.0277953157816457,0.32395181618387914,2.1447856492550246,0.6797420332481293,1.6122649563300178,0.147945588142431,0.12991233216585446,1.1649045041857329
9250,0.03319737387305996,0.5629753335661271,0.28186868877038684,1.5274968934436401,0.6350508166768258,2.890438478122511,0.04319792144215949,0.040221410094599216,2.3916794101191945
9251,0.29481150583715093,0.9717464335455428,0.25199916428787583,1.4914014320695208,0.7065030866900367,2.4700236338535073,0.21925231011300678,0.09555155314001533,1.1200281221367414
9252,0.012247031849278,0.2275888771988973,0.09300194860976807,1.2511833108832582,0.54847251734679,2.3129067648419626,0.16706337306856453,0.026197212828411823,0.6515926539909129
9253,0.5894120382221653,0.6061996577702571,0.5562051594727401,0.3648868565354998,0.5127508538923927,1.0225359379054741,0.21869208317212196,0.08633367283025825,0.9690619988143823
9254,0.8106853750421623,0.8326175902293006,0.4049750547030699,1.4472836146780952,0.7862249907898446,1.392773165335839,0.009272291252088408,0.05994482769505665,0.698747227676981
9255,1.2450971095363306,0.20133027703493314,0.3295915068294126,0.15050589124197078,0.32678082661365176,0.6443090330245624,0.2143819277480943,0.08683282018862856,2.207309322388867
9256,0.446138063238375,0.5772844696496651,0.41580472908986466,2.4825230294548812,0.46646301761733455,1.0259889965327078,0.19194690597367486,0.1214530766895982,1.243120686454633
9257,0.902805442127153,0.25529876716324923,0.1715542629658557,0.020562538240988526,0.3005632478171447,0.9323664132912693,0.11385631055236484,0.06277842988237864,1.1248574309466877
9258,0.4029402780172156,0.80405046046597,0.3333050591499417,0.9447834232830166,0.5740828137784998,1.3773045402470045,0.130523679392742,0.14656748014607793,0.23082471826739293
9259,1.5834745603821194,0.8131814803048978,0.0129002887411514,1.0562867878514164,0.1818764086957872,2.231645888632084,0.15350046919905588,0.10544713823334603,0.771726826662856
9260,0.7040994521955529,0.9839566728932798,0.7694886201682243,0.3338137946614853,0.6904638075163497,1.3771369577524002,0.09308740028603758,0.10637324820350029,0.503567583037994
9261,0.6476700258560142,1.289230833462604,0.15685357351299176,1.3869417350805837,0.16194753927973166,0.5309477399356897,0.21768726129179192,0.045157824719311034,1.3851985031237182
9262,0.4526863809509453,0.24570822131604264,0.20847422419703626,1.8802377489577202,0.8604447586508486,1.075940605973066,0.13867098127605362,0.08624861611339726,0.8973930577411096
9263,0.89761731540588,0.5185110981956585,0.3055889974136376,1.3720565126437765,0.31214384398995754,2.052162100372434,0.07854784838840301,0.0944670070503495,0.6306408496771525
9264,1.5520812481134096,0.7047274668036309,0.164133129217981,0.5644952523241644,0.2888297189170662,2.4501845546255816,0.08314823629712913,0.16816344714568615,0.7403282373111985
9265,0.4246139300303827,0.6124597797938862,0.05757395411234739,1.9397892338355016,0.5122083627077948,2.3692353402015547,0.06937134266816614,0.10539525311803573,0.8063365699587899
9266,0.33107975156036584,1.5669658912250968,0.029695377581471838,1.3778191894228653,0.34393673163114546,1.2415030387450627,0.021818754422648204,0.10568983291326596,0.4608772326811756
9267,1.1112803548700632,0.13630164480531146,0.020660038160200178,0.7641433264232228,0.2417486244765359,0.9025947456187763,0.09705850635238433,0.03599122036962236,1.0034852973259631
9268,1.616939891397389,0.4794688123387607,0.21868348275872118,1.5109016440741398,0.30438463949863176,0.8586744032340102,0.11525013410899371,0.15344807774046598,0.5509119358805288
9269,1.1006640390349915,0.44069900234943793,0.2748693202871604,0.6238815324748124,0.6560184337634469,1.9107238280296344,0.18165459128756628,0.07935912045411894,0.1767511176700549
9270,0.19715583991667912,0.7544674405180893,0.7276118935300181,1.6533044383598652,0.4323936813394505,1.2685246524815164,0.007104149135167728,0.12051916260125702,1.124822271010321
9271,1.3166699019226573,0.6233504675854196,0.12827894451068025,1.7306568386865844,0.7207273834165066,2.9368603220000145,0.067028194322541,0.08246980998542447,0.6822439492519043
9272,0.030252809232531708,0.5868511220483623,0.1020619805079809,0.7515673288696422,0.5306847903936714,3.7816447371714883,0.08849655189016994,0.1118667297189782,1.8018167781763113
9273,1.7291531651521423,0.5884692094305435,0.43840824494090797,1.8429503121842858,0.7643716809618352,1.1591602380576544,0.22896472617749813,0.06526751306598735,0.6082438208956387
9274,1.0162974014357207,0.4644801284908808,0.5059569906900424,1.4094176644548915,0.4221276476550581,1.3633218952937909,0.16741725397605167,0.08938302037525976,0.636026093663034
9275,1.2631964665748114,0.8266021069771198,0.6328058025013659,1.3906454108453499,0.2989989874488642,2.828760837168743,0.06321528205459537,0.15606674104808743,0.4483097327210171
9276,0.1689254628179427,0.38140244083934466,0.6524809680440469,1.2963400566453893,0.5611366711138874,1.7608461158424737,0.19114403170520375,0.12337707825123614,0.623895273321641
9277,0.10642740169834755,0.3209018743902524,0.19194184954836252,1.2682110691873536,0.45217347924906715,1.4467628386523208,0.07394662679672086,0.05384469270904161,1.639995375984828
9278,0.40979838901495813,0.7660320042120066,0.25964625623870463,0.02761790863113045,0.5031613588293558,1.0851426791292798,0.044647974472774785,0.11808400098375813,0.9805071447592166
9279,0.7540972122792082,0.6187860571320034,0.23394495938569376,0.8314374550027098,0.28786438102470946,1.297996523317486,0.0428249401289702,0.07963733698194891,0.9505508379018779
9280,0.9348933818617082,0.4037740795185243,0.17385265966429733,0.6406994841112776,0.7576931157839353,3.598592413628217,0.24527888036350087,0.09155992928197983,1.0530309495143624
9281,0.10770565229521248,0.497970403503954,1.1492554600051914,0.43010228593604927,0.8638346044127994,2.8233631882876606,0.18929788808312376,0.09242178862955391,1.4724257430729164
9282,0.5262106330669747,0.36072877204951653,0.05867093490400577,1.0097089180139303,0.5141736486419428,0.4517810366462516,0.11361866182269315,0.10501141736506375,1.23443992227504
9283,0.07849073912909552,0.6716904219211466,0.3986467945583153,1.3602343979263742,0.6066691590886767,1.8424852554801219,0.07229549780825492,0.06396122707477118,0.7429206231027536
9284,0.7567018714314913,0.7930508435381124,0.1405095965796516,0.9061584368121061,0.6536143586317709,0.6487998969775752,0.24569273247130086,0.08774875637381586,1.013430442409829
9285,0.4751683999895002,0.07396023601251234,0.09151351529810264,0.8040121446188226,0.6912032546702722,0.9055853013312465,0.19439112642924838,0.03938077973081692,0.011514927199916092
9286,0.8813086587328411,0.5273274126173778,0.23806936063483386,2.026230663201607,0.5664922777412247,2.582149888544622,0.22347952023178091,0.07729603804023864,2.3434073569324223
9287,0.1430365830806616,0.2515994790999957,0.725895511998749,0.6798573862404427,0.5698433303594728,2.2766540605675987,0.12317967072145325,0.08976900622794382,3.007328932153266
9288,1.1661919044567275,0.41086959951050295,0.3541973484132679,1.370900901425165,0.5034938390890972,1.5347301602094632,0.08345520947775985,0.12657400624795154,1.0191630874197164
9289,0.6091314614914849,0.6503338985422646,0.13694522392501352,0.7918624458168511,0.6856598441554843,0.22395975807603907,0.11850970424792766,0.11336746383863364,0.3920005444582888
9290,0.5096949336247675,0.5464264445958259,0.2720115179131798,0.7440272870261472,0.13070384412485914,1.3162814102223008,0.15823510835098978,0.08415907035084229,1.9540228823488932
9291,1.1989191577228036,1.0217992314215023,0.012733854590248839,1.1625564090197544,0.3964009215356763,1.9999901769751895,0.12973946653919766,0.09678538019793746,2.8634014180349077
9292,0.8174136364596392,0.5662228639953999,0.2654519842971218,1.7492380520365605,0.6092704726618261,0.39877650516807583,0.16386221605696083,0.06759797394316361,1.0800362274533388
9293,0.6554715694451987,0.4584127982272954,0.5270875836595259,2.585575429562669,0.6887555120937334,1.7810601648929487,0.028182444448857744,0.05862550729290157,0.31229841121032575
9294,1.888443516821839,0.7302272467429609,0.6106295503842185,1.7458318176611836,0.1901362410085663,3.394927028314062,0.04116269421690373,0.10344703731641056,0.508123924269168
9295,0.8407594630971946,0.281480906514833,0.9041469875383393,0.9222772893859901,0.7175123597206,0.09976701747054495,0.13871569641516157,0.12261126244142662,0.07438658758193673
9296,0.5356007128031657,0.23900091830557657,0.2193575351432966,1.2207706556200781,0.4317109274356264,2.3984805581159288,0.13934962438559922,0.08509026313213632,0.006061208524981265
9297,0.14564151969293382,0.7538022101242743,0.10911653167170846,0.4989589298486235,0.46994351796732803,2.223530862344518,0.09351146224114552,0.09271617195241019,0.44493467814056675
9298,1.2470124041936372,0.35011256018995973,0.4836608295269812,0.2556207186702085,0.5077098748707788,0.1699858915941721,0.14689070533063842,0.0738062645562057,1.7165261489433359
9299,1.108636431334651,0.02503054785157205,0.3768846507037639,0.8208942736395648,0.24214438475046401,2.3496359301653063,0.05170187146447793,0.04921716384132308,1.0930299496624365
9300,1.717717829327844,1.0766519469788136,0.6899016293298678,1.4266334256013369,0.43599502439322735,1.3077645927870498,0.12309616992552275,0.09650829394125121,0.5533170338105362
9301,0.5131416130221093,0.7017414190270106,0.16909714682549218,2.2563995439167215,0.3898999576882831,2.432788819140175,0.1308408349563796,0.11152152427827247,0.652070978663619
9302,0.33004042110967563,1.3884831461418237,0.1909047378592055,0.19319037966738817,0.0994106270691898,1.9042447353872747,0.15647938974527636,0.0870427203275636,1.6838759574455118
9303,0.5060946770501178,0.11424501434926276,0.7546930616682419,1.7532976356475563,0.3865736811075171,0.6049325149167375,0.08904941471515901,0.10304572578615928,0.18080366842195017
9304,0.15122311590774853,0.8121141185885732,0.11847533090635545,1.053901901457595,0.754669578911236,1.0834230547115185,0.21087170447404385,0.10585324293805026,0.01892133512112326
9305,0.5191111698826597,0.053023959267077314,0.3194747928113887,0.027037641087554354,0.6087440871341684,2.6872867089116834,0.13341734212293682,0.12049206568638596,2.753065877583359
9306,0.2005545647740209,0.15595473385303862,0.3785756280917448,2.0424273958897725,0.6770550459225467,2.907599725054403,0.00035657872096128695,0.13299017865439772,1.951171128567096
9307,0.8071320512141735,0.24666106165424412,0.24003249053910886,0.40402554268968505,0.6916229583130868,0.4749711671920642,0.043380892171913946,0.09189939495188822,2.077147243798837
9308,0.8603255613950718,0.756120734957957,0.5567052494886057,1.6137486220514803,0.3196253536480755,2.630978426500014,0.0003453386757744231,0.061638129124201906,1.1845489345860178
9309,0.4021992636849888,0.2064090400552135,0.8142042311932258,0.8502264382296052,0.8311382936786623,0.8377256287564044,0.17962713474016295,0.11507635551885986,1.188431793547938
9310,1.1142165181548016,0.04449442381313068,0.39473601761440313,0.48977090151410807,0.6854553790644912,2.035530630809047,0.1812671400229454,0.07644110076353794,1.5230098228563953
9311,0.31215431896542833,0.02348622496382491,0.35591579917059,2.1223991976808323,0.21871885624622212,1.4010201428714757,0.040206272178219746,0.11989525695661618,0.9931909058143857
9312,0.081697242276076,0.43374184614245254,0.019759415352454124,1.3640306199807657,0.15451658811529956,1.9878383823345556,0.13890624685464403,0.05583868380592292,1.3254604858810664
9313,1.774818717898379,0.2518009095984951,0.6393588678697519,2.0080199576448505,0.39183363565901064,1.0480762890814588,0.17248523904552437,0.1043347003471579,0.5223420459809285
9314,0.22659996461273935,0.37584211432772274,0.23772152402393754,1.00366799804033,0.6870030596915213,2.802982645078778,0.1409797475788066,0.11063372606240308,0.2148321830977553
9315,0.5399739298449056,0.31376332079039804,0.35885906079597246,0.639914870490551,0.05435676653011312,1.405721826069899,0.08445816302998102,0.10029914705570078,1.2387714630831668
9316,0.7828332829608378,0.5829029918189963,0.17962092529703927,0.857866608007336,0.5548435294430453,1.3109417386030136,0.13679692996612253,0.08517628355147375,1.3371149776106463
9317,0.6319140350624138,0.07590132137827926,0.24358149330549395,0.2513909673510275,0.7780681703444225,1.8239404091025282,0.15710168399125365,0.16160622291855306,0.06454074424063816
9318,1.1974491233864086,0.724114145638009,0.5459474383659618,0.2389474838021377,0.4477845252760926,2.579875634701878,0.20424965313035331,0.08512950577735191,1.9350556575566094
9319,0.47540429733944645,0.20793361355353515,0.527370721507188,1.8841838744863357,0.5465720678329752,1.1592988194097877,0.1484564771632025,0.10146902873121076,1.017111955453415
9320,0.3911683044020705,0.5035404303972372,0.31085685693250287,2.142948680871537,0.6669421527824397,1.3699340154828843,0.11294249364199936,0.08377515671663936,0.8559249985994519
9321,0.49141672321625096,0.31071978187953586,0.811338157285059,0.7805238513118067,0.5673521584164003,1.1502259570431546,0.16454598450721133,0.1439229160105216,0.8990366335095271
9322,0.710907980868733,1.223311544151475,0.010556841869345468,0.3390300951979415,0.35628907184837694,2.2420470285683183,0.12731354656434743,0.13162835789151142,0.6145604109251912
9323,1.5838107438942572,1.0283628001060017,0.8145781820255806,0.924108597758919,0.7382424101878605,2.068553058374191,0.12930382985409883,0.10975334731267355,0.4143066872119254
9324,1.16027836795752,0.5779307697505774,0.07630983926720236,0.37580944239328895,0.1996396864598023,2.426094079407852,0.05409502140676343,0.1046857898816278,0.8850408102496446
9325,0.11863815745996031,0.42387053641349515,0.5516662393001279,2.2064568256476242,0.42247775777941965,2.455873651574895,0.11805103812732068,0.08656696153742356,0.14390928680626247
9326,0.5782902271423858,0.23116075687772364,0.21670274378023638,1.0271374934982127,0.5324430292034158,1.8426956791149496,0.16727780870851805,0.06487442482878811,1.2376246868942047
9327,0.3239940124961536,0.29888713153274893,0.3809934782367109,2.0531345740087534,0.7704646585556076,0.7739593982272123,0.07104190993157689,0.02344230228642258,0.4376880740520527
9328,0.8381937078996227,1.2007383889498775,0.7966406454861515,1.076486137359451,0.45979309826465425,1.4771253407047111,0.19376128167214357,0.10552601203888701,0.15646664095132967
9329,0.46374455188246033,1.156451299699271,0.34011743263560434,0.29423177980924886,0.7352867559398067,2.0184515912694696,0.003863107214760894,0.11948326730617115,1.1891573996507052
9330,0.5209528690605196,0.8729565850322825,0.5788049695125782,1.187043282383782,0.499882356695541,2.796744249687586,0.25088591590432435,0.13350745294125455,1.1187187706285537
9331,1.8293464619540791,0.298969334041515,0.1636604799899198,0.1668447700761413,0.24841215035897252,0.19371525323826244,0.0021544450939753462,0.08756943293830133,0.4860634872884572
9332,1.4421288285635465,0.9881663770550062,0.00031083251172314696,1.5429555241674917,1.0800800054612136,2.4632740434004186,0.05897637565303738,0.06970920279891525,0.7582063372472159
9333,1.0343097396410117,0.9588512645698557,0.28565803349407554,0.5436827471803758,0.7119226753512765,2.0456046486184687,0.1200950028723681,0.12487033142526531,0.7127330436022711
9334,0.7954355085327409,0.8869467732904637,0.2412384888063313,0.5565301268103264,0.3978477096960157,1.2042370114130432,0.08670048933626007,0.09528470516734454,1.921797717798218
9335,0.20530716421349907,0.7351640440913882,0.4347267007365099,0.699704700092274,0.24851891386367925,2.3492907245294625,0.19610445174066296,0.11585268941756828,0.6731508979502436
9336,0.46069673560300983,0.6468925657808252,0.758142116066393,2.0833615677556527,0.41685710608609694,2.124629732955104,0.002771630748603038,0.11253211647200677,0.4317186663494249
9337,0.6731141738140568,0.10789171953575097,0.3401507527948496,1.2727719576251415,0.48148376113728875,1.4284921148069853,0.1705864501776908,0.1682531814009211,0.40444494909479767
9338,0.2951310064829998,0.9119131042354178,0.4636537855746824,2.156424951401141,0.4865573942457942,2.225402321035631,0.14312276702890275,0.10299379481657654,1.5298845299617885
9339,0.5128593408011655,0.8400807499772189,0.4076543324869321,0.7096842430186724,0.5224662520717936,2.646041516109197,0.076749825141229,0.05736818684432256,0.3872174365678313
9340,0.012223223539360117,0.4895244069362544,0.3351434431185627,0.6211901729467044,0.5945847112035102,2.4799210583849822,0.039558423162805334,0.05305246210040309,0.7712775790316222
9341,0.7001756939600814,0.09885668951721283,0.46906393371381444,1.0315870552752837,0.2910806800616048,1.7255653101788428,0.0507264257529537,0.04949238938199111,0.22042086193987032
9342,0.6597208205502527,1.0861473031875182,0.6168689458217964,0.7137737683062388,0.053888111335176236,2.5159254314931165,0.40346039523869287,0.09118842231280311,1.0597427344127834
9343,0.02259309957637906,0.1578024810512605,0.1859620492749214,1.33655013740752,0.3376691918804065,2.5411448699386714,0.1908488641211758,0.036897152200333676,2.3311796373348477
9344,0.17525971884044014,0.7258745406783168,0.47214259421057647,1.0062920857814839,0.03154614798836286,2.1088475475877697,0.17383779278969583,0.1878493567593283,3.225551418325726
9345,1.5955052246282544,0.46892434003758526,0.17095502429289744,1.6377989506065758,0.6893397834306985,2.437528988024129,0.013881235377416479,0.10406146927445314,0.2717181663710151
9346,0.16744583097893884,0.7639032586390271,0.5254025553202248,1.6015986282762764,1.0805619370240374,0.9097958217402339,0.010981960985038258,0.1510732004132451,0.6646086501562807
9347,0.6486762561643021,0.2699549482604528,0.32642566063274764,1.4173467430548883,0.7465538280847724,1.2636408356049162,0.12291859465616088,0.08476300760463158,0.07116277364597501
9348,0.8223034854348639,0.3430433673564231,0.027457669615071956,0.2977979483972053,0.6545791201449129,2.9072902974794443,0.05979325899642189,0.0951228685667328,0.068239297727275
9349,1.1253115332248016,0.9387110786307442,0.47904673242708373,0.5149186508620326,0.29525529787524696,1.743546094313258,0.1340608099000307,0.10190671182873334,0.5744321875893341
9350,0.6961913333992011,0.25264916214655164,0.43226194487466474,1.0759619657745407,0.3293465872709779,1.5966270928567083,0.1519897404376683,0.10438749290414127,0.9463624683996006
9351,0.5290683037305224,0.8297908358854666,0.2259212837838983,1.4894434873374203,0.567176738355258,0.40467050660113024,0.09758583090743021,0.10912795478847415,1.7542455094305307
9352,0.1144330374101441,0.7507818681181617,0.5300215523533741,0.19256122253862795,0.40043071346426995,2.1361125258297378,0.09169956470301549,0.09149144323510759,1.5746585878814672
9353,1.0737928210473957,0.4019115840486005,0.8118641221726237,1.121197904994212,0.5954335350861685,1.441186230822346,0.10180439296403435,0.10097403843715708,0.23484552678335913
9354,0.5360817387708272,0.3491438187577102,0.5320702164224974,1.4933859251264079,0.28886217696685035,1.5160981768032928,0.3466224921543571,0.13172373181999864,0.22884089192123147
9355,0.24319527811565345,0.2627384742912362,0.4458627937330596,1.3414563382298095,0.6442282754352062,0.27447931667543735,0.16619542562221395,0.09021142654341521,0.04952598294214072
9356,0.9896263505960792,1.6381821623048327,0.4035560898410775,0.803808534286146,0.3408267440488478,2.911006046753011,0.09281040455718305,0.07283878257346078,0.978649259708387
9357,0.735213416968217,0.9816630156207256,0.9524575616978502,1.0214112040148813,0.895412855963061,1.0659542513674798,0.136668013429462,0.09846869958670686,0.2438375034029443
9358,0.8361939566190797,0.8112478949368315,0.36721556167501807,1.2517547938505527,0.6350944367006484,0.3158695066742907,0.07333812720449712,0.059996941769350665,0.4436546296197874
9359,2.1495940490101586,0.47891076338933325,0.051554489657648084,0.9175850680981418,0.6276897172445016,0.6981949056371362,0.0831866450592291,0.040753111686580926,0.8763922701749984
9360,0.11922314543148327,0.940125177736818,0.4457090631465226,2.3688464874970334,0.20673254334412178,2.8449719552745867,0.11407005755303651,0.16508488858298873,1.2437741548258598
9361,0.9032549819225117,0.5025769105572926,0.30753651974487767,0.16630845585066456,0.7194105193197919,1.9413637294203632,0.08921457635999538,0.07979666897810413,0.7519805693643379
9362,1.2391574932643024,1.053736864442288,0.8993012904294395,1.3131511290942026,0.5430572479128302,1.7808715321407598,0.17238114114498077,0.17007801242337883,0.5076580407361471
9363,1.860200208220283,0.44093876218000416,0.37542732474141255,1.3471867913837328,0.24413106714914717,1.888157529649406,0.052853690971366114,0.06829913212336283,0.5636450973971914
9364,0.4145870517082372,0.5699371038419716,0.3364046692065113,1.1884209514085187,0.7239467946571221,2.361812582911538,0.13019363628919542,0.048578366914334974,0.15996093496111563
9365,0.9926247027780799,0.5162200257115668,0.13646456162341225,1.653432450297181,0.47734280211965885,0.313568325843002,0.19320556472502726,0.11066790463864559,1.738712842830283
9366,0.902976049546135,0.6666336397845242,0.10355041813674504,0.5691144864170308,0.28899644924466916,2.267715276606556,0.17417472280168741,0.12986898625472904,0.9763029428180086
9367,0.7583556358101265,0.47990170447840724,0.7335124931235159,0.9333142946506449,0.44682229032794724,2.8048109194150257,0.08157873551608733,0.16105332695989844,1.783981599057594
9368,0.15965574013378325,1.1119070780422684,0.9273974789515733,0.5044410201241902,0.3102101934408544,0.7542574865305095,0.10079791061671571,0.09279306112887772,0.02859689748068428
9369,0.07686386083861779,0.49764680916878534,0.16419096785136636,0.6856147888237782,0.6493990251986227,2.0596180311757695,0.15867001687795423,0.10409522021569402,1.7071770974935365
9370,0.09060147421006709,0.17603317015631428,0.12741478268020764,1.3404801020416777,0.5879902809979617,1.622900817380043,0.048800458413398515,0.13550419877719802,1.1902375545525563
9371,0.5328637990081025,1.146235184293875,0.2963616402884804,0.9390509470235896,0.27510661935014447,2.4199003346915093,0.036751484968359116,0.07072187287264627,1.2360214866199812
9372,0.4527952775630095,0.8827934205490471,0.10354565188111128,1.3387489147803058,0.41195013618701515,2.2975444233656805,0.12633461172748897,0.06766324542196886,1.572072059873281
9373,0.6316158879522312,1.235935517707675,0.47829316877579164,0.8054226316508432,0.5194820016200076,2.2587843006793684,0.07616302622600564,0.061934318516066,0.7569405645510762
9374,0.8085381557717659,0.7608615630555196,0.447928990805482,0.6247087202484021,0.6169810282088842,0.8978160305602568,0.11438492076471232,0.07556614242358747,0.5963341495395353
9375,0.5401852064682927,1.0367884090110966,0.21602815985454488,0.9310274503757769,0.38531628994921746,2.8607755316133905,0.05236510811027698,0.06544270051319001,1.6140194941892574
9376,0.3788917916749787,0.5379314450332577,0.8530607862157706,0.5563933001215438,0.8790991787317173,1.2362706499421987,0.08141262619305514,0.1073596724068469,0.8711230508299556
9377,0.012836671533247968,0.8564905229079642,0.6322645042514246,0.06323711138702404,0.4040667320087797,1.3337962809740063,0.07310129377089629,0.12044057577476867,0.7615453058126255
9378,0.9611285225581845,0.8075742113816423,0.7736663756706561,1.1948952182888426,1.0798734691091498,2.2112325451037096,0.1360372829944058,0.1457617575037093,0.04946268821075317
9379,0.23409165655201583,0.6131770534140479,0.16065495507355998,1.3579291037104937,0.6219470891335397,1.4291338390492765,0.08025478412691142,0.09410158086110648,2.055038451281005
9380,0.8759852694408266,0.20874235321347018,0.2952581096346183,0.9854130525216441,0.9462334334061373,2.5768815468934134,0.11912640775725193,0.07087109069630064,1.1227368261346817
9381,1.0017464852442917,0.43489070582461475,0.47061918814212234,0.3338675155710332,0.5678169861657071,2.8504185280971357,0.06397269335392083,0.1007968310650932,0.5668906358904975
9382,0.49257578065675406,1.5101466861478758,0.12242108048029868,1.37719131405445,0.7212117631866505,1.773462263160995,0.06325639967130339,0.04778429986646089,0.6262682363274181
9383,0.761535600189381,0.13021492387502842,0.2504056136584612,0.6655332488015829,0.4773834976971477,1.4517452873459917,0.0014096188948433952,0.09777064338098103,2.0100720148099342
9384,0.20658259688269215,0.29482252894514266,0.8332715889626987,0.4471731432443188,0.29375967434057537,1.015186534468607,0.07462560176325729,0.12847914952042103,0.6647693562502329
9385,0.08765078336581805,0.36848195277410256,0.4478536927682288,1.225445070472599,0.6014706501482144,1.8234486149308233,0.03889747159493827,0.08580402782717812,0.8567775611566169
9386,0.48640396243705575,0.668531178200807,1.0185112018074318,0.7251898869254815,0.6447947603165205,2.9260981166010582,0.25863917088283533,0.07284199432543478,1.2264752749771362
9387,0.3945166137187424,0.4121881347710379,0.7311822799792438,1.4833397503545744,0.4988104291559586,2.6103533228165947,0.04968285078685441,0.0805682033673398,0.11068914140294539
9388,0.5273355216927993,0.06231520618769987,0.4175589477596842,0.7031577703958003,0.9077856710495872,3.183516115999857,0.17446485008483814,0.13519053578371842,0.3086849640378002
9389,0.40134215994657907,0.5851482959120372,0.8789358572280183,0.8948102420736226,0.6491016648345488,1.4381903111435135,0.11900466427301835,0.0987531360154454,0.6317493995078338
9390,0.19095225559773404,0.13175593866451749,0.32433876197453115,0.8478532661246154,0.7435497228252225,1.0049802935160765,0.24027467314366013,0.08257699070871848,1.3025211552772826
9391,0.050499218076378805,0.6238258672714914,0.8260214941798039,0.5912633856488247,0.8163029849216712,2.126702505410276,0.10260963786844231,0.13339559685622226,2.085164490746178
9392,0.5789942419702643,1.2094980954699461,0.6673864079385331,1.312442801325599,0.7069545476721674,2.2042575625719,0.19468852519159635,0.15657723756369327,1.430049297436538
9393,1.123081892086285,0.798454290432269,0.3353765494803021,2.446100343794146,0.27118979522888687,1.3784695055395013,0.2548270864051764,0.08062254819348745,1.8447317716535054
9394,0.8999396746187531,0.33293951972618196,0.5423466870631845,0.9475989592950228,0.31059811045769065,1.2872437463224817,0.0671832575742729,0.15025672809486504,0.35331295654042194
9395,0.0798409508784903,0.8278686527530396,0.32687474761426105,1.1782506040356757,0.390910174396474,2.411590734186093,0.11968833780033378,0.04718635948131385,0.6165499403892386
9396,0.18645289323330608,1.0750651157562503,0.48474947059884654,0.9117340137239781,1.0034437755548504,3.908158198189466,0.015494338116695469,0.08837010941942264,0.2753033428115109
9397,1.5195095470041324,0.18744339240164984,0.5641059896260838,1.0619065117480928,0.8322717878924974,0.5969718288064574,0.12356774303084476,0.12665393667057118,1.5921449705037363
9398,0.4048806189454559,0.3109386836283303,0.2745045379513671,1.0367046116529726,0.5309507300356525,3.1526887967139317,0.06452830365774168,0.16693125186354438,1.7053761395197942
9399,1.9251288662669843,0.6991985422684698,0.48444207892130486,1.1913188461263204,0.5005730964262946,0.40855057382978854,0.11845555523598772,0.05713249578708546,0.6363696055523842
9400,0.5047871540185329,0.6481387574607463,0.346744395131944,1.10833242156342,0.39244271129309105,2.3092057451665235,0.14426668943172063,0.09516939835520151,1.3088847100475152
9401,0.017034763928264474,0.7433421681414036,0.003474633933831739,2.2934968544343435,0.5292549119354408,0.6922659909070192,0.1203829460711501,0.11882648600383525,1.2017807587485014
9402,1.5975931078344972,1.0944774086625737,0.3696651762525425,0.7347525775496917,0.29458125750272746,1.3376115617929984,0.1981889057539416,0.1351843440454631,1.650595572355074
9403,0.14363035918672468,0.24154897004516296,0.5618122945897458,1.2150231003378245,0.4404922775229506,0.23464367963379962,0.24871515943949662,0.0658536039299696,0.9165553074198368
9404,0.050859469818849506,0.6018769552136893,0.5918717243674523,3.038892225349167,0.747352373923158,0.9729264658364588,0.041444163430705325,0.05105800065720548,1.6644498369479417
9405,0.1792813861936052,0.36295741015166405,0.5932455893200623,2.980211871286411,0.8093176444423221,1.099720442588617,0.15685931164648012,0.1155006225215889,1.6674269332676068
9406,1.2098557610958773,0.19384044987036417,0.29459811211876435,0.5204857145294197,0.42505314151359136,0.9719583221616758,0.03131805292359785,0.10417543509272335,0.15913215372052658
9407,1.6204995300336709,0.7501942491314185,0.06887198890970098,0.6354845340820843,0.31727444753904827,1.9476117643238242,0.1496579648281253,0.00968784282814153,0.7292103861599233
9408,0.270792051538758,1.0637013683710426,0.3202086259869715,1.130908051976145,0.46696948016356665,0.64406002210875,0.07871261705787896,0.09815069876052464,0.4138120389445213
9409,0.28085648774789734,0.7366441855273275,0.47321215217303225,0.2744712641580809,0.7087266101496821,0.6210260757683159,0.006295465644168427,0.0986218393448907,0.4909311204416101
9410,0.6542317630182333,0.25735514071066456,0.383366671085369,1.7617718066308798,0.24774154745278282,2.9468953260287942,0.07628122272385462,0.09299124299912044,1.252374546823396
9411,0.6993948559024101,0.679683250778871,0.6038869898910398,1.1873257186494628,0.49942321170608284,1.734646692283812,0.07172168401917695,0.10331338202291356,1.7999694794592282
9412,0.01815675217919016,0.030478574045964157,0.2699821569216786,1.0787211910038297,0.5400554764764992,1.539104666499571,0.011793179433227122,0.009182126629362172,1.4046356173934789
9413,0.9676197883684965,0.9717118538779888,0.7038024273944157,1.4190058435301909,0.08744505600547692,1.904778690356978,0.16316018812686245,0.13634317364566678,1.2750453244423046
9414,0.8214823920580605,0.7357853579519246,0.04486517194489831,1.4184499785307128,0.39319955001585166,1.1518358337231982,0.06810030202634935,0.10154999422281254,1.3157344872056975
9415,0.6539776659612764,0.8663924032587509,0.3398142468066993,0.8573620656173748,0.8768452143516431,2.606758683850011,0.01412174245289563,0.059396795817753534,0.3289583493951167
9416,0.9812329482384878,0.7660366693794304,0.5377902196822937,0.9606799203831524,0.8511374681652142,1.6703715146760174,0.13709401021367798,0.06633369624014773,1.0319009147028035
9417,0.5108914942189335,0.4982487470460653,0.7553521754339405,0.46543192260911553,0.3836170521535881,2.133794649285271,0.09301842870244431,0.1061668087050472,0.8128680186144382
9418,1.1927876204938768,0.27568006381748367,0.756096786032352,1.806392410560618,0.2076366441876379,2.715727912909321,0.2677861315639991,0.016414939298952227,0.50175580144365
9419,0.7596546139224225,0.00991896538379744,0.1197081265415289,0.929384398354876,0.3757921882566254,1.8333851698523782,0.25990823480662584,0.10294478828526772,0.009381393042711017
9420,0.8014975746817514,0.2903546382042522,0.27880914580826655,0.08262571752545478,0.5372369413133414,0.8621460523746552,0.05835447716164746,0.05775173049037932,1.1660749072722352
9421,1.3164560774764162,0.906760923788916,0.23361641113917497,0.7922119111668778,0.5574530368730616,0.802335852436615,0.0975557585726362,0.110088912984913,0.8111932435896428
9422,0.4240520810555748,0.6953576710015712,0.7972091594515045,1.3435857124353017,0.7145947734953101,3.4450158239325748,0.10271285160153991,0.07822708530133912,0.6886806108449308
9423,0.3116301040845059,0.2936318709845854,0.837875811798508,1.4054012794124717,0.6906312510703347,2.4017000484978004,0.021538874210859885,0.12019262553332681,0.6380499230676888
9424,1.338821764717928,0.9950428048738451,0.07796147587732588,1.4431289026331773,0.5531965922695381,1.220814537897382,0.14825241541887071,0.12487544685943291,0.38974683612522826
9425,1.5925034293637623,0.27581217438521266,0.3615563814709427,0.5668167575114966,0.6755601096620059,3.5097381271216235,0.25395606281604993,0.09075881947522112,3.1802242661233158
9426,1.100884420801798,0.48461094707841074,0.6156048322780803,1.760843755390647,0.15655366401129023,2.116814221696618,0.10278217034978228,0.03753251705238272,0.8571638817935866
9427,0.6147893446413897,0.21371660390856884,0.3662885512879132,0.8199293579620615,0.4187064239240425,2.1542049569555455,0.03284666734321663,0.12641783529560324,0.6637874431449264
9428,0.7303379555436669,0.42111602280813826,0.1565973863073216,0.9253158875971508,0.1287966147026035,1.0894086752288659,0.15293340608485426,0.17064732586340797,1.2187447438348493
9429,0.013059007883255591,0.4303164139918557,0.182027163110991,1.818674811164755,0.580303667534949,1.2296597827694875,0.15008888262801115,0.08257653115979371,1.5339626303866947
9430,0.12976553062237947,0.26826582766561236,0.20935294827595238,2.009278188161874,0.509784149176986,2.5817289858289003,0.19860715858881373,0.13845015823010548,0.06630952511436439
9431,1.0619116906606467,0.4085714063934803,0.5739968049959687,1.6572319494118126,0.7519596642255798,1.105383835484432,0.13837454796652968,0.043297602664218615,1.668082145114201
9432,1.0174896916217364,0.4190128716516226,0.695108737728516,1.021440001266253,0.4942860517346149,0.97327372074193,0.056302519455216436,0.07384810073749389,0.3635204527997594
9433,0.7601202744860909,1.5048282313351162,0.3192815490071869,1.6051166712702738,0.39809496388920507,3.1768619097923994,0.07556911418313512,0.09638757243391088,0.14305144166246175
9434,1.2520217795217812,0.8447997868638948,0.9512232398966917,1.3186577784666254,0.5202253804313588,1.606178772676527,0.0227889004696393,0.0769864457331731,2.157408554533988
9435,0.3558013527717877,0.8933620901465416,0.18458192370791737,1.4727752377594518,0.6417203277813293,3.0564545948345136,0.18662477321584692,0.1183804456570878,0.9776072421203392
9436,1.3209341316787637,0.348019976313072,0.871311739371214,2.03161001764732,0.9784231897228854,2.1749972002141615,0.12679516820465597,0.023115621891436428,0.32294510272294785
9437,0.5466801027749635,0.18850907996308802,0.28749342993095345,0.7283595183312096,0.6618100686687691,0.05921874854049203,0.34268381885304433,0.05046635334227939,1.311255947318082
9438,0.38630828324301275,0.8212156847331732,0.052202151552780574,1.194373568681674,0.6505828732528436,3.75312150861067,0.05363480186346139,0.08840629048532891,1.2176005968508035
9439,0.17226558338218828,0.8208849701135316,0.4245246569033111,1.231509238219286,0.18914153103202047,2.211726729422786,0.1641433427696254,0.06943093481314802,1.3757810755514466
9440,0.4101560221685274,1.0863805296370324,0.05257038374225598,1.9703210969846894,0.7131310028631328,0.7902015446300619,0.13499205847761758,0.08322634073814009,2.4185562966938496
9441,0.7679286049721981,0.27974122177967126,0.4645442427523867,1.052949158696606,0.8384062198886593,0.2593127017732566,0.25610281565157433,0.0714972691855647,0.787248249938088
9442,0.1091671941695771,0.9326872467668881,0.5413304760855511,1.715252557341058,0.2659661160845488,1.6816457882096807,0.17617901689762608,0.1772951363314032,0.006708122980142672
9443,0.31025279916853854,0.5863112612366819,0.4790586112983357,0.20907858329550144,0.29753361362386954,2.810497017326954,0.09684827596998512,0.06565953934272421,0.36883225495234506
9444,1.5802683132616127,0.6310984706126976,0.041555945575736275,1.1433614232597136,0.4677428407176141,0.2451332984557224,0.2047186176596727,0.07860821939346771,0.29607338227387003
9445,0.3934664083477954,0.8305954756833964,0.04256547114664738,0.12939315611215207,0.28838320622007496,2.4147943848821942,0.1179146114318178,0.06231772693415952,1.1068897167822727
9446,0.6018120613013602,0.9630426210413134,0.8380431450759148,1.269264538427347,0.31610484988550525,0.8615345478457065,0.09246809114300561,0.08906979388622625,0.7255533616709672
9447,0.13859811438504946,0.5601959784871671,0.6198877121334573,1.0510288946046686,0.47326979586169765,1.6423975537589564,0.07728130439467785,0.05693050566433622,0.4782539852863599
9448,0.010869261576733957,0.7361293081112623,0.3219213842313167,1.7653062793724796,0.6512112755132105,0.7109785526548545,0.12836992632412922,0.13860253573840356,0.9861406542152704
9449,0.2866495086093187,0.5422144024351865,0.09285742125708121,2.547789366493829,0.46477920395811223,3.1956071108856148,0.23547686964000092,0.08980515098721223,1.3369814557893613
9450,0.46323315199995563,0.5599098304080116,0.6670997162658151,0.2881772055206079,0.29425690142322103,2.262434551743011,0.13466930040063618,0.09103282485915912,0.21998829913137274
9451,0.4600986349507072,0.2576750859937492,0.32582057919123947,0.8107768426243451,0.40983221163702227,2.054516215936113,0.2540507414418871,0.07543349302736604,0.6594226754471253
9452,0.1631172766492408,0.366104937151903,0.49989336450168276,0.844569850434228,0.5683486197006523,2.372342951101899,0.1605422316391071,0.08375657514899586,0.8208700082258372
9453,0.20379723563651092,0.8930586413009827,0.3491301991287266,0.31076241071362176,0.5096585064649239,1.1841992183192849,0.07122771683156304,0.1206256898734126,0.762024649042422
9454,0.2718477947892048,0.9072576878684881,0.06955539080588308,0.6784962883039056,0.3819521822833624,2.453756255569985,0.17436984129540284,0.14001054659295775,0.8516474730875858
9455,0.43531863732454856,0.2757000404012923,0.38587053516674746,1.3929122973432366,0.39473322511125664,0.9030172215930699,0.2881009534970504,0.11854099789734843,0.9905955153986155
9456,0.5222594413510271,0.20209835915818686,0.34136516239350134,0.02708660173779276,0.35412223558622996,2.4668748037796533,0.017316468843461844,0.08254530252765654,0.2791054921991468
9457,1.2348618713149968,0.7694673378277979,0.6527353053289703,0.8550456526801375,0.4496942788785072,0.8866956983367204,0.11593899907867253,0.06925142102564298,1.13780053333301
9458,0.5026789194451633,0.28349400981003514,0.5795675083116486,1.6213854066946114,0.5847809503329193,1.4011203188311707,0.08060362622848036,0.08867503364596996,0.3298301001418441
9459,0.7694284750995886,1.14789478652974,0.7812472571715484,1.2981090650534317,0.4489063975653692,1.9253609884598053,0.07974660063408048,0.04627710299365348,0.03415672677968273
9460,0.1832317088910972,0.4940101093768925,0.18793881378967475,2.3690386109980754,0.721256829609723,2.1103286691513485,0.03620029481845581,0.11217869769126794,1.2294292655863113
9461,0.25110311041592875,0.982215659913602,0.5769177847181214,0.45470989936378947,0.46682903107252643,2.3062612350175375,0.08768851335021452,0.10489022050511213,1.1614083109104643
9462,0.7149363537295104,0.37579191546949414,0.07202539189925611,1.37856150848195,0.512219351741568,3.603758399489938,0.04376742240209337,0.10646098925122352,0.11004735855935288
9463,1.0830900563626749,0.24644383575871526,0.024367363788404817,2.197991534426446,0.3389889727370704,0.6282749242898145,0.17161187366054545,0.002643892603269013,0.4479810975978284
9464,0.14852373160889404,0.6710906633507776,0.1009122351005628,1.1075557213486624,0.22980570580074472,2.4313455616487016,0.2819408532914715,0.0591919335304803,1.1032531936392778
9465,1.8022140213252391,0.4640661176092322,0.5021529358201223,0.6865854996826193,1.029197611156297,2.094724393387871,0.07150212310675089,0.08136166677895951,1.0897412811571838
9466,0.012130813462357892,0.3964260977447229,0.4960929535574373,1.5200219760528935,0.18465523847434157,0.9212917812009226,0.14511265937872167,0.13060242217842868,0.2830956232231605
9467,1.7507409323509626,0.42997828939100596,0.572601979231079,1.6962170711819637,0.38282570717385095,2.591101518269494,0.15320459589157798,0.07205132836974354,0.12917693035004774
9468,1.4364781312587556,0.1761341038640397,0.4079654626711173,1.267318246573172,0.45695491218302076,0.8037843475681347,0.13224752007108453,0.14306974989331908,1.3788183413797466
9469,0.9189239725963751,0.42687796388607235,0.47166436122631294,0.6584270907886838,1.1018687143062758,1.3343527552944623,0.2229170929151885,0.10302798941598901,1.6592479373765792
9470,0.03921294803378089,0.8037008223809633,0.8406388882119746,0.9995426607635252,0.41292764270140503,2.2635494205725664,0.08281323152622187,0.06339773660946266,1.7351399420500138
9471,1.8641993428282295,0.23474870667563089,0.2526376428100702,0.15241803579605528,0.6227843467748353,1.5842675698199329,0.018175605703297848,0.061535419417209684,0.5276483055487751
9472,0.6161250965070331,0.7306461089755787,0.046711395979261605,1.594051889425439,0.44519398493907125,1.8147846426103202,0.21945709800097463,0.09464997393573979,1.2815986232288543
9473,0.2433116410152505,0.9309114118130488,0.6450672399613484,1.2537113104134083,1.0366592116987057,1.538764515514313,0.14763408645440151,0.1180985783979206,1.7539829587269564
9474,0.4482428022349074,0.44024286375861554,0.35536750317679966,1.0099203572496323,0.5656079569249814,1.9396743761199706,0.057331611627640985,0.0479824734314317,0.2999350101039243
9475,0.6862783510212975,0.6320696485253259,0.40840974477114533,1.423013793893969,0.13385665539817238,0.05948096386512258,0.12152605546262629,0.06708892893973448,0.11711845984611124
9476,0.5803542386703244,1.012167727893674,0.05251830042287148,0.20616261692274973,0.35927560132507763,2.198081684398452,0.14665196973131941,0.10134149798530039,0.30606197002130686
9477,0.0015288819169330115,0.33801304664918363,0.44935446299666315,0.9944562750819327,0.6098559194215852,0.10367014683784825,0.12890689220633103,0.05500421661524802,2.1138276215181815
9478,0.2784012705150893,0.3264999639608201,0.1591869720284857,0.7924016664911006,0.9734541081194887,3.5545929799340934,0.07385927772058758,0.09289760839066125,1.9189494927979072
9479,0.8763787945146471,0.1806292912425695,0.22571085890788206,1.3755026960597343,0.5044713013518757,1.8763557793849666,0.17090406544985598,0.11786435961071264,1.6465307257296171
9480,0.49086809070363546,1.4340462940100378,0.1546973960279175,0.901803718108574,0.33893253319900185,0.8097310352869028,0.2106775845699329,0.11499011881618726,1.5551906886472626
9481,0.2866903657051975,0.06480795140795759,0.04236793360354352,0.39615198694318465,0.27589191575291416,3.413466668778911,0.052481155557116424,0.07177339649718081,0.7885280911417043
9482,0.8472452407948288,1.0008020954078884,0.30788157307540975,1.8303816627788156,0.38060893695124853,1.91709441757281,0.03211958882285733,0.10375210184063544,1.2213898576193176
9483,0.33457027351423474,1.2289971875630552,0.028940498075330445,1.5386410306622085,0.4975830263390566,1.6359333448848266,0.092777674797195,0.054002264498528456,1.0414011141365593
9484,1.2577142673282669,1.2901734056763257,0.3656132855145126,1.0259099925647555,0.7309805327773441,1.2572501679583832,0.1174683637373523,0.13761714430959585,1.1767246929837902
9485,0.08053673704059972,0.21298574847166443,0.8832801904239767,1.3552206816465535,0.6329869427856686,1.2081042025600959,0.06638505765532174,0.11174644389852548,0.1436409902482486
9486,0.1124490759270858,0.6637219992110499,0.2995324350103595,1.854816405152037,0.15092697139349764,3.479224297298519,0.07095186609515008,0.10080664566845474,0.6298938226566264
9487,0.9641825053876205,0.7439768503590255,0.20830244356388072,2.070466418636705,0.5731392648226065,1.644019103257204,0.07732726937619736,0.09308310722451912,0.7123157233272102
9488,0.849344419947605,0.6657534165489953,0.566321250671021,0.16153585900938594,0.4488792093360513,2.1596772325495177,0.11764418559808432,0.1261365758149135,2.063506384197325
9489,0.396210421801467,0.5420387903867858,0.766762381689241,1.2645384568844396,0.38259905305381803,1.5661134743829321,0.03180810450228641,0.030173119594709197,1.6568341047566308
9490,0.7131761753480199,0.03048429087933685,0.14662044400251434,1.0564417129597596,0.010259550283084007,2.439613693015584,0.2742958157075336,0.11241100397884626,1.7270673229048137
9491,1.3871095837883998,0.7556045320771276,0.655883886491065,1.7293352182904655,0.5137492397218812,1.4174544095426134,0.2809044657608297,0.08127296464852107,1.506538290024203
9492,0.59682773034009,0.28908156095911675,0.4955516759173647,1.0350813957984526,0.4709956503877663,2.6335243170995306,0.04437211746085963,0.09893037255785057,1.2985880259914073
9493,1.4141488502109616,0.11769763961329749,0.5138044502057594,0.3744099265540509,0.550672901592653,3.7464669081434625,0.2355633947120931,0.16453175712282575,0.9855166688183288
9494,1.1733011714489314,0.23013321987261826,0.3351655287758705,0.0789770117507218,0.4772104389027721,2.0360294759793742,0.12135998668973291,0.03627269290443068,1.081270630299952
9495,0.7784668663836182,1.2752600972665942,0.19594766767206845,1.0893977898009568,0.39515512495142513,2.5505716377114447,0.04075012024777562,0.021542987024303295,0.7710155178285669
9496,1.9555278768948607,0.06574840558078315,0.19359977993414376,0.6178117444111172,0.7377206451129288,1.3682774865223357,0.18756651693578863,0.09731519040075047,0.4158435966005951
9497,0.31330531016327223,0.5336993706926935,0.1306123327480042,1.0066331417023815,0.3581469636347231,1.476186582028491,0.07015358048522354,0.11631294042456855,0.4971045815642662
9498,0.10187955423666153,0.3862109323606268,0.120045295638699,0.673428963343552,0.3960624762273653,1.185900015420915,0.02616310771970183,0.13076655150036687,1.3984558830220437
9499,1.5244421710740246,0.012085997435182738,0.04613817529301967,1.1811988439539844,0.5067076120237686,2.138641905731642,0.22777030767024814,0.13718201805612065,0.5968759907246528
9500,0.03897697228431138,0.8778349892022934,0.5437054056252724,0.3325425496123603,0.41995936246154375,1.4299202249492142,0.12942872891416138,0.12582561167007403,0.010431843846484767
9501,1.2434650244022136,0.8341220886178404,0.06060007571289511,0.8287433768026319,0.35051731459033575,1.1005238531529318,0.15342291585904116,0.06638588168458143,2.2922774831862234
9502,0.8625682774998418,0.8363245822537027,0.15674478091331379,0.14239114476040504,0.4213911890192451,1.9179445775378916,0.05502618757370788,0.06610849344653724,1.5844385928288935
9503,0.1449058830425726,0.3453980421857773,0.8204949564813881,0.883751921191026,0.7230017686364596,2.453114188294313,0.014942715922248329,0.10518654369971446,0.038833935444285816
9504,0.44484029978034223,0.23177822747309848,0.19476727518444856,0.2679139331607704,0.7231664054599222,1.3733498777385318,0.2076825205183968,0.03088339191400881,1.6919143727733665
9505,1.2143956095793562,0.20569465638934042,0.19262910678352238,0.9983852524583293,0.29355908074198034,1.1749079019838717,0.08485394001515376,0.06102861279828874,0.23891961582521637
9506,0.14992657798705772,0.756044289908281,0.35445824955685457,1.5443424812814537,0.3314331043626695,0.9064814272909114,0.06136170597768301,0.06843523700872975,0.1935085680669122
9507,0.7764013968352985,0.1774760953618608,0.9108148475863944,0.26203061560055396,0.6356548137754123,2.4635225700028527,0.0016615910039560616,0.060127308239579486,1.9626092666684942
9508,0.9227666772575991,0.20306060261735842,0.0340003433082563,0.1368963257849405,0.5723454926992944,2.022037303882052,0.09108817272458564,0.12058696011506867,0.09896212267629112
9509,0.7507419419237272,0.36635897826781266,0.48109579565223015,0.7314189654424109,0.38247459172466897,0.5724875130729836,0.0566415657308306,0.11912656383719536,0.7713100214675223
9510,0.8607515530431298,0.4052569399108267,0.23405131175586974,1.5191535255322437,0.5840637990865026,1.8818109796678433,0.11360782973201866,0.18093796441732982,0.0712663331527209
9511,1.2942973018217414,0.23737421804041015,0.0015733875526210417,1.8498338184941416,0.2556856594351107,0.7826456165568733,0.07037726266011092,0.099213789889747,1.0129269613670848
9512,0.7855717208110253,0.6560719893549023,0.3332385715908587,1.2349613914293163,0.75258401402691,2.656395706751228,0.0394935672323123,0.05958676484113463,1.4435155453343822
9513,0.6005582581775346,0.27965919849772625,0.43571258074064073,0.4027611336044862,0.7831003252756717,1.4249060076456366,0.05444616605913063,0.13076413806463819,1.7370474843731416
9514,0.10668279538967662,1.1220719755138888,0.3311246032148047,0.8076460340325059,0.2571077776828135,1.1800504877040974,0.13418851894713893,0.06819936759242146,0.7865778918674519
9515,0.9442386822265649,0.9361728133513658,0.7738466304630596,1.1538227717635876,0.2235722809560568,0.6098638486762438,0.15986569587926802,0.09268552545485734,1.1886860104633472
9516,0.17825442926057947,0.5743661249854274,0.583030645643558,1.2549562386568338,0.532369381271157,2.2070994899654894,0.18323872413908485,0.09297532845368815,0.7018485154406334
9517,0.6351875797582915,1.263386334544089,0.8460858187593348,0.6474638052556725,0.5524357615624291,3.5843199820033087,0.08259646302904451,0.07841993618917574,0.3345470451709863
9518,1.0759786517792311,0.25807622463311525,0.3062974255345661,0.4346395822479068,0.4225404159918915,1.4066910502793102,0.16362229240908377,0.0893916886039615,0.9790104260290946
9519,0.8065326910052155,0.2209869416831644,0.06958373537201695,0.6307570178934911,0.20204130404530235,0.7984681761426241,0.11289171198930234,0.09536984577515921,0.05171670306138032
9520,0.8440906128954908,0.48080175791341523,0.522559232084282,0.7785525613624192,0.7312333577358614,1.9882091501659376,0.06644233954384085,0.027784213913915792,1.6357961276312905
9521,0.04917769174058326,0.6464538023422698,0.21100342779968112,0.8991196788493236,0.6947287371647626,2.7367357334433717,0.09249399775880135,0.09213404252327265,1.1464763138342169
9522,1.2076797095367702,1.346591090837012,0.5487847118222775,1.5735713996404266,0.7870468989944037,0.7534037432138363,0.12467619808032267,0.10073824283937632,1.5943810203818254
9523,1.4879480533988645,0.9281082497347999,0.28968114381243176,2.0619150658560987,0.3138031507663285,0.988790545764738,0.16091144969947513,0.07791129466231758,0.32761034061191296
9524,0.17259219300785406,0.18213900229869018,0.3711876253648556,0.05746420524564766,0.44460563550706267,2.094323050649908,0.08764920079286678,0.06394182732740783,1.7868528905841283
9525,1.5980696152373348,0.2820709641843526,0.6863001892721854,1.637713404717215,0.49361237309042666,1.4865496929331492,0.1395322988791522,0.04749077832913715,1.225759755567434
9526,0.1464848744472711,0.44394218820391956,0.7068820172688399,2.268812712520825,0.05665095404253945,0.30883966500654303,0.25627984362329687,0.056760455613852026,0.9226712431992623
9527,0.7052519724542432,0.5725554111229064,0.3584620653634686,0.7436851065321197,0.30820345187476317,1.5973507754603533,0.08953169693022667,0.0664459214774187,1.0487877417248406
9528,0.909515945529394,0.9483268417404229,0.8904914367159721,1.606406536762854,0.7395940201279289,1.6186474244411186,0.227202495533674,0.018706906541565177,1.2874562374201715
9529,0.4145275517143533,0.06573400825119347,0.5148992745396243,2.9835413683754077,0.4539561426637063,0.20406390181767908,0.008754237300116652,0.07645615861397338,0.8959702310696951
9530,0.5380249382834255,1.1974655099491787,0.3969333982351999,0.21545025412790908,0.4372205454113853,3.28779753748156,0.07570814133567119,0.10199658436279002,0.6640268803519124
9531,0.14070124431729095,0.5947229174519919,0.8169823422579121,0.30940966393589,0.4071815188853815,2.0650366736806243,0.12055185289941972,0.0728991602822265,1.0760165864501232
9532,1.5465203043895588,0.4264535738949138,0.49711676877138566,0.4085022597430352,0.40617593062528623,2.6340928963859724,0.0975951181810754,0.0910128268356187,1.501700203106104
9533,0.3635307217899955,0.34739307301387373,0.16223249509165857,0.8164028615308032,0.5701302411121109,2.311159518056334,0.0760939193354388,0.1592066812006814,0.6885193127579978
9534,1.179502189181257,0.4680709786047432,0.14811098657488067,0.7691660015955739,0.8343911481247943,1.7085427370774688,0.2380762255692373,0.10692451312647226,1.649957846552133
9535,0.7572657730218019,0.23631630363780687,0.6233407432351239,0.45691716868156873,0.302293574325622,0.9233198929843961,0.053177948710428385,0.10194782250012639,2.603299738823038
9536,0.7622175081817407,0.43494934454871476,0.3552804739630988,0.7718994383084798,0.6084981524342818,2.248183940577859,0.0511529342420571,0.08498151986008753,0.5827801105913796
9537,0.9157161747757672,0.5951403636739883,0.9244579524043476,0.2113844762115249,0.18602033053409756,0.6478361705206446,0.20912827297070719,0.06135019804155862,0.5717966323142458
9538,0.584074913067453,0.17188772640896835,0.4515086809090175,2.309214801018183,0.42203059596656534,1.0599249045890158,0.16325938728800304,0.04474164220958172,0.5309400935194397
9539,0.43543546066795735,0.6960755370593577,0.28778445384812745,0.6906958485818087,0.6596004232295979,1.2189530955616759,0.1473557314401248,0.07468332292072272,1.0115598696386547
9540,1.041747510234391,0.3032083398201006,0.5633039358085544,2.8685638505173943,0.34975016367699346,1.9932950821059237,0.1716359261862841,0.06483239069285063,1.6744497926993374
9541,0.12507877972215034,0.9499126361830521,0.4883156314390074,0.6699881485281618,0.20128057099458163,3.6673348467522984,0.3806824863553418,0.0754199848854868,1.251149459084146
9542,0.6962363237492851,0.9151135135355348,0.27760678094922964,0.11749504710392877,0.5074553194466611,2.4364874697046623,0.10881534452875284,0.1213383909007501,1.0145187443398909
9543,1.473519736479064,0.39967814490779763,0.4855203873041095,0.5136995114978633,0.43475542832386194,1.7127871180774021,0.0955017314001545,0.10318134759130423,0.27568594161097193
9544,0.9204938345230147,0.36485696228437897,0.35064592868045286,1.4492963722003895,0.7347392207189333,1.3423926551447236,0.15168275327726222,0.11592390881640557,1.9975870720876174
9545,0.7907611563704886,0.2942665066468991,0.2319594058539906,1.8892067877046799,0.2910569006700387,2.2725157441963266,0.05506789012508575,0.05665435968657599,0.9787714329984125
9546,0.10591238681491952,0.6544593995197685,0.16820475057227985,1.2377106386736547,0.6368780543012362,2.723741606135661,0.14954025215058708,0.1058928200726738,1.0962526993472166
9547,0.18659728695727518,0.9901485151368357,0.42262845588188314,0.8649724196447527,0.6705109957045955,0.7875592754478532,0.15825520775020613,0.13499590278355,0.24146432361595394
9548,0.15780145008022287,1.082082346080218,0.4969553832261545,1.0169225457778102,0.5159481975080794,1.2395385801771501,0.10823720631102546,0.1044504695271251,1.5795994333603631
9549,0.6195200046145087,0.7298094985898371,0.403348252286234,1.2845486886768511,0.5338409865809869,1.8159371437953258,0.16084281583089405,0.1643779284742602,1.832625788178941
9550,0.27925941260538517,0.5371238060802587,0.29572295263988024,0.5102929120290708,0.7149255899708864,2.629807338567568,0.1660174185757069,0.09915634196031105,0.2614335411699349
9551,0.9658169535381014,0.9036540057027633,0.34353874976033033,0.11813942961519452,0.2930406830092,1.0751307154658378,0.11041100509797626,0.06421257524418605,2.255502018249879
9552,1.8470405366638003,0.08706543413790047,0.24759374189211125,1.542699998853279,0.486844798974492,3.380769044771311,0.18387949227469458,0.13377092654126518,1.152544483596983
9553,0.17169811648359085,0.4043789279630409,0.812253105622005,0.1570110609553561,0.5053269447426342,1.4264921627329377,0.21444276021730913,0.12493026408194832,0.9165554391113059
9554,0.18167634462550764,1.798372541413791,0.4284094447596945,1.5352802252918842,0.6898947169692982,2.0490142583790685,0.14479463548584925,0.054541090654383215,0.8308287243151192
9555,0.18940566786884266,1.21940844351694,0.409198721297564,1.175438313883865,0.39399798414524057,2.230718502923153,0.07803685226280191,0.09085377304164576,2.1602918631001877
9556,0.7164202194015872,0.20218623008195752,0.061254149142920655,0.09024859745188263,0.5111947400649828,0.540395160664799,0.13631697846940166,0.08738135939381585,1.1809453016139748
9557,0.9959879336034678,1.2600746638207356,0.36393613358621496,1.2475368769680677,0.4871539075496081,2.002062370060934,0.21186656790470507,0.12075478891952734,0.7818864710529392
9558,0.4143863886580607,0.4452931452180742,0.5067757749104382,0.5431744311081304,0.1697321312560492,1.1369573129978805,0.08263630300801157,0.11971037581334296,0.5643730399076108
9559,1.1433259440512908,0.3086536278701706,0.628163168204369,1.6745377323585844,0.7146957727536265,1.8511262422042867,0.0019916823290802715,0.05129144775188576,0.35165930806485657
9560,0.49502646126871996,0.23777991432631412,0.11707235689063664,1.1214878887517907,0.45052389244249136,2.622354328761438,0.10206960724297022,0.11474956162959941,1.652761182902698
9561,0.511044193626583,0.2639020875524696,0.9318704887250119,0.30673065337696837,0.8121474750093247,2.3713497100460286,0.13774069997396154,0.14192402389724793,2.325223134199968
9562,0.047006320704363475,0.30579093276345476,0.6596243811302572,0.23315108683434405,0.6541435095180343,2.9288762079432136,0.18273986415353788,0.052991549829078236,1.8475049026963892
9563,0.701456603821639,1.0074225845406255,0.21402385366672946,0.42434712264249297,0.3386093295231796,1.5845695618499647,0.14861801117242557,0.1216846594125996,0.618073870927971
9564,0.7346435878650963,0.7709599548273187,0.2713075782222319,1.1403168600967826,0.5297162418104837,0.11890844699434888,0.21421659637795032,0.15806529981102685,2.3350099705553404
9565,0.7439376682714297,0.1813893972621363,0.08150060409563858,2.61380190139932,0.6642686403083966,2.4058693232551196,0.15044629102171736,0.0636364980920383,1.525653590568814
9566,0.5140190494588157,0.8316853467271506,0.2756019042526922,1.1644608615410268,0.5312040864240258,0.6682270392133152,0.2027688938845893,0.09752045660954445,1.3976158383108417
9567,0.3153352989083703,0.4175027852314729,0.30193586883439083,0.2426391807311652,0.7054960066850287,2.255553728847086,0.005816292540832713,0.14428018382542243,0.7222855733677653
9568,0.8506582059898584,0.37190159885074625,0.554944202053244,0.931188296738115,0.44501828657022285,1.7897392799137948,0.0855499358015257,0.09755403210872439,0.7686382385417583
9569,0.11153309057032554,1.2209785895008338,0.4415246345282008,0.7692353159574162,0.38984181902369586,1.6207326696987314,0.11714472233644366,0.1028767112875122,2.4984107168073137
9570,0.2895395368157101,0.22073182480778641,0.5021887368490087,0.32695506419706255,0.7427958589833134,0.6506716307766212,0.2489211339287305,0.040219046885493694,0.18916648877913111
9571,0.4631647961770574,0.8935179098535033,0.6193149057295679,2.033215062767295,0.4665071605839809,1.4955189045098085,0.10136860543791419,0.17423010207096734,0.38009058787436933
9572,0.9926599763359372,0.018050138648597336,0.40861868820658326,0.9841722101525208,0.6261515271447449,0.6166649468893157,0.26913456281958825,0.14026510225266636,1.6611261504384307
9573,0.9904763831341641,0.9835976246480929,0.06333282222391579,0.5788238419170446,0.6416284891564648,2.1740148180997494,0.056034706291082356,0.0813805084006316,2.145337948749164
9574,0.8841662744845404,0.3904802440442961,0.23896737587051797,0.8751213973878128,0.05729661138707509,2.461302699445884,0.13345216666373885,0.10843287642946241,1.338331028582298
9575,0.745562525785171,0.2569692688431467,0.2769355609671856,1.222457111878799,0.7914923208990112,1.9375237698556191,0.18156864431914105,0.12816610185183086,1.4170532485429552
9576,1.498028704952174,0.5733205614394861,0.4757189795824553,0.35725275892871067,0.6765881615298595,1.6637880187455525,0.2204419496570234,0.04859824934632165,0.44855587871034414
9577,1.0486117159382633,0.5434853973092694,0.027021318633012825,1.0984357113758751,0.8326969160132887,0.29262415024226685,0.039581083472986583,0.13573967952544977,1.5774735417764578
9578,0.13358262469899226,0.13354843517430276,0.8453770520211157,1.5820315997114216,0.3358367693427594,0.09515253951770863,0.12076742992060677,0.040205151607575915,1.0383553776218961
9579,1.2434744373277204,0.5589424869739523,0.050756313164996014,0.7514530644325013,0.68766911636181,2.074843739035769,0.06037995734926794,0.1460341328880687,1.2362386815206499
9580,0.09556635335534092,0.14022702994684866,0.6433270322437915,1.2286377988194812,0.6344467759745266,1.438291574415265,0.1414474530640337,0.11878576419158429,0.03403182617538503
9581,0.27894632062251834,0.8357678495365264,0.24822114209230178,1.0126976833506256,0.379394428480602,3.2307606016492993,0.046051786481652694,0.05799220893684005,0.3016921724295937
9582,1.4563993046855879,0.14575496445160246,0.36103175893096723,0.5100760891867215,0.41716981975435996,2.0808414524288104,0.15656520055679743,0.07776911575895894,2.658442807721114
9583,0.16922784878788155,0.70946881694961,0.38254430142250145,2.2942628707216643,0.6983215375247935,0.6965327452427844,0.014143464499327935,0.11028191594692421,0.7196114809572809
9584,0.1755313322305808,0.3351226749597728,0.2096746845833843,0.6652409279569207,0.40495955413085755,2.8047481446285625,0.022490374641847374,0.13520810046490672,0.8556697552354402
9585,1.4632680951707013,0.2426745409744525,0.6925255409930184,0.32187127366582136,0.6407038978302324,1.8299513987352172,0.031129445368101166,0.08547672761568374,0.9242276337911192
9586,2.116183678997115,0.1976115692640681,0.471083372358418,1.3116465615728732,0.6525494491597923,1.137684177401559,0.1600221883462311,0.07048212608092644,1.447497272536187
9587,0.554634542370718,0.198617773591357,0.1611720574924849,0.5967717715770585,0.6478859403838273,0.8465950734883475,0.18902174256651047,0.0272002447273111,1.6291482695941504
9588,1.2315296398159914,0.526342355280666,0.43832753713757716,0.4833643509426142,0.7282216698660378,0.67166119428848,0.0851645180518646,0.05935087357688787,1.3012296658492888
9589,0.8226826907993627,0.9809615905423161,0.6824052396627583,0.3246989541904728,0.3678752930871775,1.5641924338642215,0.09793231235956179,0.09030646345305242,0.9702539782330359
9590,0.7386788629433079,0.4907417624859413,0.22198823895807585,0.04972723621694253,0.17826763513919752,1.5265116067093591,0.05576896909877818,0.11655760587264691,3.558815653105906
9591,0.5231830267328557,0.7405672665752117,0.9368365160461374,1.6545633251026222,0.3242128093528812,2.0730021165256094,0.20963701753523573,0.1112170776549038,0.7405302949715724
9592,1.1095998262824902,1.2253295332938168,0.2564453896943367,0.8776188283142534,0.509995291884627,2.4643360014710023,0.1828064920045482,0.12012638562336223,0.28260587245903324
9593,0.1802717593491322,0.0038787319359061545,0.23574010216314484,1.346426585349275,0.4779897547522424,1.2459082890737208,0.07348590511607361,0.0687990052483753,1.7892354633786307
9594,0.08163959315748437,0.9686618280469668,0.35370673665438346,0.6860143423435605,0.9140064806609087,1.1124921426259111,0.15678771311061854,0.07162749251732219,0.8848691422859328
9595,0.1983917799636576,0.4898896204527197,0.4551550576389999,1.154232764373919,0.11372888893234212,2.7006212840908086,0.17965345886107473,0.10695118191744503,0.9222365945255078
9596,0.09379453922038092,0.27602867402456016,0.4052641266287281,0.08107439674175321,0.5415126099445614,1.5588161398007878,0.18547504934433812,0.08159965040722258,0.4673414870205021
9597,1.315697453638599,0.9864893797111263,0.2811551753783062,0.6243650294388918,0.6858121606640655,1.643518925201155,0.07805001600893971,0.11096435038677646,1.488950178185736
9598,0.33708458205015335,0.8203837187188415,0.12835049098487453,1.5442500693616,0.6928793314408102,1.2939611500847947,0.152242108701677,0.07920840733346927,0.2082838871240663
9599,0.5252662817495584,0.09696017052918354,0.5903147760080718,1.1717963617401033,0.6719828660083981,2.8031808896280124,0.08978084339784315,0.07598103476107033,0.904816496765324
9600,0.5207777051242257,0.44201369625425546,0.202200353295322,1.1057437276365172,1.0824695038861334,2.8214759293649077,0.018078454633952065,0.1229418608162473,0.49257125962203235
9601,0.8234036875362876,0.5499780571875832,0.3659785363461865,0.9635345429869354,0.39866612084964004,2.5356169062969833,0.1132151766393179,0.08264928682880857,0.8526234175584924
9602,1.5755490427212238,0.9132325485644628,0.3691165777541169,1.3264688182865252,0.9498289416012007,1.8728079523942072,0.1915763014001561,0.15608834607975808,0.5518252939226529
9603,0.9444332769766057,0.34284859562619435,0.7552934936944296,1.9779120163925152,0.4431906342611496,2.582070361895192,0.016870784042936404,0.1604596882959194,0.26696691218499047
9604,2.044304024826162,0.06377476160129136,0.33183426460527504,0.922843683350287,0.2861624361859182,1.718018180819776,0.044053724479042045,0.11251441795943369,1.8953048451481753
9605,1.8533330622040058,0.10882079983270307,0.17425858707643804,1.4131431263700682,0.5232515583625542,2.7875691110069782,0.10070679271085155,0.09584047542526568,1.2129169128257051
9606,0.060771847942877294,0.9230807516565409,0.6214458812442087,0.8902905755773634,1.0310615417089535,1.6812307536531232,0.16344379302718465,0.06604446434793669,1.712946191510091
9607,0.057327041902505094,0.6421038945812243,0.7006383505449875,0.8335035324063961,0.6456557373402229,0.7546248634848045,0.27749583507273284,0.06352367382146182,2.5623980613421864
9608,0.006334887543892276,0.7466091124953504,0.4300345921934163,0.09484452672359966,0.25113586595654575,2.669380219795249,0.313219460613194,0.058993609397753694,0.9611028213079027
9609,0.251581199310997,0.48043206096557156,0.011948610443975494,0.27427286043874566,0.6196577366159675,0.05974558850727285,0.2573401314198335,0.07899525122969231,1.1579050722101296
9610,1.2628193978098248,0.32662214436156833,0.2738830217247612,1.9526075193295895,0.6006664014955755,3.103533155545648,0.19876666064098356,0.05381470178769275,1.5428938451705183
9611,0.562974097706029,0.6709462541105204,0.5235115239115061,0.27436706567266733,0.46276665075156015,1.5278282969538945,0.07050187149765998,0.08029797762337079,1.1660401088817018
9612,0.3040741731575675,1.0676853853964308,0.07013607962148372,1.9353985570553827,0.7761549962236984,2.35239079725293,0.016669274366880482,0.009873597877832221,2.2960248500466647
9613,0.7048544486953863,0.040021385164253465,0.5798246972399249,1.1564153672897488,0.4992562634638843,0.8117675776167478,0.07540850375883178,0.018539572253657002,0.9097172791750785
9614,1.2591504294235103,0.5853380609151295,0.739817794933961,0.854982126769842,0.6223571965719296,0.3950539737266745,0.17085086842674252,0.08750260155989048,0.4611525208256939
9615,1.1109187546643275,0.49660632246530845,0.2662983413460389,1.8261548994629915,0.45511321436759516,2.395281760445073,0.0667924701695178,0.07333767976175405,0.4154971424331361
9616,0.7050235276782566,0.3858742645944942,0.2476967815754107,1.3733869236887393,0.5004078246606005,1.1694828892438578,0.08607194527190833,0.14773821272663196,1.5663096317925205
9617,1.0166644869330452,1.1504126007473143,0.6170229447630308,0.6316662914226105,0.30986321474798806,0.8689873360975492,0.16132797664821005,0.1308765230142389,1.6128982967620336
9618,0.6877954762362868,0.4083309550065732,0.5324106760066023,1.3521034016044808,0.33863298076014975,1.336802579090516,0.11628234896408021,0.06545341231630161,1.4690752777075118
9619,0.7978964922485654,0.06980639792327348,0.006772264543277506,0.1562828941281571,0.25988613353471113,2.108806694708531,0.2095223749896612,0.05633591565577744,0.45576258927768254
9620,0.3298284971158833,0.11785590704538079,0.15768533713221036,0.5069908114074213,0.3776659469098853,2.6602061657496026,0.21905031419908985,0.13162197889405022,1.8831905407832188
9621,0.6038642075786064,0.45379682595795895,0.8073621014082257,1.670514492723784,0.6484783149332035,1.799540942227862,0.2052601487016421,0.073883773517045,1.387808107179363
9622,0.6720626145397762,1.2733155187498213,0.5451881544864934,2.0179735911670433,0.31311394945063104,1.7992636928233108,0.1672577085687127,0.11348987655666365,1.5179455141252005
9623,1.0128910671948619,0.5370105734967298,0.5478487948301365,1.896444629931295,0.6687604329701486,3.4956596818360435,0.049228954362235844,0.06261728424776292,0.8573358632816288
9624,0.49566528561129186,0.4537375400729355,0.5234960308923018,0.645692248673815,0.08586921191346969,4.101296795312468,0.04730543800000041,0.11960310787271806,1.765295652622176
9625,1.3302019191284873,0.04844774636617738,0.812137562679639,1.687675240192525,0.5918794322001406,2.032226659594686,0.08671675775319228,0.10406499246911204,1.3705752103572277
9626,0.6456841684461583,1.0771260065748922,0.06679291369180912,1.8361661456699507,0.510313028484682,2.8478189084633336,0.2097075564214584,0.07967837117420598,0.6724575005961297
9627,0.05623239973382341,0.8543530312205494,0.515204847892116,2.1695533730108365,0.15274751488563165,0.9668907215475273,0.16353499053166293,0.10521660165721634,0.6012828775801411
9628,1.016846641941988,0.6379810294336161,0.03166847438706283,2.177121723339076,0.43717813615928,2.416138057728082,0.09712164486982544,0.0711266417342236,0.9969989863996849
9629,0.5374449808251858,0.5131054447285814,0.32166278272585647,0.5721646857258996,0.5180031860275884,2.6669586148866133,0.05557942946488417,0.09384149305034754,0.2609193705596554
9630,0.01823699321739375,0.2402954915014227,0.9741097853761091,0.9910078630797584,0.8019111926686923,3.046361470200484,0.027864930940833615,0.17503677824405886,2.088264451947242
9631,1.0848455148569849,1.065348115618413,0.06327933229583338,0.7583554389803386,0.38253797440033854,1.7654252838717777,0.1386869415698117,0.1447869053763572,2.4027294025208255
9632,0.83066703364545,0.28126254423924063,0.10116423194826121,1.3213240728498126,0.5900870372559057,1.2649666766415582,0.08551794141690097,0.07376394667744189,0.48268937532036255
9633,0.22933489911180915,0.39351320569399256,0.7539739116893189,0.6389570387321823,0.6283031566100721,1.871619389374431,0.1242724684384969,0.08588506386571608,0.8899461470938964
9634,0.10251111703517424,0.4727564821978706,0.3314503573303649,0.7231472587646097,0.9721482654271547,1.617006111111151,0.1527284589360543,0.09719841990828235,1.5026230100309113
9635,0.47728316970315926,0.6306217851314084,0.2794558058486184,0.7256546100641994,0.2652618062120921,1.4882598214295968,0.03385303103374976,0.10754789595006554,0.6898407761241555
9636,0.2514023786904109,0.7210789455382549,0.2738203054607637,1.4082334631610214,0.7743762283927018,3.2461591915507055,0.11771740843092604,0.09756937874109174,1.2633349368698497
9637,0.059337190976109705,0.34627089737964134,0.5369119036717735,1.1810239726785479,0.5653409369179453,0.33071108126689786,0.12128560881850727,0.03519692118515338,0.6175116128983995
9638,0.5801348574466603,1.7211005554341026,0.3729828340639689,1.7927723982546315,0.6510128478865441,2.6460516645981924,0.04358017944011951,0.05864585341549765,0.36571036458821904
9639,2.38657014338704,0.39829968186369374,0.8395275024168845,1.0614232987019465,0.15741680821492549,0.6846566184389551,0.2106283838348526,0.08175325885445084,0.45778263625500526
9640,0.2431273547762026,0.3466171961630087,0.3220500620566938,1.264987511600029,0.5972372451373222,3.197034982204016,0.083307211272476,0.08914245716444837,0.6593533317492083
9641,0.41724497557086426,0.23797690929667345,0.03265698862860372,0.5771634937537825,0.4936871052219453,0.6527786251394747,0.0414625135098375,0.0993412915796067,1.4805678657540522
9642,1.240875668454547,0.2815811630519531,0.8116136904235924,0.5051920164318444,0.5152565236757507,2.0446552322953724,0.09779437338212911,0.09250208859481408,0.930027668432461
9643,0.8586984627183079,0.960036836553293,1.1183920644067606,1.3627732153117984,0.6773337088956839,2.030258776993054,0.08677949454286608,0.19645527248940653,0.43391954307995734
9644,0.7402896766099483,0.3178758425121329,0.09943064523254944,1.9252525921124362,0.6837825805564817,2.275700943966924,0.20275527192155574,0.1336401813981891,0.7415451765612356
9645,0.9678155709364911,0.41099121518632964,0.6463989707988851,2.395465471306959,0.6580715079684418,0.8212328574593152,0.014943992124205108,0.11039655017289654,0.6738835292755986
9646,0.2200613740192809,0.2863070365841876,0.4179016084483347,1.2838948253025435,0.37451662753349646,0.7278500915382909,0.10612361905651636,0.044490504136427626,0.04318615801990089
9647,0.2482306618588636,0.8563247098158657,0.3786921067442024,1.475221285313752,0.8952646199301202,2.9047912337467183,0.07540859258644853,0.11665565812259997,0.8311186313785525
9648,1.2511488012458318,0.13498414064500924,0.4704043103002303,0.7300208720713595,0.3676931001703686,1.8345720667418068,0.24733860398028118,0.14147008738075167,0.23686298235448555
9649,0.5804253342537615,0.675443231160566,0.16583490572294882,0.06890232455812417,0.4149127199342734,2.789234669001524,0.05941199505402593,0.1261683765652332,0.5695788228372827
9650,1.2378230406897106,0.3266156203300328,0.8811393519719382,0.8215717234622097,0.6184296637544848,2.9040016444636048,0.05081069821448452,0.1122954957503377,1.468805522617375
9651,1.7774215801141129,0.17266168863792303,0.3564679353054304,0.715111736457041,0.685719654894663,0.36052757412763126,0.18299779463470733,0.027849890874639252,0.761405817539168
9652,0.3113460944853671,1.1179120642884581,0.544984519421037,0.530195471469016,0.28420423268321077,2.0368736435198462,0.14615534744581005,0.025835946966261666,0.6563919636844598
9653,1.1332644732121535,1.1562272580962165,0.01938001087929464,0.3543147490546532,0.23436387738267606,0.9884387456672109,0.11639864145787633,0.06062419083545709,1.928045735373137
9654,0.3769427864060782,0.4591255292798808,0.0034571865842799587,1.5869944796038558,0.6336152712620445,0.8669486285017849,0.07106353158338921,0.09934455576351445,2.606972895724293
9655,0.20410889124135834,0.8991038675241474,0.6315036037457451,0.25401132380334657,0.3934070767349952,2.0861793953591254,0.09837534707794143,0.09483438991809746,0.11023550777474456
9656,0.06886757400875068,1.038253629235113,0.18473999925590134,0.7019201376834114,0.7617888308016698,3.5374926174951478,0.08478810499676773,0.11986771441998127,1.1121878880837337
9657,1.3887285235624498,1.1634722051335904,0.6324020051514164,1.5156345295871936,0.4318722836745649,2.4764092594380047,0.15936404235274038,0.11051229255383488,0.3385593489931711
9658,0.007091435789166434,0.012600984533433945,0.19104175440463725,0.031261673351563046,0.5726460898855701,1.6520786695305272,0.2822457003426829,0.07326208609682275,0.24680970705607008
9659,1.099605809010689,0.021846013534457642,0.25449902542985414,0.0813475077861664,0.6623719014783347,1.463466159291345,0.1612625952497951,0.13040262582688822,1.0729514381339487
9660,1.2245232224147646,0.7849125139221349,0.2328674606596837,1.1042966972770645,0.6767752142556401,2.25550922936874,0.09136779898775368,0.09863866955221892,0.4758323273358064
9661,0.2840826298627711,0.41532916670275843,0.3803869274215577,0.85990511106602,0.7016464876264795,2.3377037695951475,0.23662341694293365,0.09644738378990089,1.60088064051946
9662,0.7955229588232313,1.756609954587859,0.35552222048683757,1.0094854654970897,0.9055537633000479,1.6592265895400564,0.057623365685094276,0.041594394616955806,1.6604419665338095
9663,0.2989304120518791,0.41079949466349214,0.5690820030222685,0.02887797783881707,0.19524204435607062,1.4160520688809772,0.1599670691109259,0.11657590769209328,1.1475907593052805
9664,0.4873536209859929,0.5226290376825385,0.151472256071212,1.8680964212539117,0.4048957218786173,1.7251190324418864,0.08942312823413755,0.10898466171141298,1.7480524882961743
9665,0.2087482326635498,0.5471864386070338,0.7314344326911562,1.2275895555519327,0.7938233473499556,0.8678828981579311,0.1705134453553899,0.08871629246574647,0.27051593045124944
9666,0.8769611104378598,1.4241153729952354,0.35730818547952176,1.4260997421921144,0.25771300638028977,0.42885686648589827,0.018225009639121048,0.07024246861243996,0.5549551656596121
9667,0.6601323376138458,1.0119028765610458,0.29515856413470637,1.578370221717568,0.4363356970507556,2.2880987538206203,0.12691901637154207,0.08302572527939153,1.1482121633325968
9668,0.11136621046161055,0.30333619460516437,0.8905467180256715,1.1351653729182332,0.8518343338753571,2.5985531201140537,0.017894609372801795,0.15051460789850213,0.08437755980697415
9669,1.1425273731845502,0.2292130126013489,0.032933390213967184,1.0388837431411944,0.45459569974084046,0.9327213029701941,0.09161031841068458,0.05165232115713185,1.3694643039320025
9670,0.25636673282388855,1.5795746020767634,0.3439211039840744,1.5398022274496697,0.18824079181467235,1.786892346502918,0.18879100753146147,0.08789929522287127,0.33702512505923055
9671,0.3117111823459804,0.4690160231814649,0.36887212672315167,0.8443557936103852,0.8749069966132493,0.7560504463036621,0.22343875270192456,0.1245040502659507,2.0239897598266214
9672,1.4102496483475462,0.6786112505878716,0.505032489866039,0.46953583900798035,0.6258755384360908,0.8808204076621888,0.06274700081669723,0.07203129092045484,1.009537776479534
9673,0.26999344497716327,0.6283699301423457,0.49186867441524107,0.779802478112844,0.5604877065603822,1.984384697530187,0.009558994860183523,0.05948126006110194,0.6094075808407785
9674,0.6374823605237331,0.6293267956431396,0.2159294373517774,1.213224787341399,0.8382442336771486,1.2353600806029035,0.09910071736768353,0.1533369475439131,1.2390475441698803
9675,0.7714721752288121,0.003816269909857728,0.27280033784448293,1.8194238426344067,0.3015417055729771,2.8017159894701305,0.13078591169970635,0.11482266061126799,1.8575450365094972
9676,1.1551384040815607,0.0906507458918897,0.6065721742781683,2.118516694146875,0.13381926044530085,2.3220770231674166,0.02633956883579361,0.044550058194905866,1.2708593632718175
9677,0.2815575495937461,0.6232678889632037,0.4723199515494273,0.10317517284949584,0.5953956473949283,2.87384306959455,0.06457270999102212,0.11594561456784593,1.5686189968219888
9678,0.05914358835319247,0.7661141483043155,0.5306336515255518,0.9700378762020336,0.6133618049873629,1.1819301326434162,0.05902630621626576,0.08209664941462809,0.008620451464074197
9679,0.6516459349505357,0.046527025460613325,0.10121469755424276,2.585798058891573,0.16441955548634218,0.7276188000234662,0.07105048170134554,0.17806850631252602,1.4933302925746115
9680,1.2742011316551833,0.33324751301224,0.6256583348108954,0.13181138090090105,0.8166484165633872,1.1430117479039072,0.10430378782792898,0.1241412361433746,1.2162663036013912
9681,1.5135366054067023,0.06091027187038173,0.4853228304764499,0.10257473104184645,0.5196192926582776,1.8145304576524393,0.13573322274719793,0.0699897231555926,2.7113773110679675
9682,0.04102748288732319,0.253158986195966,0.6109489911319183,2.0537185634513087,0.5005344908026029,1.4947074158247142,0.18794400273201584,0.12037994038957946,1.5065674460745164
9683,0.484743846269278,0.05989968733936335,0.4295629730354459,0.5945478251926501,0.5251372353665144,2.6206132208077393,0.13702648889365246,0.08283443634426252,0.9601778112182466
9684,1.0932266345966077,0.14560409365616803,0.4474882574450938,1.2778831283474563,0.6279833474313726,1.5771909249283576,0.03271684786017208,0.08937293541095448,0.28794034182117767
9685,0.330298869073613,1.0310706916021963,0.499395739559369,0.13603454535143988,0.6202905723861438,2.218692094166966,0.16985851649618944,0.10811125446124026,1.2194373366160731
9686,1.053649098413617,0.11563301755847097,0.021833570046800532,1.2652285333571107,0.646855953590198,2.3766594046722322,0.11362901446019916,0.05043888760789934,1.8638563690028596
9687,0.11989152757182081,0.5949524872656318,0.43977842855262717,1.2324189423800218,0.7331104375800073,2.2802706210266606,0.005341188530634491,0.07213142653987753,0.8791061839713613
9688,0.9208676611734374,0.39554140016207195,0.6652050449532254,1.8753007714805645,0.7871606327548989,1.7994105084854408,0.002615252947161542,0.027182456310478484,1.848230723184534
9689,0.3263925037909622,0.6281408428733746,0.6540372014269038,1.1709996693006497,0.21700996260468797,1.9025135019948274,0.09114037940446057,0.09111475102914876,1.5240442163855819
9690,1.4294653897439729,0.8136278210995224,0.658583634097724,1.0562973816353312,0.4856840284632276,1.6650742840380879,0.11056912383254908,0.07903420316430852,1.4755849979069637
9691,1.2340758670045913,0.5392414418333062,0.2496643779937079,0.34399213026876074,0.43403367266697696,2.2563657124957035,0.03538953628349244,0.09921594269676297,1.1594715280997328
9692,0.5382215058982507,0.19320422772905715,0.4296181819098702,1.6161697333697127,0.41811185766656894,0.783808610285149,0.029864112334071102,0.08128079248223724,1.2534365702580132
9693,0.9222210675005704,0.1416238614032005,0.31076193445388756,1.0277546032868599,0.719352490358555,0.9577648258619452,0.0748939716169024,0.09995824821816637,1.3279283529320207
9694,0.9900587852949536,0.8244192309491273,0.3358418010984248,0.01812251761630279,0.5360734396886632,1.6877866880109018,0.29224251665050627,0.11305205260288695,2.0609736741013016
9695,0.6752560680717793,0.2881018731839151,0.3641563270895175,1.7257552233974773,0.672185138698488,3.086588360321169,0.10404100775954145,0.1438128910765969,1.4941599825961016
9696,1.5745736080194541,0.294131019557729,0.09475753282373003,0.5948975239197741,0.748232915766996,0.21243105408807028,0.03869750724396247,0.10093954097321979,1.4715298137004311
9697,0.34159800532965334,0.09638596545373723,0.11215623152367557,0.541134322181364,0.3591643515629636,0.8454064891996227,0.2163457207582029,0.09822392775188298,1.7178839013098797
9698,0.2998840797966839,0.07756257933235672,0.21455986408728941,1.4217284144782085,0.6702425379857104,1.2263613977633288,0.07505681791585543,0.035853969165455635,1.745892666136562
9699,0.1046099019914784,0.9839612240856086,0.3387513037101878,1.2931624360121303,0.6480898848304922,1.4196606906209517,0.17873983185676892,0.07620236994559929,2.0625476115428554
9700,1.1762350338188277,0.06169719516579658,0.17038750570126285,0.32968915651489017,0.5763125084757782,3.131344972090303,0.28403366834847726,0.07521066439670757,0.325839214876548
9701,0.1425597943038413,1.1949986886547728,0.4027620679656996,0.2000953745794425,0.6596887349322083,2.1444305555728227,0.07612089652158877,0.09644584567272048,1.3204505232126438
9702,1.0653511329633123,0.401693968179215,0.1671313560211378,0.6730838562627735,0.5713124330631192,3.142830167209042,0.010762350067852686,0.12229192246891943,1.224930370409485
9703,0.3815540254991166,0.635528734174782,0.8367350793978598,1.2604778594106505,0.31307814960591424,1.3106530970257209,0.15827177202301632,0.07698552963425374,0.2741503219245055
9704,0.385590660415051,1.0322677195994554,0.5939431058158109,0.04310640532019505,0.5946637858848127,2.520801292069915,0.04239674978949021,0.06534797696164567,1.6393878762368859
9705,0.6216639493004796,1.0330063452744065,0.2698367519697827,1.484769136750158,0.8771735205457813,2.5813055290263733,0.12837127843821616,0.07372615881017526,1.5397750267662447
9706,0.4156258617527943,0.8621471858393828,0.17796809470320887,0.5106177580416377,0.33226355770475735,3.5821934673545615,0.19808082772458752,0.09307119106404162,0.3889845577955613
9707,0.09135534567441586,1.1662979765196648,0.4841407143062089,1.9673217745565914,0.4681609021415394,2.2768638722996326,0.10474725510178529,0.032573404051565065,1.5686862113221416
9708,0.43128431478323104,0.7030771617974125,0.392633036948053,0.5482277248022575,0.3287794287995753,1.4935761337662423,0.17389955765322263,0.1173850198537976,1.861029693209787
9709,0.6908479588720684,0.620509983343557,0.5121881368306948,0.5718277371529589,0.4779277726481847,1.3383777764203688,0.018749332521811476,0.08709552537562308,0.904184458895098
9710,0.026835438336438644,0.3562454973816247,0.16144362773350426,0.658712224094961,0.4570761259859206,4.323974094530141,0.009364064124099847,0.09555847195000547,0.08863362325262225
9711,0.5212635341955035,0.408188762522051,0.5853223562507848,1.6580457996780722,0.3060593948963796,1.2157142498410067,0.014899809807060446,0.13173645070335158,0.5310550815764735
9712,0.39453283773415015,0.48269034578761094,0.5732216789950655,0.7557726275623287,0.6194600582603927,2.2839084038898094,0.1290573290360924,0.0761272554627051,2.689171879915444
9713,1.170335839678576,0.5543026775981122,0.0883146712161102,1.4295071234103176,0.2433478095793502,0.6909610562461121,0.10505118541592959,0.14961281128558934,0.65136303718646
9714,0.3258931397631133,0.3355742994882035,0.6458955969398819,0.9245819123281144,0.4210084013451324,3.397783227397751,0.1670736580338209,0.08417331917748781,0.09020498352880335
9715,0.6029503525775353,0.07940066750566904,0.669572218616512,1.885251964720354,0.21108732127232588,2.574127988345395,0.08497127688500689,0.11304327439062581,0.6386643892302127
9716,1.5866998755109833,1.0875957226379553,0.36367367029438613,1.1403881524840334,0.8556186445370053,1.3008034627267093,0.05075739433152997,0.035502065152819055,2.3561330156941267
9717,0.4962349466459679,0.18018082598896532,0.8125113517401553,0.8241238213859956,0.8007296330923284,2.285179327836761,0.11421394071158057,0.047272010541189034,0.39001056456586536
9718,0.9327947910507313,0.284979616270492,0.1616468274513508,1.9424074324906937,0.23176271684132532,2.556843747007857,0.013965138077843317,0.10999426354867102,0.48123045647331375
9719,0.15628350939733787,0.5081656763117242,0.6683364623668138,2.3054373206647596,0.20752348953577598,1.9493457247990262,0.19584604092554958,0.08767937579728362,1.2038534434058712
9720,0.357505508172621,0.40836228637506433,0.5782525595930036,0.8579033884067194,0.5250974242086421,4.435191215417871,0.050796248768327945,0.1479634440399329,2.069901479532863
9721,0.633124343351273,0.38155229983598093,0.7422149663713941,1.2830307367909213,0.39410063185015515,2.613517755378846,0.13220482950576914,0.1106466298706425,0.504633517996476
9722,1.2345200335154343,1.3302066950869,0.531214939786875,0.2421077913081655,0.2621452935403161,0.07342155936092354,0.20586036325145465,0.03776924160517402,1.9894530491032463
9723,1.006663779305934,0.8935801323504786,0.7242713883786658,1.5535172415970724,0.37654264437393276,1.5495789343795754,0.14991438743544613,0.09327762325198653,1.593394043544603
9724,1.3413127364611626,0.4367883282965978,0.0720488615249224,0.7155698465497722,0.4027343798105227,1.5593961849949283,0.17341004983285774,0.08040729495610772,1.3226131948028743
9725,0.4939239036929055,0.27774675537316523,0.7194202943414594,2.3880694592620517,0.6668510667716722,2.7656175828987712,0.14688996312736335,0.13121233923159573,0.26846507671298925
9726,0.5951607010763181,1.0650120790889348,0.2167241244461873,0.8039396558753343,0.6211236347849418,1.8008594604818864,0.07054687283114577,0.12165847870381999,1.417533907157924
9727,1.1599574127599455,0.09407626122382823,0.5277066366482203,0.6632477214094021,0.3904141648173646,1.260361495706851,0.05916294895492774,0.11261315685207679,1.0370419144714433
9728,0.05439059099647017,0.1313784559726065,0.5765667785949514,1.7247625753053493,0.3912625643778786,1.817234542405734,0.23204755203611577,0.06896425951562057,0.10672890893735454
9729,1.0087142831213542,0.8066643157953584,0.3290154684361628,0.9611217793547117,0.17857199313476868,3.136066252456757,0.15761518820776257,0.12033015507886086,0.8417166125965104
9730,0.31545091548371684,0.13363490502592465,0.4515698330290663,0.43216431999141125,0.43715258245694166,2.458442557715431,0.05079254911969527,0.11884820617614048,1.3127374189180796
9731,0.6014571939425242,0.3041604423961748,0.582360781608682,1.1060799914774686,0.5656900804494301,3.5403916428772533,0.26182398015138975,0.08876258146369376,0.46496329266331615
9732,0.1986922343632175,0.8544567348561343,0.7098872544014777,0.4041015350935202,0.2990332276031808,2.043884658215206,0.22568044991014477,0.07983390100825392,1.2225142215284555
9733,0.8874122430556461,0.0482094059238769,0.37099526696113383,0.8458616240611213,0.5312713675366254,1.3402474754545237,0.1416255118353901,0.08871282771686298,0.039478887393360806
9734,0.34319083161024105,0.6378077147225287,0.40609507452490534,1.0617283092199576,1.2320434921137164,2.2801687158559094,0.09097277381217378,0.1318889152204487,0.5171450072859922
9735,0.27027750303357395,0.5272552716342412,0.216609048513372,2.1570169468131044,0.5697487236493607,0.6376854155329288,0.3023648338793104,0.12886642347388214,1.4203659587037176
9736,1.9077903837752626,0.3097314580185774,0.5100835093464623,1.4066519438317817,0.5793570869681259,0.48266644733149033,0.21019779609125416,0.026257123638722707,1.6302057313305731
9737,0.25385573447414767,0.18972946595357115,0.5322330037433269,0.966512772437301,0.1281839603517731,0.7697396552682061,0.10574909205167062,0.09644229185988906,0.39391712519827926
9738,0.877523221715947,0.37341573869065076,0.46902348551384576,2.7354898059330055,0.41926879543866635,1.91399943691657,0.16354166401455836,0.10994279020840629,2.4538729915380597
9739,0.9539618495257078,0.3319223578009728,0.5456839838398355,1.0788972379640391,0.7738613696402008,5.112971220210753,0.23430889456728593,0.11346613378464335,1.654369699008933
9740,0.4846225408405511,0.7786499557986803,0.17225812266636456,1.5710460737739913,0.3368679890177758,0.30194899902505434,0.15919595812104018,0.05254209144229739,1.6536936602095413
9741,0.5585069776477936,0.9777724767942759,0.08765620467238922,0.8656800727121434,0.5974395882774344,0.9985696060343259,0.0715230494565499,0.1867709019489287,1.1336248103923467
9742,0.521745142097191,0.41506367644102576,0.021774509223277838,1.783808912414712,0.6158955398136091,2.580191086974821,0.043312247702690515,0.0696854631289961,2.199535978807244
9743,1.248898033932724,0.3779007061870393,0.3864810866516566,1.4231265686831123,0.5100948925535376,3.5424960432446113,0.029669046333455698,0.06482384741703079,1.5612166628014894
9744,0.8783661996684211,0.427443697074397,0.7431278163000413,1.1079302931520865,0.797788158821037,2.977965505364409,0.09947166198924154,0.03841412687837532,1.7574151259089026
9745,0.13076135770171482,0.4593890158516137,0.3244144620445672,1.6923825130724097,0.5980375961970901,2.0474312043566383,0.12436257903753847,0.14689050472610599,0.08447172220751475
9746,0.12619167166197526,0.8048145381311864,0.29034841815691,0.3403096862959236,0.5652748410015005,3.025188782716161,0.1779583364849575,0.07511709421792435,0.8589421555876582
9747,0.09994362002877613,0.1187359716400774,0.7595702116022536,1.8406070079111068,0.1069067377401644,1.030286655779015,0.03550070029444455,0.07925289470426507,1.3285943943214658
9748,0.03907302907651261,0.48935218724208474,0.8501011624412226,1.1860986195822392,0.31031717118859925,0.5943189525813668,0.049041452277973775,0.07823583549027888,1.9144846891661063
9749,0.6774951107251076,0.5484105902326004,0.3178808182265679,1.0283785969105965,0.6722825414008272,0.18735908338689833,0.05703154798720017,0.13924142023120398,2.499542122831948
9750,0.2394567646338664,0.627965972865224,0.31047449644637026,1.399491000675228,0.6580341335866676,1.1047576377796622,0.14883946734147893,0.06071427734466933,0.03654182988131671
9751,0.5209818789801451,0.22886939827522512,1.0972893948783469,1.5122674647733905,0.38023786146342564,0.7277910732359352,0.08578666809680921,0.0812208657131564,0.4012543324922065
9752,0.7306406328256766,0.4476353202509952,0.3152780193346993,0.11391360044631949,0.2551718682341259,3.2409321883795275,0.2296993809243144,0.08867823957041303,1.3125556877192128
9753,0.08288958978092756,1.3958597462040876,0.46737688593690885,1.585657158851809,0.35337466554606656,2.1792877167324605,0.18760496675907842,0.03484351882234532,1.9955570736449164
9754,0.7488639690440451,0.13141493700360213,0.6903387945671227,1.2635864908983923,0.3346430460338111,3.058707977993809,0.19975182264410268,0.09728287585128685,0.3515645470175748
9755,0.39512050830462325,1.1475026975399156,0.10448590627329546,1.8571818742478983,0.6890721417346977,1.6573834167338708,0.2549002412666856,0.09628928027119628,0.28454067250207093
9756,0.33159465400115085,0.18332418769606648,0.6542648399658496,0.22529407644578414,0.2766539804424182,0.8653241415636045,0.024730196508857133,0.09209958514445332,1.205491906691663
9757,0.8890653097976766,0.004652994411016298,0.0993231638000833,0.8585700351799247,0.487931080786714,2.502942275716447,0.12907476071947585,0.13875237543379978,0.9968609359131214
9758,0.6985829634056486,0.3116949737141324,0.418932808036145,2.3063897613295334,0.8712481645731069,2.902813058583269,0.004337158993915138,0.0803860104863649,1.6899819363245312
9759,0.20339980312267536,0.36740905037732396,0.3975480652469493,0.7766735120461769,0.27845498310128225,2.369796344548662,0.08928909209666054,0.057001294842356234,0.7598481359908078
9760,0.09553182920725856,0.266455409431148,0.3497432731180128,1.1305257339974428,0.3798962422499898,2.304296031298686,0.15877218988013256,0.059893603688347924,0.6508531151921483
9761,0.49838233172049595,0.2156951915046353,0.002259830994351897,0.025779936587521313,0.3701856259270527,1.5579318618916795,0.10236075404719143,0.1184149061635188,1.4275287837860127
9762,0.04486035128480234,0.45613831826380835,0.5988403012074168,0.1748083420470279,0.7501127550584739,3.767157136439513,0.2149568203578218,0.0962826027356074,0.771280672928304
9763,0.9391530213616612,0.7488303549533493,0.3485712680087371,1.7281950428984574,0.41379453509246283,1.9534701630701168,0.1750365908798493,0.048288914206537956,0.3512684748992613
9764,0.3033515569873897,0.9375243279134204,0.05026664636090289,1.183248220561499,0.6635171724557879,1.3295130658490408,0.3413817401581271,0.13326043036772595,1.1185092425138634
9765,0.47336494795587597,0.6043093602618194,0.23648775752742474,1.3422209883630551,0.4804800242599877,1.4279912999257693,0.27531980232945874,0.04266771461782926,1.333461647111506
9766,0.5513893032492406,0.0745369977327211,0.548711426115601,1.324120171652074,0.3411066944331482,1.6912755263147528,0.03779158240216088,0.0991912569661353,0.30547113443719187
9767,1.2288069542129794,0.06987785314171785,0.09136642351388702,0.3125664872640148,0.7214231671885084,0.7851395372222753,0.0927429747595221,0.08272965057499916,0.17789763985313334
9768,0.8861973922864479,0.19042065940026792,0.5821593760018668,0.14793963444693292,0.20279526069897336,3.293898733917339,0.09401333387558551,0.0899277445468403,1.958980452974424
9769,0.44122696841207837,0.28512718562439326,0.5471345764521297,1.3008458398736908,0.7504585113172695,1.0215669971683785,0.10711427979345242,0.04187576735520201,0.5374832749722144
9770,0.01905571162459735,0.3510841247316978,0.25561905642916743,0.06934765580503355,0.4987558427502971,1.820081114246332,0.3035997629620925,0.07968318750648072,0.11748960686353749
9771,0.17994728051086306,0.6486587973773101,0.404407607469995,1.7494564946584272,0.47494601863020575,1.9833959425480983,0.1225676213189186,0.06950630325570259,0.21364822982734932
9772,2.053514336588447,0.4615777695592125,0.11075867550141677,1.687047440755307,0.15646059214604535,0.7668519551746099,0.2153894202849936,0.09739258332641448,1.114800462193281
9773,0.4828350540582186,0.8337892455334055,0.37162340688635026,0.14434934533702104,0.3143709182559455,0.7441286808109709,0.0006634792880304274,0.08982277213543946,1.5692008786879756
9774,0.8115051622278784,0.8782364535408127,0.22745138962796352,0.9294049725660724,0.5155480444309521,1.3486776749704008,0.122527790858248,0.09097229667585667,1.1903819731062275
9775,0.30126375013086454,0.2434387298305415,0.24087073914511314,1.6891599160238466,0.5856445086115789,2.0230120289864426,0.02063275956928634,0.0522664970129969,0.53022727647393
9776,1.079113219448601,0.046703693242367006,0.33334190039930967,0.9122608039100021,0.31210853642331937,1.3389110814762997,0.16749908032604682,0.10537668874942532,2.455986176829242
9777,0.5108930118793331,1.379663871380361,0.7142188010204874,1.1558416183212963,0.5221266745712398,0.9406286167796188,0.05695615963220519,0.08665599380533145,1.54584137105526
9778,0.5509684554447762,0.99575299785769,0.2283713812556299,1.7243461373071303,0.1993589844564495,1.5631563407257651,0.2684169076109724,0.10570652713415314,0.9723430614812535
9779,1.1286874277818162,0.04626646320447236,0.23768156412775587,0.6615990654485371,0.07449218480367203,1.1762563684832417,0.004029280358280471,0.12298896266615475,0.875393645236978
9780,1.0088190008108255,0.48778119542211607,0.29743892651158943,1.5051425130725191,0.2908746112749056,2.675293751812124,0.2757973268710779,0.053054648145698935,1.5480000681442407
9781,0.4887879136482961,0.08850242330230579,0.6048257084752436,1.0607596514498776,0.6989540429942879,0.7318463094998351,0.06147935013441628,0.0724263502789213,1.3694278748894018
9782,0.7433876717006064,0.165497543724307,0.8194538627818043,0.9459418525606476,0.36958249303779706,2.021816302044611,0.33728212796155643,0.11710667278167414,0.850628725095391
9783,0.3276021849426107,0.21090455309176173,1.0518327235651592,0.5199945664385466,0.9485009306590422,0.7261877406787538,0.12164283451818518,0.015057639259251021,0.9279845941653113
9784,0.041156845815530835,0.6758361822481782,0.07391751895659687,1.8075579692879953,0.7496850380766235,1.5801463630681045,0.25096979410530956,0.1211560036215118,0.6322136897863575
9785,0.19468044596541,0.15083948354056406,0.6167075616222177,0.6814944507693587,0.7530130304552347,0.7540906291952972,0.08944859965791344,0.061836714327429446,0.6562458163098059
9786,0.48152362989275393,0.7973755249251446,0.19269470444128362,1.3178598411431128,0.6707655204536035,4.757139979022488,0.01750885721995739,0.08478938767318608,1.1020477270427476
9787,0.7316690433205446,0.9834848653452786,1.1972624615407135,0.27400908339526775,0.7185059011089638,0.8731894863968667,0.04190928739589851,0.06060268045818308,1.0184777635276703
9788,0.13927244906564007,0.9134237172707884,0.32757356251295533,1.0317450671174806,0.7406911369678886,3.646592374669437,0.14717773331835252,0.10214563359022813,1.3959239961260583
9789,0.7456529058987357,0.008505127649014121,0.41768709086169137,1.1518034908679844,0.3094249953368028,3.475822407535197,0.154873110968818,0.07323456667225345,1.804896010110819
9790,1.2669363857950156,0.6394817719244815,0.396232249302363,0.2699810214370302,0.12880798954655215,1.1972712839011592,0.2524122840261339,0.10999193481046969,0.5022908593140255
9791,1.305454163186834,0.5418964842545329,0.663668306454233,0.06932231467717098,0.37014249175231084,1.5460853361943512,0.043473017802531946,0.13256048617132005,1.0570733339143863
9792,1.5295942720231366,0.6933974767288908,0.19792620773507003,0.843388773020595,0.8051209524046872,0.8513101979755652,0.02059176186007952,0.08752402688811298,0.8772237108422494
9793,0.7977201914793266,0.8788276242653577,0.5546937864127441,0.2855059915479541,0.6168380153826115,2.1164251919770467,0.07240503562618784,0.06788192329646123,0.2116292267442117
9794,0.07352027357772778,0.3001088544008696,0.7759642998444474,0.41622482714753917,0.3669525623399199,0.6680054413802146,0.12988889547855276,0.02060711751175605,0.9579976182149104
9795,0.9372605283127127,1.0108058731014362,0.1481984840653765,1.785420799507402,0.8466761757212733,0.15627238276768263,0.2587470984274801,0.11873812041253616,1.2607877599239825
9796,1.6087744897359169,1.311822119457295,0.5722245388079975,0.7326925832652338,0.7897513542570771,1.815198252311808,0.1701399733198358,0.08483369300198842,1.4211777490247892
9797,1.3097020076524404,0.5573349146094208,0.8828576615343336,0.35985210464838224,0.4512663899109451,0.772395308956271,0.1585459938935006,0.1561134653385719,1.3401825131166816
9798,1.0192072612621783,0.5591553332756314,0.7076217165284426,1.3455285667911123,0.4143888543064346,0.24211757431466752,0.09243889170445584,0.12460207972803938,0.9387137358630029
9799,0.15513209007458853,0.4135615068096012,0.435799496767197,0.8018385302740237,0.8515638324828279,2.7216784022472593,0.11934038409639133,0.08620863588697515,2.044366517336968
9800,0.39724163995633754,0.8980745748084344,0.31976292660842637,0.9622380061447046,0.8425582670247996,3.327885782879611,0.019846449104137187,0.12132466510801505,0.33789806064588834
9801,0.32049469451139395,0.16026677414173632,1.0452135791859185,1.303374616930296,0.5761834485469844,1.0691240013606487,0.14585779919024167,0.0628741987753107,0.9842017164176192
9802,1.4231353469821602,0.47082691605791743,0.2897665415254564,1.3852837252974748,0.4215328770651924,1.7806737352997584,0.20703327699051072,0.11002253058401315,0.5637473245473834
9803,0.2993405461988451,0.6663179109298218,0.7225238329236772,0.2679027254447387,0.4848688866581673,2.6331308805211755,0.10076523308195266,0.12491405819216908,0.6081338467063383
9804,1.2577010480184194,0.38423448841144514,0.04181303172796713,0.49311350666970777,0.7166310150289847,0.746257292236731,0.021971135094694838,0.10651626302709602,0.9615941647382005
9805,1.0631028874812185,7.702671352138868e-05,0.3992239878155769,1.9913826981019942,0.5697059443499082,1.914318751993414,0.17126339235194404,0.10080222479975864,1.148804554429436
9806,1.1462937504643396,0.3960962247586213,0.046650309461613526,0.6361974508127433,0.918160514098868,2.7755590860169344,0.16081073850447228,0.10180208815008882,0.6732201313482881
9807,1.129815044693137,0.080789297807639,0.2041236352589199,0.10087126902939492,0.536306398149454,1.8503500451855461,0.22589178074211994,0.07306795104652074,1.2484882808372635
9808,0.6279025066293229,1.1715643114871255,0.06630702695228224,1.438740435123751,0.6081909999271345,1.7882599808725197,0.06204169497323217,0.07779078126468626,0.5286762529190572
9809,1.4078701774792381,0.205660056759065,0.4530373312152238,1.7499393424746312,0.2076603648484482,1.8016896177802746,0.1683724548008549,0.14489213831162628,0.9172763618355231
9810,0.0484780480342408,0.45616933152506234,0.06309452524786613,0.9405548857181503,0.17432348418778015,1.7126524407679098,0.04589146831323157,0.07211427266182507,1.5459200775663877
9811,0.9044147579309607,0.07732986908737943,0.15545730376861816,0.8319640696475472,0.3375420208565658,2.941355523717849,0.09261330312588731,0.07738695568526344,1.2514042828860603
9812,0.2896345697933907,0.4231313991654762,0.7416368574877831,0.14498763995043096,0.3473538882381815,3.033367482624157,0.23302345434294353,0.09153045596853147,0.2584058375645819
9813,0.037133551013729116,1.6468009952156575,0.5400833449833582,0.1207500594582207,0.10540169510071823,2.855013900007469,0.11714664657046517,0.10851033072517838,1.6907714806517053
9814,0.553444315845447,0.7003169789812524,0.2083667564705659,1.1925369089388456,0.49991801627857335,2.289809714564798,0.0863670160052224,0.07318875222533369,0.728926415395073
9815,0.28141248317376405,0.16020775125529643,0.6653451951534262,0.4524776064880154,0.5044662118663373,2.2720916080981906,0.13703763049382114,0.03892068115485612,2.6849255482309586
9816,0.18975617894970082,0.7160116593321553,0.7583104385449854,0.6700065474915267,0.6536207832224813,0.5076773859478583,0.14594918620886957,0.09232304147882212,0.7508229899287966
9817,1.095566353152601,0.2521096882206232,0.3014568297179205,0.7202851515335378,0.551552012805231,0.8231571486369054,0.11263702144188248,0.11902538977022137,0.7485667119604433
9818,0.3581267764942302,0.3039021844711379,0.19194516582260573,0.7162837147526835,0.5813122927992209,2.3944634879245217,0.20806423653886474,0.06144547990864645,1.06074817788238
9819,0.39905092356879857,0.1973804288310637,0.6318783208688505,1.807105880071516,0.7701321492112243,2.3721929052964437,0.11466722110661709,0.14540701892782187,1.420945708453674
9820,0.516163672655376,0.10921784453117533,0.829594776480762,1.406565243866896,0.7263848789277596,2.602655963965711,0.17764278268179012,0.11369960607320626,1.3449495236362403
9821,0.7520997285935058,0.6230211707148976,0.9609707549778607,1.3372336276295171,0.153907879045664,0.791125283277402,0.017787428291234808,0.0726648682000545,1.6047834248734012
9822,0.9681875901113819,0.6215465886881415,0.14205930407513698,0.4629099058436119,0.7838747465710807,0.15941109885887106,0.21882557773455102,0.08907275521892956,1.1422204018240396
9823,0.4770492911852847,0.5779567611351414,0.7010844540891741,1.6897063038045892,0.5255045928328714,0.34422038953234546,0.07922375425016222,0.10701284124062707,0.4154720220097221
9824,0.41146134320872046,0.1497766706694471,0.5198027322620782,1.0863463711492782,0.39114956936622697,0.254621572632886,0.025257899560173477,0.10479945062935206,0.3637366691917744
9825,0.586441372839853,0.32844760159330644,0.7674498613603649,1.4675305685919322,0.39339992699092385,0.8954326787106159,0.13436433760835975,0.1251398517215601,0.0803454489095774
9826,0.7818464844269228,0.005994296896069007,0.06145674735993045,1.121055048924119,0.102953237548986,1.9232490251616836,0.08110422157373931,0.1100994718692999,0.6604610130306603
9827,0.04235217959546117,0.5059040768404026,0.6179415333874665,1.6308403634626656,0.604040359411548,0.8101084890726467,0.1760883624923012,0.0812868655737047,2.0668721696264045
9828,1.0348979510703715,0.5236126198552297,0.2080163928987212,0.4987547881929251,0.6973986660204026,2.38191763478429,0.07168993857356691,0.09698627334084335,0.37963300246689086
9829,0.47703047374103236,0.369558011168493,0.6399218203246744,0.199925156862941,0.6295122449410352,3.005450764573302,0.15710506701330545,0.09809380959559995,0.892836132931772
9830,0.026552966936027822,0.679442640843847,0.47088501428832885,1.9987801398308185,0.5078511839375319,1.711766002962898,0.22654238505355065,0.12137517907112483,0.6949451755048237
9831,0.27547686827594925,0.8246059026403774,0.5547532570440215,0.7569628460207267,0.5684182435071304,2.6997537962812563,0.04745668052976022,0.06916059590734963,1.0082126613396767
9832,1.1103601627841388,0.7519516866560232,0.14582983367066155,2.099357235742333,0.5066293521411978,1.5698304888274894,0.12515096820091165,0.0645668744519168,0.8727335511309153
9833,0.34870957286636556,0.7335817369473495,0.8453428929097896,1.508997706084429,0.4777526946417207,0.6033026244829776,0.10960713520376367,0.10179385147011677,0.2764236973797455
9834,1.3219843853929831,0.40379262849517694,0.47515319432183817,1.2431350805337917,0.45992344431590176,1.5532620666209678,0.08561194423150198,0.10605341129312905,1.5961421334995902
9835,0.213893816736769,0.13493363527988964,0.9453789873754141,0.9887847903284427,0.624075196160455,1.233400483754231,0.1221636088500942,0.13277784045881957,1.7192610256401561
9836,1.0841255637705294,0.06733578288159103,0.39770105395861904,0.18835585871658345,0.6575066432112845,1.7491190068806597,0.25484973532876676,0.15216398491493968,0.04779193283813399
9837,0.036003559070080904,0.9111341131704824,0.058519451311264625,1.7574393843307168,0.747043651786893,2.9744921735712238,0.12211446196454666,0.013633983778563882,0.7174551665766058
9838,1.314637163651003,0.05812023204719152,0.2230761390579145,1.224046426657873,0.6308710163131042,1.8278971990469775,0.08906623831256949,0.11076982499593532,1.257517917045305
9839,0.2623638898313536,0.17761501882404,0.10425183831356985,0.39407018525185544,0.82800360719041,0.9416382401264672,0.14337709696302658,0.037402490543666414,1.709560910358375
9840,1.585500415644276,0.42279208294103776,0.5731389158187825,0.6974559746764903,0.2398640088003487,1.9691480201259524,0.18729068810328448,0.09549189002406239,1.7714679969082567
9841,0.3590022003856426,0.14123758498805478,0.2495045511074492,0.6121530543431186,0.6167057055399873,2.1432798549581973,0.12996429786003882,0.14952194911832922,1.3334560040197339
9842,0.32478058181793035,0.1468742596286737,0.7885003942019855,2.0450551456922454,0.525728036037962,1.569589161078695,0.10750200747284595,0.10663322610558754,0.9941149991486554
9843,0.5710077213791434,0.481082125580386,0.2218008056849328,0.632251517480686,0.07043271283031494,0.04050199905854823,0.20455728862498082,0.0780012470486155,1.4988197865731798
9844,0.07756084360113324,0.18237543056858627,0.7316844188558036,1.5060061362679624,0.7180204416970084,0.69614054195986,0.18804383557277599,0.06735934142886982,0.1932175895292193
9845,1.2169217560447112,0.7411456280816926,0.4032224800451862,1.4463565542444823,0.43071267287439574,1.261091524529681,0.16756062888759873,0.06630707814132822,2.0615339518813345
9846,0.41459560150839736,0.9869686471219818,0.05462464292607533,0.78648910584953,0.29540102861453715,1.240123710503065,0.05970082830801054,0.09369072449442992,1.5116260816669636
9847,0.5340316513210641,0.6786554697732019,0.17711216270245447,0.6866766578352965,0.4413615663111011,1.9494248144703796,0.13565159140782665,0.13015015531635327,0.3184432650827703
9848,0.5429452160764954,0.2278650915432912,0.6901049433239763,1.3794730892474072,0.4809947304511628,0.7973286945465496,0.0858118389151255,0.03492726038457371,0.05777283798648758
9849,1.4455389349173233,0.16572849582302124,0.43186473262795905,1.714179436010772,0.46089345200566967,0.5920806857171441,0.06213207296553105,0.12281210937868833,0.5813819986792389
9850,0.08394239662186695,1.1609777331734599,0.5686911600249294,0.9026840976679015,0.9430019392205634,2.2565696214467503,0.11689855085288887,0.1032832522611328,1.3727687011990213
9851,1.4138230068635111,0.8954032849905293,0.5905989399629115,1.6593125427195234,0.38492573522493023,3.7724113271298947,0.18310708713714863,0.10755373019324144,1.118805989090386
9852,0.997070097890296,0.9683186593092397,0.28657177530624495,1.5791146944413632,0.6317001379253768,0.9534473422612042,0.13205601337403394,0.17468851552553236,0.7311779379977073
9853,1.8744745449976237,0.21336358421661886,0.5677816020889876,0.1615618865630718,0.773889031186004,2.3956663784947745,0.16146749161550217,0.058358194745267385,0.9544703266629037
9854,0.009359913472203552,0.021691969202666916,0.35375512450153934,0.49356125985359894,0.7129822427210464,3.139954278754457,0.08855665333756146,0.09009515034360306,0.41723125763879376
9855,0.3293507102102217,0.309276567117961,0.05342849369945851,1.8189847782924793,0.1488734018984118,2.673445394426856,0.1439368634758063,0.03379452766790651,0.14768054138000708
9856,0.2165596991980438,1.2252335864413266,0.12426794913776723,0.9172050554033673,0.5256917993333674,0.02411291741910393,0.11349532848655107,0.04311447925584421,0.338035553628275
9857,0.8125009820005451,0.5221110767548824,0.27791791972790825,1.2875186651775534,0.5495185967639827,0.2668816890840944,0.023831839942097643,0.1327970478148306,0.08786500845816103
9858,1.2194224890787322,0.4748287565138164,0.24176087554904363,0.605787281715858,0.7288168461276541,1.5038610730017916,0.0854912164711569,0.04600293924793519,0.2470151003470452
9859,1.228992362912451,0.32060616289351396,0.3596345681542711,1.9771909978799624,0.6642785696070806,2.7004968395526987,0.0995740877967636,0.07884957547513342,2.9229124189291675
9860,0.6973802791350563,0.8642849537136421,0.7258698427681445,0.7789933660711117,0.6983801048499009,2.7762256854673555,0.15411453057705787,0.10162678521946536,0.3887487828554443
9861,0.9525960499820714,0.4210565061578846,0.823321578242715,1.2019478152558902,0.5630867609752692,3.4953130067005658,0.11690530897315368,0.020242189139666023,1.3077526179115768
9862,0.2891428963483464,0.27643948106966254,0.3155901618225867,1.8688283383183089,0.8794220683363964,1.058648553033957,0.17928095732894284,0.10650684852688773,1.5822395236375928
9863,1.1053445417197252,1.3118967456847805,0.3631533198612474,0.4752622337042404,0.5467795835132652,3.599057182277877,0.2310805606067236,0.13126169984154662,0.6450755213288509
9864,0.030124287871376138,0.362940357137672,0.21489643899609062,1.092396865145761,0.7867792049475382,2.411206381163891,0.10094191187852102,0.037681983919918574,0.2616796601976902
9865,1.8868902136734638,0.20708599717448686,0.04430523721512175,1.5243308619395597,0.6368232169115304,2.3336683540430276,0.08427477938429648,0.08297631671262293,1.7554676129942965
9866,0.9564092575061769,0.3052198906593397,0.17492009460826835,1.2740910858878276,0.5610166063379661,1.964618806870555,0.009822861156833423,0.0745637786346315,1.5359363811691265
9867,1.2958627140441636,0.2603432548536626,0.5896209399303727,1.5329068850645773,0.5362807555582265,1.7373333386821088,0.07603023805957501,0.10744654756322827,0.6875934492015927
9868,0.23787693993362027,1.200865881883508,0.013265254494500722,1.1452411691156241,0.15576721363585916,3.5641661218684795,0.005423342754011115,0.157738308689116,1.3185661834233868
9869,0.3251116905272953,0.3083177447402148,0.46990033595114705,1.5097027669109275,0.74270880796199,1.3434707765535645,0.09120977150045499,0.13527270159735288,1.5960686963579114
9870,0.26874077811549135,0.28272328931075136,0.6458886688465494,1.5190885537149126,0.601468024576297,2.3475240048908512,0.05432389555877936,0.10590240703007114,1.1589901568251102
9871,1.9731319854071112,0.18053143035244223,0.6670143119499253,0.5869417612233869,0.44562633590789125,2.2728366204126966,0.019837893437640974,0.11156086158238226,0.5853486051472145
9872,0.8041150254930876,0.5047480757095492,0.4322796251227867,1.0318208236684523,0.4159869282373248,1.3595548162573592,0.16124793296289008,0.11128413780395889,0.6212288443157159
9873,0.3884895031661441,0.5180149321787981,0.3056157440212956,0.06640184734685162,0.4356315793777209,1.3070106328827036,0.35915502589883563,0.11455354422241519,1.8161517802981981
9874,0.15791428214360556,0.4180550209652528,0.13774459867237313,1.4879582225752201,0.529980416340488,1.4295866303569333,0.19771395182328094,0.1654728071745436,1.396912632268743
9875,1.7146205803562564,0.4697215320529536,0.2779728934773042,1.2696820910399698,0.14912100165431375,0.9381086245679785,0.11321046774973792,0.136511016791966,1.5668280544414799
9876,0.1060012897765665,0.8069818010541914,0.26704485612319995,0.8129742489010281,0.6653246914457871,1.7630148596762902,0.19852520163877246,0.1616190430628643,2.162206927169739
9877,0.3857120410978113,0.9615955534327987,0.5140915308070463,1.3786792721175352,0.680242962073537,0.8503154097938864,0.30260484767139234,0.15297274339186628,1.493106222660122
9878,0.03794368991617603,0.8239912091639912,0.2491280349402682,1.326377078350584,0.32319982280626064,1.1898067197084348,0.21370811667600775,0.1184521064299372,0.7647496051505108
9879,0.14014092957847968,1.0957639031774022,0.20579391044868528,2.081010345289303,0.21052099601364926,0.25576365689409375,0.07853187488478061,0.10087205149038261,1.4695945263265546
9880,1.266763630930388,0.8435317422727273,0.8098480806783301,0.11957491274313847,0.5204301703743609,2.17211929629009,0.06689939871807912,0.14599589624141995,0.31419869346176865
9881,1.657443409244325,1.1939243157558028,0.543504326969756,1.0339808430557162,0.5860020064710507,1.7143217172784675,0.26421693338219576,0.08130773185074931,0.7147625665228636
9882,0.8423480800815937,0.2982605484752785,0.13085196496060977,1.355973255034896,0.4920056235663195,1.57199715048836,0.07849978545264673,0.03633761492652447,1.3579959158812427
9883,0.6822251991479789,0.9395919069805452,0.19935238557200555,0.39223619292090783,0.12702560414196162,0.9622500465335267,0.24668012629835379,0.1295572447155134,0.4882869503938931
9884,0.3394470446723879,0.6093016493019991,0.20899425858214712,1.9561058285759871,0.41007454382573605,2.0770961232787206,0.03321409829295316,0.11958023213002397,0.32931735371289383
9885,0.4248502691266809,0.16730255101841815,0.4759173984427129,0.531224225382895,0.6443331241673464,2.67947587229102,0.07251807596760979,0.097838099477807,2.2561428652645015
9886,1.4516417323168145,0.5519026755074853,0.2709058659179109,2.252918186548716,0.5935364572357705,0.9339323310136799,0.04130063377363413,0.10631131268563261,2.1244621481361023
9887,1.239261361877729,0.6404966715613951,0.4444142628998398,1.8797943099109995,0.8394933715030941,4.0506445996827525,0.07963193655563254,0.12809586755231006,1.2622229624714916
9888,1.4500348849385105,0.13453720018554016,0.6652606264907093,3.001096929726762,0.49963933945902306,1.5561077506456553,0.13495122546082175,0.06834138275875248,0.7185788949004541
9889,0.12904321001027727,0.4625709932741527,0.4474565614583395,1.0348021849472415,0.5775283185408903,2.1270470959246977,0.27481769162617775,0.12758081310040545,1.3481666933832517
9890,1.2216988890029297,0.002565820588392609,0.6702669173959266,0.6615748802699426,0.49014629101667107,4.5887709660402765,0.2154983470823328,0.061313798308695384,0.7758160334652501
9891,0.1812360844321717,0.40193550948760937,0.4884155961534767,2.2174538597009534,0.41008427235746514,2.0028266217840374,0.10819902934544266,0.0562480916352046,1.4758435849049536
9892,0.8501068376377112,0.20890658735404083,0.3085551550363234,1.0125897082080095,0.5992941561349496,1.616338704131557,0.14424139897677138,0.025860813517348036,1.1449963775234568
9893,0.6789001643116614,0.18926125235542096,0.6908025977704106,1.1762012308223313,0.7391733412175796,3.080501673331719,0.16689657705157268,0.11794795872277772,0.7644971885068559
9894,0.47398594331037314,0.4718409470224082,0.12744227059462726,0.5344001190089656,0.5221395740697069,1.5776655136293984,0.09827545086793582,0.11966407417198041,0.051719748061940685
9895,0.6338854698203805,0.12798741515342393,0.3685325686798323,1.197979720408402,0.9197717631817759,2.114985920994408,0.13501006384515588,0.12867973389106588,0.33601804948752045
9896,0.7085857639403363,0.528544853971574,0.6936197612287107,1.081502632644418,0.29877919717835666,2.9898808519980618,0.25025552009901286,0.10041863807443453,0.48320671169179563
9897,1.3775533591674591,0.3830896197706014,0.28076941356563456,0.6268755701865867,0.7829961037341411,2.1150373832657507,0.14800027994796705,0.16375089849723762,0.2710047692418355
9898,1.3395226578648034,0.4265052380387676,0.5737197818113922,1.1395899362724535,0.5933593511993354,2.7763932825150723,0.2620932816120875,0.04796977098883004,1.096763873775509
9899,0.5877616086185204,0.11122202433792039,0.1325702206957559,1.1590774481962354,0.6363521540799992,1.2277194257919783,0.15450430841951412,0.05555909505645917,0.973710197934897
9900,0.4750776417803053,0.8350106437737744,0.8730028531487704,1.0160356703785245,1.016276960077608,1.6221958924769198,0.10155095838920891,0.0866225085372464,0.49054534915477754
9901,0.3805299529754844,0.662094544309147,0.47216914068966415,1.1989344418834944,0.5570293780989756,1.0284297124147015,0.11039313699728126,0.09931985377867572,1.5706802717599841
9902,0.0418967051707603,0.3931185189480095,0.6229166831357587,0.5088896434024655,0.5590556603024295,3.5659465433541957,0.14341279792666523,0.05992220096586937,1.0015014956437711
9903,0.7218132564161575,0.34686013723653397,0.49505645153605116,1.6999742450504807,0.5757154771212836,2.1903233459885962,0.11445312760323312,0.0704788922632039,1.7174843735045466
9904,1.5023663102317462,0.7177796555803652,0.3379879855995064,0.8226194672937083,0.5189189326361416,1.6930067758644674,0.06685635120359909,0.15623276648166728,0.4156480263246949
9905,0.6517954997017956,0.2609299300628874,0.7190838832664188,0.6746539984063846,0.3241694793951848,3.90925992668428,0.1891890202367253,0.10292891171787917,0.0457765166034958
9906,0.9163902240894228,0.4916838705439519,0.07671840842815597,0.17760874838291618,0.5949441884866086,1.2962734541359004,0.12427320775138112,0.13611954252798097,0.7827028298014865
9907,0.01569093838079849,0.4119807433018061,0.6508207316542267,0.514374821431739,0.13268127729488732,0.5787935250619038,0.1379239780214317,0.08009692844944621,1.7718828834931095
9908,0.537529835247891,1.119765029824731,0.4210746033901276,0.7493947096558441,0.8308565868242781,1.685805523309851,0.1852060549584898,0.0670215457154991,1.4691878591213492
9909,0.09265509432975882,0.0739977127193201,0.5136126131880077,1.3630464067306636,0.9371792493174286,2.0689362784777057,0.20969794268003106,0.12089415565851491,1.6029046319465579
9910,0.32591866276801906,0.20338268528873948,0.33192577191734274,1.3935196522952016,0.7054060023044257,0.9904718702179816,0.14336636306967712,0.1210562503518974,0.5023145472543851
9911,0.2821784747295028,1.2062150042106718,0.4242776112143152,1.268317104136617,0.3707649691899092,1.0205713772441851,0.14909082436726917,0.09316874800490442,1.203629345164436
9912,1.7252373889926105,1.2928778663043394,0.3998082459272952,0.6060886183501475,0.7963803693827185,0.8069877841804716,0.12366769806410546,0.07143746051716905,1.5005906302889198
9913,0.8312966020023209,0.38866446877943356,0.15331769876034732,1.3860100388519205,0.6527019806303879,3.833519034402495,0.02865222898619804,0.023335704712512853,0.4696768259012263
9914,0.18378472766809656,0.23160350244021796,0.2650204896912335,2.7633556805831208,0.3606223100685972,0.7459916721080877,0.14434419485449537,0.10877572223250224,0.8086382969491042
9915,0.6524943644983241,0.7395481248659928,0.10106957962551488,0.29144363819890373,0.9975030165728727,1.9404850986090154,0.06307721295133989,0.07313413586752184,1.0456069748445191
9916,0.5773138459116489,0.8601046121323372,1.0071136926410742,0.6814245535324657,0.43881134639990377,1.8210610449799909,0.11295697880613755,0.0714193127321043,0.49305584738438585
9917,0.051561704660939345,0.29119769765444176,0.6589370372012957,0.38315176331346223,0.361977234579854,3.6698913672609557,0.2674950393360198,0.10400366419753818,1.5629414812329814
9918,0.04144239463364646,0.5404260240006291,0.3435175597235336,0.3348061810753108,0.1832551488112678,0.9350522876672025,0.25051046390687665,0.09976764145379123,0.41798874396890584
9919,0.4435158494252464,1.5479075624839733,0.3097575191036573,1.0737304617280843,0.5951810080632953,1.1763892335167798,0.0586611153343677,0.05443273398581445,0.5600865714531642
9920,0.3686648796953179,0.07860283985784283,0.5372171913212014,1.781922995771384,0.24007836681579608,0.5850145070026267,0.14558409826449456,0.12263961472003218,2.206304633115524
9921,0.4893463209350092,0.209272235762511,0.17073970900853214,1.8154536671911448,0.4231557333884992,1.2800334258602124,0.10457483508960452,0.06114971155558086,0.8335708579031086
9922,0.3467303203409354,0.6366967463215314,0.7946399813852463,2.235068343969534,0.287455852193262,1.669564369729287,0.040329143968304254,0.0646832224178196,1.6252570244767506
9923,0.8572540974753784,0.4603781757419743,0.563182399990994,0.21592436203180587,0.445014671759125,2.521986302268053,0.06111157923793911,0.06387147105417129,0.5301324676295068
9924,1.015745863880664,0.8885026752237675,0.8360567891623816,0.048941541479733064,0.5233636188505095,1.063876724888771,0.0118303553715403,0.07651576137049212,0.6442202198388101
9925,0.1778355059194666,0.09807793934965386,0.069693182085935,1.0490525437228437,0.5021126031011192,2.6013833964482567,0.05899464195820407,0.09002061050723273,0.734060015409887
9926,1.1772427554291383,0.34849000230560456,0.34661164683694906,1.033064929433735,1.0167252289107591,2.0712826278222263,0.0011810048281373775,0.13088224018219505,0.25070319243695993
9927,0.37649954415286113,0.02616736636825312,0.6017571694529987,1.0724420977870002,0.5960318785328735,2.486722732776345,0.2116904847678147,0.09806613825904825,0.9630571344672644
9928,0.1575036097676759,0.449925332399333,0.5213346191008636,1.5127171483783624,0.7608037436222687,2.153237834355825,0.2505369476020319,0.10088612236870952,0.3243209016637726
9929,0.5157136971050351,0.6018348001044355,0.13583301095057806,0.702215734615744,0.6575737235976105,2.7838837650501196,0.04981216547496233,0.12797459153368435,0.4391251381140105
9930,0.36700246324345226,1.0441657480119961,0.4464854809916785,1.9130626333423042,0.7483544964900775,1.0205297821071593,0.1180658409197209,0.15733451638176132,0.10095014075069253
9931,0.426731573784963,0.5912207519694048,0.16663136769045203,2.237908956149847,0.4192966456876511,1.6530213293448597,0.21356298612240998,0.11895201265542092,0.7917295257392782
9932,0.6315596937030004,0.895993599028055,0.6074853407797667,0.11676369506157636,0.6177392901827182,0.1360424677609564,0.03373235305437103,0.16536184042691168,0.16300120292645004
9933,0.06361031184856278,0.4064469648634155,0.45230971724330904,2.2184997641964315,0.47244999146696603,3.289365598447375,0.18511505677662005,0.09730899551812397,1.3133467377517107
9934,0.8447955173698898,0.4634671991902119,0.1854335108832485,1.0895292633379539,0.3943918040075485,0.17591289501306595,0.23099770769718359,0.13262956195088152,0.03378934959910185
9935,0.24069931271671402,0.13958053884535485,0.3032553369849245,0.9609371782629283,0.526458212362206,1.8133742556933574,0.028914272523668502,0.06945911907712901,1.8925759496520476
9936,0.25798074094146434,0.8008629429734874,0.2881494317689826,1.9419809978558151,0.5507275756507344,0.7741788103293799,0.06260332364079205,0.11068570162684817,0.26731677927068054
9937,0.7402868860504195,0.9962289754453177,0.29143107287897785,0.7851310372710225,0.741529610683418,2.2245928355192084,0.16957200830996946,0.033208249808489604,1.3324003085455123
9938,1.8144842194694428,0.6437967646180716,0.9372921927255717,1.4306177332710175,0.1172415493927445,0.9333045662973524,0.12016997669546006,0.047056715404016264,1.7194562463461254
9939,0.19536940121204024,0.47400664854324814,0.3596411792503973,0.3662272536383353,0.39152089651633454,1.3245053967050273,0.1062413323120618,0.07064562650517474,2.489102884803386
9940,0.7042062944842276,0.781661123493408,0.5092319067829434,0.9114426627715084,0.24766207700536236,1.207064378291221,0.16338781853925738,0.05258217607478292,1.2598960382001643
9941,1.2849890438952323,0.8886795774837812,0.7839994093746061,0.7769116544320049,0.05509335257874021,1.3956781119880475,0.2130000967883871,0.08088034978302037,0.21010143056588404
9942,0.32646978099020285,0.612441410627217,0.6897929036874744,1.079242153273757,0.48536296252696653,0.41519392727587623,0.019894301906135586,0.08340094223804237,0.8436014251876203
9943,0.7718203462466733,0.6926337928896837,0.56840672177246,1.0062367730348187,0.7555048272306724,2.7110136899281914,0.0911375446481854,0.09925000180754079,0.26609981955030027
9944,0.7438211746804464,0.2670230867042802,0.4766901805455348,1.3654782476249316,0.8487134001082709,0.6228502849779927,0.18291525277344103,0.06329464098794388,1.34070046067203
9945,1.2118978944408063,0.2613860961978248,0.5476353773453516,0.7845069724654088,0.5996558272836552,1.6773588929656484,0.04122814073960483,0.0626278797842489,1.129305724126885
9946,0.4011606179600123,0.7279981971094671,0.8058224364305593,0.15452802277961974,0.33412195339438006,1.833811068643559,0.17732519725829216,0.06919684660385422,0.636680209667129
9947,1.2271875791988838,0.8074396945152615,0.5961279877810945,2.3081621224626416,0.4816596195732713,0.8814817110165465,0.11077182079570022,0.09870794805274957,1.1910474596922536
9948,0.5837094518711856,0.6609539974009603,0.40685341832700644,1.6053215781006238,0.722309325223805,2.307516373549347,0.05582135386597317,0.11703821874957104,1.0733702143047164
9949,0.8890500421439296,0.7860755527643517,0.15244266890592684,0.18440889995469456,0.44827209931280576,4.478489732138694,0.07051941143603029,0.08127078799193936,1.0855331162484578
9950,0.22303004933740225,0.7960803767248887,0.3411349528862238,0.9136904298877779,0.5146698299796878,2.873512004289248,0.23224337240028287,0.06876963317422075,0.8927125255720236
9951,0.03378333978366016,0.43819843876788095,0.2826768142179323,0.6017646880092726,0.8738988078224595,1.80345845059686,0.08128232997575668,0.026450049869437428,0.6889262607905843
9952,0.37071627085453557,0.33363444456700403,0.08028116496315751,1.3550645678743984,0.19001590544358693,0.14764093235855014,0.05763574013301927,0.06224042226085891,1.77664230353971
9953,1.2688743739767905,0.3228779876226763,0.2446799576917789,0.48097915242259526,0.5479680117646519,2.0279304770304005,0.014403562165063083,0.13424757358104725,0.23518703551765296
9954,0.794500944559092,0.3506797009950839,0.6896674673402352,2.1709450332900087,0.16331776164005596,1.3165526222522044,0.06772627534206041,0.11249295926254693,1.5058249172165605
9955,0.5755630108391359,0.17568072277801586,0.6365090356325778,1.1586979919384155,0.3911222935583048,1.6442621843292116,0.13545811557250692,0.11423178236220281,0.4215489882945984
9956,0.4280424999051445,0.6176956295850559,0.07536996934143603,1.3308264852426832,0.3829449614887908,2.8137561631036863,0.11716916136955914,0.07520973762009747,0.9801918795907354
9957,0.3449246792618206,0.32264644917044705,0.8824901242293781,1.4643623529337717,0.2485597020874563,2.1556816619749704,0.10375611615836872,0.07890841736837528,1.9870637077854678
9958,0.6605078377631659,0.052720230323691886,0.46458149914367397,1.9098570049432808,0.22719814948966566,2.1870347509998487,0.19268133787031272,0.059662287121817904,1.131135436228484
9959,0.1992739791010263,1.0362964344454735,0.46646290848959304,2.1679043644062443,0.488963175322165,0.9365497386597155,0.0777914514909136,0.10196231588742162,0.9011441550362256
9960,0.33014331236025474,0.04008882276364828,0.4131638037850829,1.3366362850502522,0.6268254228760909,2.962584598713417,0.1769930683598464,0.10272700102884454,0.6348084358803017
9961,0.7901304151520083,0.18058148329607843,0.3416467166170856,0.5655335765311031,0.08163850504271464,2.0852673226304193,0.12265149542656459,0.12204520491324014,1.7956927317404863
9962,0.8759859619890433,0.3669781011259995,0.5310407513250563,0.4185373125453664,0.4399671677765361,1.4445575019268344,0.06249200086429276,0.05069743380892103,0.5604095644753948
9963,0.5939967094656595,0.715357548938207,0.3405442695930864,1.7657981301425583,0.48321192232307864,2.829961536027037,0.24208455531696976,0.12295227906209098,1.2004013831485278
9964,0.2635193370309072,0.47259072690659243,0.027010671220488613,1.2114179106602145,0.8056277644230354,2.667451987560576,0.11093188079978397,0.1298071383274193,1.7111862387606407
9965,0.5342187097470262,0.710034120184931,0.16386387538071054,0.9092666125937866,0.4068757253526841,1.0377920179968638,0.08732409440262666,0.05586048530280506,2.082616629733935
9966,0.8486485815765186,0.6579490622243751,0.5659354857564808,1.5379567680361823,0.6707021084805377,3.387250876641259,0.16707909541147115,0.050512734797362686,1.847221934433649
9967,1.2005578400852885,0.3549543974228242,0.08363682176271153,0.7153530956152969,0.5504777579240858,0.5931984985397176,0.1720319189530397,0.1300868875391382,0.2312101299795829
9968,0.35322513701920055,0.1541801550556399,0.3702471985570627,0.22104790936911156,0.3231555905445096,3.623817429389532,0.14576413953978787,0.11299547007288108,1.1554534528503655
9969,0.4743213353105985,0.46908051134198286,0.4075680870024092,1.6229965727071014,0.694330549915086,2.1661917152755965,0.1030806780386942,0.09989364262596635,1.0129287284230652
9970,0.43110426903306,0.2962197004538524,0.2729138908855957,1.4059466719570637,0.06792133252983251,0.698381116273855,0.12420497281566265,0.10372362751763642,2.45495970674645
9971,0.28371312015047234,0.6517382253361157,0.2996451094922431,1.2383841576915509,0.6674716234581368,2.267209167881604,0.09390709208226908,0.06377921580074969,0.2073675822812484
9972,0.3818825990514741,0.9065515948619081,0.5630782970072439,0.4766204740990607,0.4657008119197868,3.2327845351994036,0.015793165392055414,0.05642692520868349,0.1792737034377062
9973,0.6962594413604738,0.32016010567028347,0.22991926915507316,0.9518916415674185,0.8550100463302044,3.949715470550059,0.15308743153522852,0.10669693096932464,1.2861550335296545
9974,0.4406591893161026,0.45903611575155756,0.45497370810891286,1.2504673586977808,0.3861112024641987,2.146160215494648,0.16503486610968526,0.12790294228390614,1.9892110386135784
9975,0.022145449584112686,0.9263332977535761,0.5862469794001208,0.11076027504572183,0.9832681260287177,0.9994987229455218,0.1717774392290699,0.12785772319919742,0.3812168525618292
9976,1.2836178798477016,0.9388763693565014,0.7313713689268636,1.2578993279477062,0.5446428735313883,2.355969302200531,0.10546394919566265,0.04475923707809119,1.6698351342425997
9977,0.48804394683914337,1.0117663074189542,0.0650651023973371,2.445488483398903,0.5740642316931147,0.960173067033794,0.013655697851158263,0.09853055438365284,1.6671145115743549
9978,0.7976835422272555,0.578707382806312,0.7199414342551473,0.8872756419275317,0.8523558973132026,3.416280099538734,0.1532592488377788,0.11224224096299264,0.187425649339229
9979,1.0699037742053996,0.0005493234468189057,0.6933108836413598,1.4605245041355406,0.2649412935359362,3.0570558393101646,0.09466329246099459,0.03904572824593278,0.4759450370332535
9980,0.879201452414119,0.6048564895738853,0.4155867628755399,2.04734425377154,0.48263086930066434,2.99495712599139,0.010527532418468974,0.06556937344265246,0.3840596778004678
9981,0.44315604739565995,0.5903563862463863,0.27945542341141527,1.9348669153740476,0.2305424210389262,1.2962095053875777,0.17388499830864856,0.07743738014568052,1.531759208281806
9982,1.102782411791129,0.5427276344185887,0.19143010165385893,1.226020603266097,0.5635830570956742,0.5830661919101146,0.020276155887938102,0.06033656299074736,1.255422339093444
9983,0.31772224351002315,0.6524237998111281,0.42741627518642883,1.0517769480395143,0.6382301852560072,2.0769212480589814,0.28228555528273785,0.07639979700985242,0.8265464147530949
9984,1.4778657507146116,0.7456096077846526,0.4269078395273153,0.5729643266212636,0.20949676630524633,0.8966441182164552,0.1489235151120203,0.17647211564236087,1.3982084621843665
9985,0.25874326655069274,0.41690995529470454,0.22663512234259467,1.1934479863767797,0.6566958756193706,2.0680190764841804,0.0323198072796351,0.10619513367235034,0.4879319714888475
9986,0.615752778500751,0.43114137791197765,0.5119493630441732,0.900618831165432,0.3422369912384415,1.8184740174639809,0.10675286099553755,0.12825064711475337,0.5107214638517991
9987,1.023662628837441,1.1321379493536878,0.2823603146118696,0.9354342915128252,0.547000256914712,0.7668152224281217,0.09961531153092286,0.08538771688399877,0.525129415182291
9988,0.8725322142225209,0.3852516645422836,0.1625015725468231,1.1225716490142588,0.41597146618170966,3.4635024431774872,0.13943771293767898,0.06872637511441768,1.578155893914865
9989,0.3896560934420346,0.6871830066996454,0.15987880806976543,1.6081386662003756,0.5975063101801537,1.7729776041998357,0.1224108230283704,0.12345318234135003,1.7366343333933032
9990,0.086765864010936,0.50310523145334,0.4697482611411168,0.12957588243064044,0.4279928218269985,2.052544376093739,0.023687786040606187,0.04883799481529416,2.9532280269856805
9991,1.0728897690510246,0.09239217323198129,0.26864237653276607,0.6723435524139411,0.8745732496292952,3.087191654699197,0.06632372571767346,0.09603789597698219,2.854547363366488
9992,0.9724707575904057,0.32671987546160847,0.31906670774318513,0.7372890186974057,0.8523283229294139,2.007079018120148,0.10660992367973195,0.12623837674928637,0.7981184915862868
9993,0.19268330634077774,0.014577474825482162,0.46166744072210164,0.5453670455448734,0.338313077666048,1.0218183626567066,0.20124994877706948,0.11416994676161842,1.501527901061103
9994,1.0515542200852677,0.15818415794123103,0.6795340532517049,0.9399917577465435,0.11746871696653732,2.83394881045213,0.19776546586508467,0.12484172717818201,0.5295276553812491
9995,0.5018971503508638,0.5478417305491713,0.27175086487005046,0.9291807068568998,0.7025424828183195,2.715725681231623,0.10764439958665696,0.10846020122677008,1.1993649182985695
9996,0.48003486941736373,0.6090136273056446,0.3983541677846378,1.5806362113642933,0.4251779169665466,2.0458008713998725,0.2619179611225153,0.12707840586542576,1.080372366389277
9997,0.09666485666311131,0.1349631689599241,0.6848236612936145,0.2585497352131847,0.5887038849616862,0.672283136607635,0.0552821757206187,0.10362764751078879,0.3578474647482933
9998,0.9212424380706006,1.068745812635263,0.17274528728318986,2.0908364957858185,0.3047982565266417,0.9129859633710828,0.060386084143315436,0.15232814268350206,1.1695502642850653
9999,1.0223480504326685,0.811494328659991,0.7336174595964604,0.48218356755019054,0.5816364190467211,1.9776740214742257,0.02405254699655905,0.06894821130272581,0.5688567834271818
